1.00
USERID - 01/01/2000 01:00:00 AM - F - HS - EN - N/A
4/7/2019 16:58:23:508
4/7/2019 16:58:30:616
108.593399276733 65.2934981918335 68 1554674303508
108.593399276733 65.2934981918335 76 1554674303516
108.593399276733 65.2934981918335 76 1554674303525
108.593399276733 65.3171987342835 76 1554674303533
108.593399276733 65.3171987342835 80 1554674303541
108.593399276733 65.3171987342835 80 1554674303550
108.593399276733 65.3171987342835 80 1554674303558
108.593399276733 65.3171987342835 84 1554674303567
108.593399276733 65.3171987342835 92 1554674303575
108.593399276733 65.3171987342835 100 1554674303583
108.593399276733 65.3171987342835 128 1554674303591
108.593399276733 65.3171987342835 132 1554674303600
108.593399276733 65.3171987342835 144 1554674303608
108.593399276733 65.3171987342835 152 1554674303616
108.593399276733 65.2934981918335 156 1554674303625
108.593399276733 65.3171987342835 164 1554674303633
108.5697032547 65.3171987342835 168 1554674303641
108.5697032547 65.3171987342835 168 1554674303650
108.5697032547 65.3171987342835 176 1554674303658
108.5697032547 65.3171987342835 188 1554674303666
108.593399276733 65.3171987342835 192 1554674303675
108.593399276733 65.3171987342835 196 1554674303683
108.593399276733 65.3171987342835 200 1554674303691
108.593399276733 65.3408992767334 200 1554674303700
108.593399276733 65.3408992767334 204 1554674303708
108.6171043396 65.3645998191834 204 1554674303716
108.6171043396 65.3645998191834 204 1554674303725
108.6171043396 65.3883003616333 208 1554674303733
108.640800361633 65.4120009040833 208 1554674303741
108.664496383667 65.4357014465332 208 1554674303750
108.664496383667 65.4357014465332 212 1554674303758
108.664496383667 65.4594019889832 212 1554674303766
108.688201446533 65.4830980110169 212 1554674303775
108.688201446533 65.5067985534668 216 1554674303783
108.711897468567 65.5304990959168 220 1554674303791
108.711897468567 65.5541996383667 220 1554674303800
108.711897468567 65.6016007232666 224 1554674303808
108.711897468567 65.6253012657166 224 1554674303816
108.735602531433 65.6490018081665 224 1554674303825
108.735602531433 65.7200989151001 228 1554674303833
108.759298553467 65.8859981918335 236 1554674303841
108.783003616333 65.9333992767334 240 1554674303850
108.783003616333 65.9808003616333 240 1554674303858
108.8303956604 66.0755980110169 244 1554674303866
108.854100723267 66.2888983726502 260 1554674303875
108.8777967453 66.4074010848999 264 1554674303883
108.901501808167 66.6207014465332 280 1554674303891
108.901501808167 66.7866007232666 296 1554674303900
108.901501808167 66.97620054245 304 1554674303908
108.9251978302 67.1658003616333 320 1554674303916
108.948902893066 67.2842985534668 320 1554674303925
108.9725989151 67.3554001808167 320 1554674303933
108.9725989151 67.4738983726502 324 1554674303941
108.9725989151 67.7820009040833 324 1554674303950
108.9725989151 67.9716007232666 328 1554674303958
108.9725989151 68.1137994575501 332 1554674303966
108.9725989151 68.2559981918335 332 1554674303975
108.9725989151 68.3745009040832 332 1554674303983
108.9251978302 68.4692985534668 332 1554674303991
108.9251978302 68.5878012657166 332 1554674304000
108.9251978302 68.6351978302002 336 1554674304008
108.901501808167 68.7774010848999 336 1554674304017
108.8777967453 68.9670009040833 340 1554674304025
108.8303956604 69.3462005424499 348 1554674304033
108.783003616333 69.5120998191833 352 1554674304041
108.783003616333 69.5358003616333 352 1554674304050
108.806699638367 69.5595009040833 352 1554674304058
108.806699638367 69.6069019889832 356 1554674304066
108.806699638367 69.6542985534668 356 1554674304075
108.806699638367 69.7254001808166 356 1554674304083
108.8303956604 69.8675989151001 356 1554674304091
108.8303956604 69.915 356 1554674304100
108.854100723267 69.9624010848999 356 1554674304108
108.854100723267 69.9861016273499 356 1554674304116
108.854100723267 70.0098021697998 356 1554674304125
108.854100723267 70.0334981918335 356 1554674304133
108.854100723267 70.0334981918335 356 1554674304141
108.854100723267 70.0571987342834 356 1554674304150
108.854100723267 70.0808992767334 356 1554674304158
108.854100723267 70.1283003616333 356 1554674304166
108.8777967453 70.1520009040833 356 1554674304175
108.8777967453 70.2467985534668 360 1554674304183
108.854100723267 70.4600989151001 360 1554674304191
108.8303956604 70.7208003616333 360 1554674304200
108.8303956604 70.9341007232666 368 1554674304208
108.854100723267 71.0288983726501 368 1554674304216
108.8777967453 71.3133003616333 368 1554674304225
108.854100723267 71.6450989151001 372 1554674304233
108.806699638367 71.8346987342835 376 1554674304241
108.806699638367 72.0005980110168 376 1554674304250
108.8303956604 72.1191007232666 380 1554674304258
108.854100723267 72.1901978302002 380 1554674304266
108.854100723267 72.285 380 1554674304275
108.8777967453 72.5220009040833 380 1554674304283
108.901501808167 72.6641996383667 380 1554674304291
108.901501808167 72.7116007232666 384 1554674304300
108.8777967453 72.8775 384 1554674304308
108.854100723267 73.2092985534668 384 1554674304316
108.806699638367 73.4462994575501 384 1554674304325
108.806699638367 73.49370054245 384 1554674304333
108.806699638367 73.5884981918335 384 1554674304341
108.783003616333 73.8254990959168 384 1554674304350
108.759298553467 73.9440018081665 388 1554674304358
108.759298553467 73.9913983726502 388 1554674304366
108.783003616333 74.1099010848999 388 1554674304375
108.783003616333 74.5128012657166 388 1554674304383
108.783003616333 74.8445998191834 384 1554674304391
108.783003616333 74.9394019889832 388 1554674304400
108.806699638367 75.0579001808167 388 1554674304408
108.854100723267 75.2237994575501 388 1554674304416
108.901501808167 75.4133992767334 388 1554674304425
108.9251978302 75.4845009040833 388 1554674304433
108.9251978302 75.5792985534668 388 1554674304441
108.948902893066 75.9110971069336 388 1554674304450
108.948902893066 76.4799010848999 388 1554674304458
108.948902893066 76.788003616333 388 1554674304466
108.9725989151 76.9539028930664 388 1554674304475
108.9725989151 77.1672032546997 388 1554674304483
108.948902893066 77.4990018081665 388 1554674304491
108.854100723267 77.9256025314331 388 1554674304500
108.759298553467 78.3758992767334 392 1554674304508
108.711897468567 78.6366007232666 392 1554674304516
108.759298553467 78.8735971069336 392 1554674304525
108.759298553467 79.2053956604004 392 1554674304533
108.759298553467 79.5608992767334 392 1554674304541
108.783003616333 79.8926978302002 392 1554674304550
108.806699638367 80.1771043395996 392 1554674304558
108.806699638367 80.5325989151001 392 1554674304566
108.8303956604 80.935503616333 392 1554674304575
108.8303956604 81.1961960220337 392 1554674304583
108.8303956604 81.528003616333 392 1554674304591
108.8303956604 81.7175989151001 392 1554674304600
108.806699638367 81.9308992767334 392 1554674304608
108.806699638367 82.2390018081665 392 1554674304616
108.806699638367 82.594496383667 392 1554674304625
108.806699638367 82.8315018081665 392 1554674304633
108.806699638367 83.0922032546997 392 1554674304641
108.854100723267 83.305503616333 392 1554674304650
108.8777967453 83.6373021697998 392 1554674304658
108.9725989151 83.9691007232666 392 1554674304666
108.996303977966 84.2060971069336 392 1554674304675
109.043696022034 84.4193974685669 392 1554674304683
109.1148021698 84.5378956604004 392 1554674304691
109.138498191834 84.7511960220337 392 1554674304700
109.185899276733 85.1303956604004 396 1554674304708
109.233300361633 85.5096043395996 392 1554674304716
109.328102531433 85.6991996383667 392 1554674304725
109.399199638367 85.9361960220337 396 1554674304733
109.4702967453 86.3391007232666 396 1554674304741
109.541402893066 86.6708992767334 396 1554674304750
109.636196022034 87.0264028930664 396 1554674304758
110.039100723267 88.1876978302002 396 1554674304783
110.0153956604 88.4721043395996 396 1554674304791
110.0627967453 88.7565018081665 396 1554674304800
110.086501808167 89.1831025314331 396 1554674304808
110.086501808167 89.5385971069336 396 1554674304816
110.086501808167 89.8703956604004 396 1554674304825
110.086501808167 90.4628956604004 396 1554674304833
110.039100723267 90.8183992767334 396 1554674304841
110.0153956604 91.2686960220337 396 1554674304850
109.991699638367 91.8138039779663 396 1554674304858
110.0153956604 92.4063039779663 400 1554674304866
110.0153956604 92.9750989151001 400 1554674304875
109.968003616333 93.5201978302002 400 1554674304883
109.991699638367 94.1838039779663 400 1554674304891
109.968003616333 94.8236960220337 400 1554674304900
110.0153956604 95.3214028930664 400 1554674304908
110.039100723267 95.9375989151001 400 1554674304917
110.0627967453 96.5775 400 1554674304925
110.228696022034 97.6676978302002 400 1554674304941
110.276097106934 98.4260971069336 400 1554674304950
110.2524010849 99.0897032546997 400 1554674304958
110.2998021698 99.6822032546997 400 1554674304966
110.3472032547 100.464298553467 400 1554674304975
110.3472032547 101.199001808167 400 1554674304983
110.3946043396 101.981097106934 404 1554674304991
110.3472032547 102.668399276733 404 1554674305000
110.3472032547 103.379397468567 404 1554674305008
110.370899276733 104.066699638367 404 1554674305016
110.370899276733 104.7302967453 404 1554674305025
110.370899276733 105.346501808167 404 1554674305033
110.3472032547 106.033803977966 408 1554674305041
110.370899276733 106.65 408 1554674305050
110.465701446533 107.811303977966 408 1554674305066
110.441996383667 108.3800989151 412 1554674305075
110.465701446533 108.901501808167 412 1554674305083
110.513102531433 109.541402893066 412 1554674305091
110.513102531433 110.0627967453 412 1554674305100
110.513102531433 110.7500989151 416 1554674305108
110.465701446533 111.39 416 1554674305116
110.441996383667 112.053597106934 416 1554674305125
110.418300361633 112.575 420 1554674305133
110.3472032547 113.333399276733 420 1554674305141
110.2998021698 113.925899276733 420 1554674305150
110.2524010849 114.470998191834 420 1554674305158
110.181303977966 115.205701446533 420 1554674305166
110.181303977966 115.916699638367 420 1554674305175
110.1575989151 116.414397468567 420 1554674305183
110.1575989151 117.006897468567 420 1554674305191
110.181303977966 117.623102531433 420 1554674305200
110.228696022034 118.239298553467 420 1554674305208
110.181303977966 118.879199638367 420 1554674305216
110.086501808167 119.566501808167 420 1554674305225
110.086501808167 120.1826978302 424 1554674305233
110.086501808167 120.7751978302 424 1554674305241
110.1101978302 121.4150989151 424 1554674305250
110.0627967453 122.126097106934 424 1554674305258
110.0627967453 122.6475 424 1554674305266
110.0627967453 123.216303977966 424 1554674305275
110.0627967453 123.7376978302 424 1554674305283
110.039100723267 124.496097106934 424 1554674305291
110.039100723267 125.230800361633 424 1554674305300
110.0153956604 125.870701446533 424 1554674305308
110.039100723267 126.6527967453 424 1554674305316
109.873201446533 127.316402893066 424 1554674305325
109.849496383667 128.003696022034 424 1554674305333
109.873201446533 128.856897468567 424 1554674305341
109.8021043396 129.591600723267 424 1554674305350
109.8021043396 130.184100723267 424 1554674305358
109.825800361633 130.871402893066 424 1554674305366
109.7547032547 131.5824010849 424 1554674305375
109.7547032547 132.198597106934 428 1554674305383
109.873201446533 132.838498191834 424 1554674305391
109.968003616333 133.2650989151 424 1554674305400
109.991699638367 133.691699638367 424 1554674305408
110.086501808167 134.4026978302 428 1554674305416
110.039100723267 135.2322032547 428 1554674305425
110.039100723267 135.966897468567 428 1554674305433
110.039100723267 136.606798553467 428 1554674305441
110.1575989151 137.199298553467 428 1554674305450
110.205 138.5501978302 428 1554674305466
110.205 139.2849010849 428 1554674305475
110.2524010849 139.9722032547 428 1554674305483
110.323498191834 140.588399276733 428 1554674305491
110.3472032547 141.275701446533 428 1554674305500
110.3946043396 141.891897468567 428 1554674305508
110.465701446533 142.9821043396 428 1554674305525
110.513102531433 143.693102531433 428 1554674305533
110.560503616333 144.0249010849 428 1554674305541
110.726402893066 144.498902893066 428 1554674305550
110.773803977966 145.3047032547 428 1554674305558
110.773803977966 146.513399276733 428 1554674305575
110.7975 147.176996383667 428 1554674305583
110.821196022034 147.816897468567 428 1554674305591
110.868597106934 148.551600723267 428 1554674305600
110.9397032547 149.926196022034 428 1554674305617
110.963399276733 150.5898021698 428 1554674305625
110.9871043396 151.2297032547 428 1554674305633
111.010800361633 151.845899276733 428 1554674305641
111.058201446533 152.556906509399 428 1554674305650
111.081897468567 153.030899276733 428 1554674305658
111.153003616333 153.196798553467 428 1554674305666
111.2477967453 153.978902893066 428 1554674305675
111.2477967453 154.334406509399 424 1554674305683
111.2951978302 154.713597106934 428 1554674305691
111.366303977966 155.258705062866 428 1554674305700
111.413696022034 155.993399276733 428 1554674305708
111.366303977966 156.799208679199 428 1554674305716
111.3425989151 157.605 432 1554674305725
111.3425989151 158.2923021698 432 1554674305733
111.2951978302 158.9796043396 432 1554674305741
111.271501808167 159.690593490601 432 1554674305750
111.2477967453 160.3778956604 432 1554674305758
111.2003956604 160.994100723267 432 1554674305766
111.129298553467 161.6576978302 432 1554674305775
111.105602531433 162.345 432 1554674305783
111.105602531433 162.890107955933 436 1554674305791
111.081897468567 163.198201446533 436 1554674305800
111.105602531433 163.790701446533 432 1554674305808
111.058201446533 164.430593490601 432 1554674305816
110.9397032547 165.094208679199 432 1554674305825
110.915998191833 165.283794937134 432 1554674305833
110.915998191833 166.042194213867 432 1554674305841
110.7975 166.753201446533 440 1554674305850
110.726402893066 167.558992767334 440 1554674305858
110.6078956604 168.293705062866 440 1554674305866
110.513102531433 168.981007232666 440 1554674305875
110.3472032547 169.763093490601 440 1554674305883
110.276097106934 170.474100723267 440 1554674305891
110.228696022034 171.185107955933 440 1554674305900
110.1575989151 171.872392044067 440 1554674305908
110.133902893066 172.559694213867 440 1554674305916
110.086501808167 173.128507232666 440 1554674305925
110.086501808167 174.5978956604 440 1554674305941
110.0627967453 174.906007232666 436 1554674305950
110.086501808167 175.119298553467 440 1554674305958
110.1575989151 175.853992767334 440 1554674305967
110.181303977966 176.6598021698 440 1554674305975
110.181303977966 176.896798553467 436 1554674305983
110.228696022034 177.489298553467 440 1554674305991
110.2524010849 178.579496383667 444 1554674306000
110.205 179.5275 444 1554674306008
110.1575989151 180.191097106934 444 1554674306016
110.1575989151 180.831007232666 444 1554674306025
110.181303977966 181.589406509399 444 1554674306033
110.228696022034 182.3003956604 444 1554674306041
110.276097106934 183.058794937134 448 1554674306050
110.228696022034 183.746097106934 448 1554674306058
110.181303977966 184.338597106934 444 1554674306066
110.1101978302 185.168093490601 444 1554674306075
110.133902893066 185.6421043396 440 1554674306083
110.181303977966 186.116097106934 444 1554674306091
110.228696022034 186.8271043396 444 1554674306100
110.228696022034 187.538093490601 448 1554674306108
110.205 188.249100723267 452 1554674306117
110.205 188.888992767334 452 1554674306125
110.1575989151 189.552607955933 452 1554674306133
110.181303977966 190.311007232666 456 1554674306141
110.1575989151 190.950899276733 456 1554674306150
110.181303977966 191.638201446533 452 1554674306158
110.181303977966 192.491402893066 456 1554674306166
110.133902893066 193.131294937134 456 1554674306175
110.1101978302 193.771205062866 456 1554674306183
110.133902893066 194.292607955933 456 1554674306191
110.133902893066 194.671798553467 448 1554674306200
110.1101978302 195.3353956604 456 1554674306208
110.0627967453 196.0226978302 456 1554674306216
110.0627967453 196.6151978302 460 1554674306225
110.039100723267 197.183992767334 460 1554674306233
110.0153956604 197.752805786133 460 1554674306241
110.039100723267 198.511205062866 464 1554674306250
110.0153956604 199.222194213867 460 1554674306258
109.968003616333 199.8621043396 460 1554674306266
109.944298553467 200.620503616333 464 1554674306275
110.039100723267 202.089892044067 460 1554674306291
110.0627967453 202.469100723267 464 1554674306300
110.0627967453 202.966798553467 468 1554674306308
110.039100723267 203.535593490601 464 1554674306316
110.086501808167 203.938507232666 464 1554674306325
110.1575989151 204.4125 468 1554674306333
110.181303977966 204.957607955933 468 1554674306341
110.133902893066 205.336798553467 468 1554674306350
110.133902893066 205.929298553467 464 1554674306358
110.133902893066 206.355899276733 464 1554674306366
110.181303977966 206.758794937134 468 1554674306375
110.181303977966 207.2801978302 468 1554674306383
110.181303977966 207.801600723267 468 1554674306391
110.181303977966 208.133399276733 468 1554674306400
110.228696022034 208.56 468 1554674306408
110.2998021698 208.891798553467 468 1554674306416
110.3946043396 209.223597106934 468 1554674306425
110.418300361633 209.508003616333 464 1554674306433
110.3946043396 209.531708679199 468 1554674306441
110.418300361633 209.5553956604 464 1554674306450
110.418300361633 209.5553956604 460 1554674306458
110.418300361633 209.5553956604 460 1554674306466
110.418300361633 209.5553956604 452 1554674306475
110.418300361633 209.531708679199 448 1554674306483
110.418300361633 209.531708679199 444 1554674306491
110.418300361633 209.531708679199 444 1554674306500
110.418300361633 209.508003616333 440 1554674306508
110.418300361633 209.508003616333 432 1554674306516
110.418300361633 209.508003616333 428 1554674306525
110.418300361633 209.484298553467 424 1554674306533
110.418300361633 209.484298553467 416 1554674306541
110.418300361633 209.460593490601 412 1554674306550
110.418300361633 209.460593490601 404 1554674306558
110.418300361633 209.460593490601 384 1554674306566
110.418300361633 209.460593490601 372 1554674306575
110.418300361633 209.460593490601 348 1554674306583
110.418300361633 209.460593490601 308 1554674306591
110.441996383667 209.460593490601 292 1554674306600
110.418300361633 209.436906509399 240 1554674306608
110.418300361633 209.3421043396 168 1554674306616
110.370899276733 209.081402893066 112 1554674306625
110.205 208.702194213867 0 1554674306633
110.205 208.702194213867 0 1554674306633
END STROKE
14.1488995027542 138.526501808167 128 1554674308241
14.1488995027542 138.5501978302 144 1554674308250
14.1726000452042 138.5501978302 148 1554674308258
14.19629945755 138.5501978302 156 1554674308266
14.19629945755 138.526501808167 168 1554674308275
14.19629945755 138.526501808167 168 1554674308283
14.3621998643875 138.5501978302 180 1554674308299
14.504399728775 138.526501808167 200 1554674308308
14.6465995931625 138.5027967453 208 1554674308316
14.83620054245 138.479100723267 212 1554674308325
15.0494997739792 138.408003616333 220 1554674308333
15.120600271225 138.431699638367 224 1554674308341
15.1680002260208 138.431699638367 228 1554674308349
15.2154001808167 138.431699638367 228 1554674308358
15.2628001356125 138.4553956604 228 1554674308366
15.3102000904083 138.479100723267 232 1554674308374
15.405 138.5027967453 232 1554674308383
15.6183003616333 138.5501978302 236 1554674308391
15.8789995479584 138.621303977966 244 1554674308399
16.1634004068375 138.7398021698 248 1554674308408
16.4478001356125 138.7872032547 264 1554674308416
16.7795998191834 138.810899276733 276 1554674308425
17.1351000452042 138.7398021698 280 1554674308433
17.3720998191834 138.6924010849 280 1554674308441
17.5142996835709 138.6924010849 280 1554674308450
17.7038995027542 138.716097106934 280 1554674308458
18.0357003164291 138.716097106934 284 1554674308466
18.5570998191834 138.5501978302 296 1554674308474
19.0785004520416 138.4553956604 296 1554674308483
19.5999010848999 138.360602531433 312 1554674308491
20.0502000904083 138.360602531433 312 1554674308499
20.5241996383667 138.384298553467 316 1554674308508
21.021899728775 138.384298553467 320 1554674308516
21.4958992767334 138.384298553467 324 1554674308524
22.0883992767334 138.384298553467 328 1554674308533
22.5860993671417 138.360602531433 332 1554674308541
23.13120054245 138.360602531433 332 1554674308549
23.7474010848999 138.360602531433 336 1554674308558
24.4347009944916 138.218399276733 336 1554674308566
25.169399728775 138.0999010849 336 1554674308574
25.9514995479584 137.934001808167 336 1554674308583
26.7335993671417 137.839199638367 340 1554674308591
27.4683003616333 137.720701446533 344 1554674308599
28.2029990959167 137.6496043396 348 1554674308608
29.0087994575501 137.6496043396 356 1554674308616
29.7197999095917 137.6496043396 356 1554674308624
30.4545009040833 137.696996383667 364 1554674308633
31.1654990959168 137.768102531433 364 1554674308641
31.9002000904083 137.768102531433 364 1554674308649
32.6349010848999 137.815503616333 356 1554674308658
33.3458992767334 137.8628956604 352 1554674308666
34.1754001808167 137.791798553467 356 1554674308674
34.673100271225 137.815503616333 332 1554674308683
35.1708003616333 137.9102967453 352 1554674308691
36.0950989151001 137.815503616333 368 1554674308699
36.8060993671417 137.791798553467 388 1554674308708
37.6829990959167 137.720701446533 380 1554674308716
38.5836016273499 137.673300361633 384 1554674308724
39.4130980110168 137.625899276733 384 1554674308733
40.4558992767334 137.6022032547 388 1554674308741
41.4512994575501 137.5548021698 392 1554674308749
42.5415018081665 137.5548021698 392 1554674308758
43.6316996383667 137.46 404 1554674308766
44.6270998191834 137.388902893066 408 1554674308774
45.6936016273499 137.388902893066 412 1554674308783
46.6416007232666 137.388902893066 404 1554674308791
47.42370054245 137.4125989151 408 1554674308799
48.2769019889832 137.436303977966 412 1554674308808
49.1775 137.4125989151 416 1554674308816
49.9358992767334 137.483696022034 416 1554674308824
50.6942985534668 137.531097106934 416 1554674308833
51.5475 137.625899276733 416 1554674308841
52.3770009040833 137.768102531433 416 1554674308850
53.2301978302002 137.768102531433 420 1554674308858
54.2966996383667 137.768102531433 420 1554674308866
55.2209981918335 137.744397468567 420 1554674308874
56.2163983726501 137.768102531433 420 1554674308883
57.2354990959168 137.696996383667 420 1554674308891
58.1361016273499 137.6496043396 420 1554674308899
59.2025989151001 137.6022032547 420 1554674308908
60.2691007232666 137.5548021698 420 1554674308916
61.3355980110168 137.436303977966 424 1554674308924
62.4495009040833 137.436303977966 424 1554674308933
63.5396987342834 137.4125989151 424 1554674308941
64.4876978302002 137.46 424 1554674308949
65.5779001808167 137.46 420 1554674308958
66.6207014465332 137.483696022034 424 1554674308966
67.6634981918335 137.46 424 1554674308974
68.6588983726501 137.436303977966 424 1554674308983
69.7728012657166 137.3651978302 424 1554674308991
70.9341007232666 137.294100723267 424 1554674308999
71.9058003616333 137.2703956604 424 1554674309008
72.8300989151001 137.3177967453 420 1554674309016
73.5884981918335 137.483696022034 412 1554674309024
74.5365018081665 137.483696022034 420 1554674309033
75.5082014465332 137.483696022034 424 1554674309041
76.4325 137.531097106934 424 1554674309049
77.4752967453003 137.5074010849 424 1554674309058
78.5181025314331 137.436303977966 424 1554674309066
79.5134981918335 137.388902893066 428 1554674309074
80.58 137.341501808167 436 1554674309083
81.6465018081665 137.3177967453 436 1554674309091
82.6656025314331 137.246699638367 432 1554674309099
83.5425 137.294100723267 436 1554674309108
84.490503616333 137.3651978302 436 1554674309116
85.2725989151001 137.388902893066 432 1554674309124
86.2442985534668 137.294100723267 436 1554674309133
87.2397032546997 137.175602531433 440 1554674309141
88.3299010848999 137.080800361633 436 1554674309149
89.3964028930664 136.985998191833 440 1554674309158
90.4866007232666 136.9149010849 444 1554674309166
91.5531025314331 136.796402893066 444 1554674309174
92.5722032546997 136.701600723267 444 1554674309183
93.6624010848999 136.654199638367 444 1554674309191
94.8710971069336 136.559397468567 444 1554674309199
95.9139028930664 136.4172032547 444 1554674309208
96.9566996383667 136.440899276733 444 1554674309216
98.0942985534668 136.298696022034 448 1554674309224
99.2318974685669 136.1801978302 452 1554674309233
100.464298553467 136.061699638367 448 1554674309241
101.578201446533 135.943201446533 452 1554674309249
102.763201446533 135.848399276733 456 1554674309258
103.805998191834 135.800998191834 452 1554674309266
105.0147032547 135.7299010849 456 1554674309274
106.1523021698 135.658803977966 456 1554674309283
107.313597106934 135.6350989151 456 1554674309291
109.4702967453 135.5402967453 456 1554674309308
110.584199638367 135.4928956604 456 1554674309316
111.698102531433 135.421798553467 460 1554674309324
112.811996383667 135.350701446533 460 1554674309333
113.9022032547 135.2322032547 456 1554674309341
115.0872032547 135.09 460 1554674309349
116.248498191834 134.9951978302 460 1554674309358
117.338696022034 134.924100723267 460 1554674309366
118.5 134.781897468567 460 1554674309374
119.6375989151 134.663399276733 460 1554674309383
120.8225989151 134.5923021698 460 1554674309391
121.936501808167 134.5449010849 460 1554674309399
123.0503956604 134.473803977966 464 1554674309408
124.069496383667 134.4026978302 464 1554674309416
125.1123021698 134.331600723267 460 1554674309424
126.178803977966 134.213102531433 460 1554674309433
127.126798553467 134.236798553467 460 1554674309441
128.098498191834 134.236798553467 460 1554674309449
128.809496383667 134.213102531433 460 1554674309458
130.113003616333 134.284199638367 460 1554674309474
130.918803977966 134.331600723267 460 1554674309483
131.795701446533 134.3078956604 460 1554674309491
132.506699638367 134.3078956604 460 1554674309500
133.2176978302 134.331600723267 460 1554674309508
133.7627967453 134.379001808167 460 1554674309516
134.379001808167 134.4026978302 460 1554674309524
135.1848021698 134.379001808167 460 1554674309533
135.919496383667 134.331600723267 460 1554674309541
136.7252967453 134.331600723267 464 1554674309549
137.436303977966 134.331600723267 464 1554674309558
138.2421043396 134.3078956604 464 1554674309567
139.000503616333 134.236798553467 464 1554674309574
140.4225 134.236798553467 464 1554674309591
140.9675989151 134.236798553467 456 1554674309599
141.5600989151 134.3078956604 460 1554674309608
142.176303977966 134.331600723267 464 1554674309616
142.6502967453 134.331600723267 464 1554674309624
143.2901978302 134.331600723267 468 1554674309633
143.8826978302 134.3552967453 472 1554674309641
144.5225989151 134.331600723267 468 1554674309649
145.3047032547 134.3078956604 468 1554674309658
146.063102531433 134.3078956604 472 1554674309666
146.963696022034 134.213102531433 472 1554674309674
147.7221043396 134.213102531433 472 1554674309683
148.646402893066 134.0946043396 472 1554674309691
149.641798553467 133.9998021698 472 1554674309699
150.5898021698 134.023498191834 472 1554674309708
151.514100723267 133.9524010849 472 1554674309716
152.391007232666 133.905 476 1554674309724
153.410107955933 133.928696022034 476 1554674309733
154.4528956604 133.881303977966 476 1554674309741
155.495701446533 133.786501808167 476 1554674309749
156.277805786133 133.8101978302 476 1554674309758
157.249496383667 133.8575989151 476 1554674309766
158.2923021698 133.786501808167 476 1554674309774
159.2876978302 133.7153956604 476 1554674309783
160.140899276733 133.644298553467 476 1554674309791
161.088902893066 133.620602531433 476 1554674309799
162.084298553467 133.525800361633 476 1554674309808
164.003992767334 133.525800361633 480 1554674309824
166.184406509399 133.4073021698 476 1554674309841
167.345701446533 133.336196022034 476 1554674309849
168.293705062866 133.383597106934 484 1554674309858
169.455 133.4547032547 484 1554674309866
170.616294937134 133.3599010849 476 1554674309874
171.706492767334 133.241402893066 472 1554674309883
173.744694213867 133.051798553467 476 1554674309900
175.664406509399 132.980701446533 476 1554674309916
176.446492767334 132.980701446533 476 1554674309924
177.204892044067 132.956996383667 476 1554674309933
178.1528956604 132.933300361633 480 1554674309941
179.100899276733 132.8622032547 484 1554674309949
180.096294937134 132.7674010849 476 1554674309958
181.091708679199 132.6725989151 480 1554674309966
181.968597106934 132.6251978302 480 1554674309974
182.940305786133 132.5777967453 480 1554674309983
184.7651978302 132.411897468567 480 1554674310000
185.713201446533 132.340800361633 480 1554674310008
186.613794937134 132.3171043396 480 1554674310016
187.466996383667 132.2697032547 480 1554674310024
188.296492767334 132.293399276733 480 1554674310033
189.126007232666 132.340800361633 480 1554674310041
189.813291320801 132.340800361633 480 1554674310049
191.638201446533 132.3171043396 480 1554674310074
192.278093490601 132.340800361633 480 1554674310083
192.538794937134 132.293399276733 480 1554674310091
192.918003616333 132.340800361633 480 1554674310099
193.297194213867 132.388201446533 480 1554674310108
193.723794937134 132.435602531433 480 1554674310116
194.126708679199 132.506699638367 484 1554674310124
194.458507232666 132.5777967453 484 1554674310133
194.8376978302 132.648902893066 484 1554674310141
195.098399276733 132.743696022034 484 1554674310149
195.738291320801 132.838498191834 484 1554674310174
196.093794937134 132.885899276733 484 1554674310183
196.757392044067 132.8622032547 480 1554674310216
197.018093490601 132.838498191834 480 1554674310224
197.160305786133 132.8148021698 484 1554674310233
197.4921043396 132.8148021698 484 1554674310250
197.563201446533 132.838498191834 484 1554674310258
197.586906509399 132.838498191834 484 1554674310266
197.610593490601 132.8622032547 484 1554674310274
197.634298553467 132.8622032547 480 1554674310283
197.634298553467 132.885899276733 480 1554674310291
197.634298553467 132.885899276733 480 1554674310300
197.634298553467 132.885899276733 480 1554674310308
197.658003616333 132.885899276733 480 1554674310317
197.634298553467 132.885899276733 480 1554674310324
197.634298553467 132.885899276733 480 1554674310333
197.634298553467 132.885899276733 480 1554674310341
197.634298553467 132.885899276733 480 1554674310349
197.634298553467 132.885899276733 480 1554674310358
197.634298553467 132.8622032547 480 1554674310366
197.634298553467 132.8622032547 480 1554674310374
197.634298553467 132.8622032547 480 1554674310383
197.634298553467 132.8622032547 480 1554674310391
197.634298553467 132.8622032547 480 1554674310399
197.634298553467 132.8622032547 480 1554674310408
197.634298553467 132.8622032547 480 1554674310416
197.634298553467 132.8622032547 480 1554674310424
197.634298553467 132.8622032547 480 1554674310433
197.634298553467 132.8622032547 480 1554674310441
197.634298553467 132.8622032547 472 1554674310449
197.634298553467 132.8622032547 460 1554674310458
197.634298553467 132.8622032547 456 1554674310466
197.634298553467 132.885899276733 444 1554674310474
197.634298553467 132.885899276733 428 1554674310483
197.634298553467 132.885899276733 424 1554674310491
197.634298553467 132.885899276733 404 1554674310499
197.634298553467 132.885899276733 392 1554674310508
197.634298553467 132.885899276733 384 1554674310516
197.634298553467 132.885899276733 368 1554674310524
197.634298553467 132.885899276733 360 1554674310533
197.634298553467 132.885899276733 344 1554674310541
197.634298553467 132.885899276733 332 1554674310549
197.634298553467 132.885899276733 324 1554674310558
197.634298553467 132.885899276733 312 1554674310566
197.634298553467 132.9096043396 296 1554674310574
197.634298553467 132.9096043396 284 1554674310583
197.634298553467 132.9096043396 256 1554674310591
197.634298553467 132.9096043396 216 1554674310599
197.634298553467 132.885899276733 180 1554674310608
197.658003616333 132.885899276733 88 1554674310616
197.658003616333 132.885899276733 88 1554674310616
END STROKE
===NOTES===
Great Job
