1.00
USERID - 01/01/2000 01:00:00 AM - F - HS - EN - N/A
4/7/2019 3:19:48:860
4/7/2019 3:20:12:52
55.5765018081665 64.3929001808167 108 1554625188860
55.5765018081665 64.3929001808167 148 1554625188869
55.5765018081665 64.3929001808167 188 1554625188877
55.5765018081665 64.4166007232666 196 1554625188885
55.6001978302002 64.4166007232666 208 1554625188894
55.6001978302002 64.4403012657166 224 1554625188902
55.6001978302002 64.4403012657166 228 1554625188910
55.6001978302002 64.4640018081665 244 1554625188919
55.6238983726501 64.5113983726501 252 1554625188927
55.6238983726501 64.60620054245 252 1554625188935
55.6475989151001 64.7958003616333 260 1554625188944
55.695 65.0091007232666 264 1554625188952
55.7661016273499 65.2698021697998 272 1554625188960
55.8371987342834 65.6963983726502 284 1554625188969
55.8608992767334 66.0755980110169 292 1554625188977
55.8371987342834 66.4784981918335 296 1554625188985
55.8371987342834 66.9050989151001 304 1554625188994
55.8845998191834 67.4501978302002 316 1554625189002
55.8608992767334 68.1137994575501 320 1554625189010
55.8608992767334 68.8011016273499 344 1554625189019
55.8608992767334 69.7965018081665 352 1554625189027
55.7424010848999 70.8392985534668 356 1554625189035
55.695 71.9058003616333 368 1554625189044
55.6001978302002 72.90120054245 396 1554625189052
55.5765018081665 73.8254990959168 400 1554625189060
55.6001978302002 74.6075989151001 404 1554625189069
55.6001978302002 75.27120054245 408 1554625189077
55.67129945755 75.6978012657165 412 1554625189085
55.695 76.076996383667 412 1554625189094
55.695 76.2666007232666 416 1554625189102
55.7424010848999 76.3614028930664 420 1554625189110
55.7661016273499 76.3850989151001 424 1554625189119
55.7661016273499 76.3850989151001 424 1554625189127
55.7424010848999 76.3614028930664 424 1554625189135
55.71870054245 76.3140018081665 420 1554625189144
55.67129945755 76.2428956604004 384 1554625189152
55.6001978302002 76.1007014465332 352 1554625189160
55.5291007232666 76.0058992767334 284 1554625189169
55.5054001808167 75.7688983726502 256 1554625189177
55.4816996383667 75.4370998191834 184 1554625189185
55.4816996383667 75.1526978302002 24 1554625189194
55.4816996383667 75.1526978302002 24 1554625189194
END STROKE
55.7424010848999 75.1053012657166 76 1554625190285
55.7661016273499 75.1763983726502 84 1554625190294
55.7661016273499 75.2237994575501 96 1554625190302
55.7898021697998 75.3186016273499 104 1554625190310
55.8134981918335 75.4370998191834 124 1554625190319
55.8134981918335 75.5792985534668 144 1554625190327
55.7898021697998 75.7215018081665 164 1554625190335
55.7661016273499 75.8162994575501 184 1554625190344
55.7661016273499 75.9822032546997 196 1554625190352
55.7898021697998 76.1717985534668 208 1554625190360
55.7898021697998 76.2666007232666 220 1554625190369
55.7898021697998 76.3376978302002 228 1554625190377
55.8371987342834 76.4325 232 1554625190385
55.8371987342834 76.4561960220337 240 1554625190394
55.8371987342834 76.5035971069336 244 1554625190402
55.7898021697998 76.5983992767334 244 1554625190410
55.8134981918335 76.7406025314331 248 1554625190419
55.8134981918335 76.8591007232666 256 1554625190427
55.7898021697998 77.1672032546997 260 1554625190435
55.7661016273499 77.4516007232666 280 1554625190444
55.7424010848999 77.7123021697998 292 1554625190452
55.695 77.973003616333 296 1554625190460
55.6475989151001 78.2810971069336 308 1554625190469
55.6238983726501 78.4943974685669 324 1554625190477
55.6001978302002 78.6128956604004 332 1554625190485
55.6001978302002 78.6840018081665 340 1554625190494
55.6238983726501 78.7550989151001 348 1554625190502
55.6001978302002 78.8261960220337 352 1554625190510
55.6001978302002 79.0158003616333 356 1554625190519
55.5765018081665 79.158003616333 360 1554625190527
55.5528012657166 79.395 364 1554625190535
55.5528012657166 79.4424010848999 376 1554625190544
55.5528012657166 79.4898021697998 380 1554625190552
55.5054001808167 79.6083003616333 380 1554625190560
55.5291007232666 79.8216007232666 388 1554625190569
55.5054001808167 79.9638039779663 408 1554625190577
55.5054001808167 80.0585971069336 412 1554625190586
55.4816996383667 80.2718974685669 420 1554625190594
55.4342985534668 80.4851978302002 428 1554625190602
55.4105980110169 80.7458992767334 432 1554625190610
55.4105980110169 80.7933003616333 436 1554625190619
55.4342985534668 80.8881025314331 440 1554625190627
55.4579990959167 81.1961960220337 440 1554625190635
55.4342985534668 81.528003616333 440 1554625190644
55.3869019889832 81.7886960220337 444 1554625190652
55.3632014465332 82.0731025314331 444 1554625190660
55.3869019889832 82.3338039779663 444 1554625190669
55.4105980110169 82.5471043395996 448 1554625190677
55.4105980110169 82.8315018081665 448 1554625190685
55.3869019889832 83.1158992767334 452 1554625190694
55.3395009040833 83.4002967453003 456 1554625190702
55.3158003616333 83.7083992767334 456 1554625190710
55.3158003616333 84.0165018081665 460 1554625190719
55.3158003616333 84.2298021697998 460 1554625190727
55.3158003616333 84.490503616333 460 1554625190735
55.3158003616333 84.8697032546997 460 1554625190744
55.2446987342835 85.1303956604004 460 1554625190752
55.2446987342835 85.4858992767334 460 1554625190760
55.2446987342835 85.8650989151001 460 1554625190769
55.2209981918335 86.268003616333 464 1554625190777
55.1973021697998 86.6472032546997 464 1554625190785
55.1499010848999 87.0026978302002 464 1554625190794
55.12620054245 87.5003956604004 468 1554625190802
55.1025 87.8796043395996 468 1554625190810
55.1499010848999 88.4247032546997 476 1554625190819
55.1499010848999 88.9934981918335 480 1554625190827
55.12620054245 89.3964028930664 480 1554625190835
55.1025 89.9651978302002 484 1554625190844
55.12620054245 90.5340018081665 484 1554625190852
55.12620054245 91.008003616333 488 1554625190860
55.1736016273499 91.4583003616333 492 1554625190869
55.2209981918335 91.8375 488 1554625190877
55.2446987342835 92.2877967453003 492 1554625190885
55.2920998191833 92.785503616333 496 1554625190894
55.3395009040833 93.3068974685669 496 1554625190902
55.3869019889832 93.8046043395996 496 1554625190910
55.4105980110169 94.3259981918335 500 1554625190919
55.4105980110169 94.7763039779663 500 1554625190927
55.4579990959167 95.3450989151001 504 1554625190935
55.4816996383667 95.8901978302002 504 1554625190944
55.5291007232666 96.2931025314331 508 1554625190952
55.5291007232666 96.6959981918335 516 1554625190960
55.5765018081665 97.0751978302002 516 1554625190969
55.6475989151001 98.2601978302002 516 1554625190985
55.695 98.7341996383667 516 1554625190994
55.7424010848999 99.2082014465332 516 1554625191002
55.71870054245 99.5874010848999 516 1554625191010
55.7898021697998 100.203597106934 520 1554625191019
55.7661016273499 100.725 520 1554625191027
55.7424010848999 102.715800361633 520 1554625191052
55.7424010848999 103.1898021698 524 1554625191060
55.7661016273499 103.8297032547 524 1554625191069
55.7898021697998 104.4696043396 524 1554625191077
55.8608992767334 106.128597106934 528 1554625191102
55.9083003616333 106.886996383667 528 1554625191110
55.8845998191834 107.4321043396 528 1554625191119
55.9320009040833 108.119397468567 528 1554625191127
55.9320009040833 108.854100723267 532 1554625191135
55.8845998191834 109.588803977966 532 1554625191144
55.8845998191834 110.370899276733 532 1554625191152
55.8134981918335 111.034496383667 532 1554625191160
55.8845998191834 111.769199638367 532 1554625191169
55.8371987342834 112.503902893066 532 1554625191177
55.7661016273499 113.3097032547 532 1554625191185
55.695 113.973300361633 532 1554625191194
55.67129945755 114.660602531433 532 1554625191202
55.6238983726501 115.371600723267 532 1554625191210
55.6001978302002 116.1774010849 532 1554625191219
55.5528012657166 116.8647032547 532 1554625191227
55.5291007232666 117.5046043396 532 1554625191235
55.5528012657166 118.215602531433 532 1554625191244
55.5291007232666 118.855503616333 532 1554625191252
55.5054001808167 119.5427967453 532 1554625191260
55.4816996383667 120.3249010849 536 1554625191269
55.3869019889832 121.083300361633 536 1554625191277
55.3395009040833 121.794298553467 532 1554625191286
55.3158003616333 122.481600723267 536 1554625191294
55.2920998191833 123.1925989151 536 1554625191302
55.2446987342835 123.8799010849 536 1554625191310
55.2209981918335 124.6146043396 536 1554625191319
55.1973021697998 125.325602531433 536 1554625191327
55.1736016273499 125.823300361633 536 1554625191335
55.12620054245 126.463201446533 536 1554625191344
55.12620054245 127.174199638367 536 1554625191352
55.1499010848999 127.908902893066 536 1554625191360
55.1025 128.5250989151 536 1554625191369
55.1025 129.188696022034 536 1554625191377
55.0787994575501 129.994496383667 536 1554625191385
55.0076978302002 130.8476978302 540 1554625191394
54.9366007232666 131.6772032547 536 1554625191402
54.8654990959168 132.340800361633 540 1554625191410
54.7944019889832 133.028102531433 540 1554625191419
54.8180980110169 133.7627967453 540 1554625191427
54.7707014465332 134.4500989151 540 1554625191435
54.7470009040833 134.971501808167 544 1554625191444
54.7470009040833 135.469199638367 544 1554625191452
54.7707014465332 135.8247032547 540 1554625191460
54.7944019889832 136.156501808167 544 1554625191469
54.7707014465332 136.440899276733 540 1554625191477
54.8180980110169 136.654199638367 536 1554625191485
54.8180980110169 136.8200989151 540 1554625191494
54.8180980110169 136.9623021698 540 1554625191502
54.8417985534668 137.128201446533 536 1554625191510
54.8654990959168 137.436303977966 540 1554625191519
54.8417985534668 137.673300361633 540 1554625191527
54.8180980110169 138.028803977966 540 1554625191535
54.8180980110169 138.5027967453 540 1554625191544
54.7470009040833 139.000503616333 540 1554625191552
54.7233003616333 139.474496383667 540 1554625191560
54.6995998191834 139.9248021698 540 1554625191569
54.6995998191834 140.3750989151 540 1554625191577
54.6995998191834 140.849100723267 540 1554625191585
54.6521987342835 141.228300361633 540 1554625191594
54.6758992767334 141.536402893066 540 1554625191602
54.6521987342835 141.820800361633 540 1554625191610
54.6048021697998 142.0103956604 540 1554625191619
54.6284981918335 142.176303977966 540 1554625191627
54.6521987342835 142.3422032547 540 1554625191635
54.6048021697998 142.674001808167 540 1554625191652
54.5811016273499 142.8399010849 540 1554625191660
54.5574010848999 142.9821043396 540 1554625191669
54.53370054245 143.171699638367 540 1554625191677
54.51 143.456097106934 540 1554625191685
54.51 143.621996383667 540 1554625191694
54.51 143.906402893066 540 1554625191702
54.4862994575501 144.190800361633 540 1554625191710
54.4625989151001 144.498902893066 540 1554625191719
54.4388983726502 144.735899276733 536 1554625191727
54.4151978302002 144.996600723267 536 1554625191736
54.3915018081665 145.3521043396 536 1554625191752
54.4151978302002 145.7075989151 536 1554625191760
54.4151978302002 146.039397468567 536 1554625191769
54.4151978302002 146.371196022034 536 1554625191777
54.4151978302002 146.7503956604 536 1554625191786
54.4625989151001 147.105899276733 536 1554625191794
54.4862994575501 147.4376978302 536 1554625191802
54.4625989151001 147.769496383667 536 1554625191810
54.4388983726502 148.101303977966 536 1554625191819
54.4862994575501 148.456798553467 536 1554625191827
54.4862994575501 148.7649010849 536 1554625191835
54.51 149.1203956604 536 1554625191844
54.51 149.618102531433 536 1554625191852
54.5574010848999 150.234298553467 536 1554625191860
54.5574010848999 150.6846043396 536 1554625191869
54.5574010848999 151.0875 536 1554625191877
54.5811016273499 151.514100723267 536 1554625191885
54.6284981918335 152.035503616333 536 1554625191894
54.6521987342835 152.604298553467 536 1554625191902
54.6521987342835 153.007194213867 536 1554625191910
54.6995998191834 153.4575 536 1554625191919
54.7233003616333 153.8603956604 536 1554625191927
54.7470009040833 154.168507232666 536 1554625191935
54.7707014465332 154.666205062866 536 1554625191944
54.7944019889832 155.1401978302 536 1554625191952
54.7944019889832 155.7326978302 536 1554625191960
54.8180980110169 156.348902893066 536 1554625191969
54.7944019889832 156.893992767334 536 1554625191977
54.7944019889832 157.439100723267 540 1554625191985
54.7944019889832 157.913093490601 536 1554625191994
54.7944019889832 158.3871043396 536 1554625192002
54.8417985534668 158.955899276733 540 1554625192010
54.7944019889832 159.5721043396 540 1554625192019
54.7707014465332 160.093507232666 536 1554625192027
54.8654990959168 160.851906509399 540 1554625192035
54.8891996383667 161.610305786133 540 1554625192044
54.9129001808167 162.345 540 1554625192052
54.9840018081665 163.079694213867 540 1554625192060
55.0076978302002 163.909208679199 540 1554625192069
55.0313983726502 164.833507232666 540 1554625192077
55.0550989151001 165.7103956604 540 1554625192085
55.0787994575501 166.5873021698 536 1554625192094
55.1025 167.369406509399 540 1554625192102
55.12620054245 168.151492767334 540 1554625192110
55.12620054245 168.933597106934 540 1554625192119
55.1025 169.6446043396 540 1554625192127
55.12620054245 170.355593490601 536 1554625192135
55.1736016273499 171.019208679199 540 1554625192144
55.2209981918335 171.7301978302 540 1554625192152
55.2446987342835 172.464892044067 540 1554625192160
55.2920998191833 173.246996383667 540 1554625192169
55.3632014465332 174.1001978302 540 1554625192177
55.3632014465332 175.048201446533 540 1554625192185
55.4105980110169 175.901402893066 540 1554625192194
55.4579990959167 176.707194213867 540 1554625192202
55.5054001808167 179.0298021698 544 1554625192227
55.5291007232666 179.740791320801 544 1554625192235
55.5528012657166 180.428093490601 544 1554625192244
55.4816996383667 180.925791320801 544 1554625192252
55.5765018081665 181.423507232666 544 1554625192260
55.67129945755 181.944892044067 544 1554625192269
55.695 182.703291320801 540 1554625192277
55.7424010848999 183.2721043396 544 1554625192286
55.8371987342834 184.717805786133 544 1554625192302
55.9083003616333 185.405107955933 544 1554625192310
56.0267985534668 186.116097106934 544 1554625192319
56.0979001808167 186.803399276733 544 1554625192327
56.0979001808167 187.466996383667 544 1554625192335
56.1453012657166 188.106906509399 544 1554625192344
56.1453012657166 188.675701446533 544 1554625192352
56.2163983726501 189.268201446533 544 1554625192360
56.2163983726501 189.765899276733 544 1554625192369
56.1690018081665 190.168794937134 544 1554625192377
56.1690018081665 190.524298553467 544 1554625192385
56.2163983726501 190.856097106934 544 1554625192394
56.2400989151001 191.140503616333 544 1554625192402
56.2163983726501 191.4723021698 544 1554625192410
56.2400989151001 191.946294937134 544 1554625192419
56.2163983726501 192.349208679199 544 1554625192427
56.2163983726501 192.704694213867 544 1554625192435
56.2163983726501 192.9653956604 544 1554625192444
56.2400989151001 193.320899276733 544 1554625192452
56.2637994575501 193.723794937134 544 1554625192460
56.3586016273499 194.126708679199 544 1554625192469
56.3823021697998 194.5296043396 544 1554625192477
56.3823021697998 194.908794937134 544 1554625192485
56.4059981918335 195.193201446533 544 1554625192494
56.4059981918335 195.6198021698 544 1554625192502
56.3823021697998 196.046402893066 544 1554625192510
56.4059981918335 196.5203956604 544 1554625192519
56.4296987342834 197.018093490601 544 1554625192527
56.4059981918335 197.444694213867 544 1554625192535
56.3586016273499 197.847607955933 544 1554625192544
56.3823021697998 198.131996383667 544 1554625192552
56.3823021697998 198.226798553467 544 1554625192560
56.4059981918335 198.321600723267 540 1554625192569
56.4059981918335 198.345305786133 536 1554625192577
56.4296987342834 198.368992767334 532 1554625192585
56.4059981918335 198.368992767334 532 1554625192594
56.4059981918335 198.3926978302 532 1554625192602
56.4296987342834 198.440107955933 524 1554625192610
56.4296987342834 198.4875 520 1554625192619
56.4059981918335 198.558597106934 516 1554625192627
56.4059981918335 198.6771043396 508 1554625192635
56.4059981918335 198.748201446533 500 1554625192644
56.3823021697998 198.795593490601 496 1554625192652
56.3586016273499 198.843003616333 472 1554625192660
56.3586016273499 198.866708679199 432 1554625192669
56.31120054245 198.937805786133 392 1554625192677
56.2400989151001 199.056294937134 264 1554625192686
56.1453012657166 199.127392044067 24 1554625192694
56.1453012657166 199.127392044067 24 1554625192694
END STROKE
90.1074010848999 63.5159981918335 116 1554625193660
90.0836960220337 63.5633992767334 140 1554625193669
90.1074010848999 63.7292985534668 172 1554625193677
90.1074010848999 63.9188983726501 192 1554625193685
90.1310971069336 64.0848021697998 204 1554625193694
90.1784981918335 64.3454990959168 224 1554625193702
90.2022032546997 64.60620054245 256 1554625193710
90.1784981918335 64.8669019889832 268 1554625193719
90.1784981918335 65.2698021697998 280 1554625193727
90.1784981918335 65.6253012657166 304 1554625193735
90.1784981918335 65.9570998191834 316 1554625193744
90.2022032546997 66.3125989151001 336 1554625193752
90.2022032546997 66.5970009040833 352 1554625193760
90.2496043395996 66.9525 360 1554625193769
90.296996383667 67.2605980110169 376 1554625193777
90.296996383667 67.7345998191834 384 1554625193785
90.296996383667 68.2323021697998 404 1554625193794
90.296996383667 68.73 420 1554625193802
90.296996383667 69.1803012657166 424 1554625193810
90.296996383667 69.7491007232666 428 1554625193819
90.2258992767334 70.3416007232666 432 1554625193827
90.2022032546997 71.0051978302002 436 1554625193835
90.1548021697998 71.6925 440 1554625193844
90.1074010848999 72.4271987342835 444 1554625193852
90.0363039779663 73.1619019889832 448 1554625193860
89.9651978302002 73.9676978302002 456 1554625193869
89.9177967453003 74.8208992767334 460 1554625193877
89.7992985534668 75.6741007232666 460 1554625193885
89.7756025314331 76.5035971069336 464 1554625193894
89.7756025314331 77.2857014465332 468 1554625193902
89.7282014465332 78.1389028930664 472 1554625193910
89.7282014465332 78.8499010848999 472 1554625193919
89.7282014465332 79.631996383667 476 1554625193927
89.704496383667 80.3903956604004 476 1554625193935
89.7282014465332 81.1488039779663 480 1554625193944
89.704496383667 82.0493974685669 484 1554625193952
89.6333992767334 82.9736960220337 484 1554625193960
89.5859981918335 83.9927967453003 488 1554625193969
89.5149010848999 84.9882014465332 496 1554625193977
89.4675 85.9599010848999 500 1554625193985
89.4438039779663 87.0264028930664 508 1554625193994
89.3726978302002 88.0928956604004 512 1554625194002
89.2541996383667 89.1593974685669 512 1554625194010
89.2067985534668 90.2733003616333 512 1554625194019
89.111996383667 91.3398021697998 512 1554625194027
89.0883003616333 92.4063039779663 512 1554625194035
89.0172032546997 93.4016996383667 516 1554625194044
89.0172032546997 94.5156025314331 516 1554625194052
88.9934981918335 95.5821043395996 516 1554625194060
88.9698021697998 96.7197032546997 520 1554625194069
88.8986960220337 97.8573021697998 520 1554625194077
88.875 98.9949010848999 520 1554625194085
88.8275989151001 100.156196022034 520 1554625194094
88.7327967453003 101.3175 520 1554625194102
88.7091007232666 102.5499010849 520 1554625194110
88.6853956604004 103.6875 524 1554625194119
88.6853956604004 104.8725 524 1554625194127
88.6853956604004 105.986402893066 524 1554625194135
88.638003616333 107.1002967453 524 1554625194144
88.6142985534668 108.2852967453 524 1554625194152
88.6142985534668 109.494001808167 524 1554625194160
88.6142985534668 110.7026978302 528 1554625194169
88.638003616333 111.958803977966 528 1554625194177
88.638003616333 113.191196022034 528 1554625194185
88.6853956604004 114.3999010849 528 1554625194194
88.7091007232666 115.419001808167 528 1554625194202
88.7565018081665 116.6750989151 528 1554625194210
88.7801978302002 117.931196022034 528 1554625194219
88.7801978302002 119.068803977966 528 1554625194227
88.8513039779663 120.3249010849 528 1554625194235
88.9224010848999 121.628399276733 532 1554625194244
88.9460971069336 122.884496383667 532 1554625194252
88.9934981918335 124.140602531433 532 1554625194260
89.0172032546997 125.4203956604 532 1554625194269
89.0883003616333 126.771303977966 532 1554625194277
89.1593974685669 127.956303977966 532 1554625194285
89.1831025314331 129.1175989151 532 1554625194294
89.230503616333 130.421097106934 532 1554625194302
89.2778956604004 131.795701446533 532 1554625194310
89.2778956604004 133.099199638367 532 1554625194319
89.3252967453003 134.4026978302 532 1554625194327
89.3252967453003 135.5876978302 532 1554625194335
89.3726978302002 136.9623021698 532 1554625194344
89.4200989151001 138.289496383667 532 1554625194352
89.3964028930664 139.6403956604 532 1554625194360
89.3964028930664 140.896501808167 532 1554625194369
89.3964028930664 142.128902893066 532 1554625194377
89.3964028930664 143.385 532 1554625194385
89.3726978302002 144.546303977966 532 1554625194394
89.3964028930664 145.920899276733 532 1554625194402
89.3726978302002 147.153300361633 532 1554625194410
89.3490018081665 148.290899276733 536 1554625194419
89.3016007232666 150.731996383667 532 1554625194435
89.2778956604004 151.8696043396 536 1554625194444
89.3490018081665 153.030899276733 536 1554625194452
89.4438039779663 154.310701446533 532 1554625194460
89.4911960220337 155.519406509399 532 1554625194469
89.4675 156.656996383667 536 1554625194477
89.4675 157.936798553467 532 1554625194485
89.4438039779663 159.1928956604 532 1554625194494
89.4200989151001 160.330503616333 536 1554625194502
89.3964028930664 161.539208679199 532 1554625194510
89.4200989151001 162.724208679199 532 1554625194519
89.4200989151001 163.9328956604 532 1554625194527
89.3964028930664 164.999406509399 532 1554625194535
89.3964028930664 166.0896043396 536 1554625194544
89.4438039779663 167.321996383667 536 1554625194552
89.3726978302002 168.435899276733 536 1554625194560
89.3490018081665 169.6446043396 536 1554625194569
89.3252967453003 170.782194213867 536 1554625194577
89.3016007232666 171.990899276733 536 1554625194585
89.2541996383667 173.175899276733 536 1554625194594
89.2067985534668 174.3846043396 536 1554625194602
89.1357014465332 175.593291320801 536 1554625194610
89.0646043395996 176.683507232666 536 1554625194619
88.9460971069336 177.75 536 1554625194627
88.8986960220337 179.0298021698 536 1554625194635
88.8275989151001 180.262194213867 536 1554625194644
88.7327967453003 181.4946043396 536 1554625194652
88.638003616333 182.632194213867 536 1554625194660
88.5432014465332 183.7698021698 536 1554625194669
88.4958003616333 184.812607955933 536 1554625194677
88.3773021697998 185.808003616333 536 1554625194685
88.3299010848999 186.8271043396 540 1554625194694
88.2825 187.798794937134 540 1554625194702
88.2350989151001 188.651996383667 540 1554625194710
88.2350989151001 189.457805786133 540 1554625194719
88.1876978302002 190.216205062866 540 1554625194727
88.1640018081665 190.9746043396 536 1554625194735
88.1640018081665 191.543399276733 540 1554625194744
88.1402967453003 192.0648021698 540 1554625194752
88.1640018081665 192.633597106934 540 1554625194760
88.1640018081665 193.0601978302 540 1554625194769
88.1876978302002 193.463093490601 540 1554625194777
88.1876978302002 193.771205062866 540 1554625194785
88.2114028930664 194.008201446533 540 1554625194794
88.2350989151001 194.268902893066 540 1554625194802
88.3061960220337 194.553291320801 540 1554625194810
88.3299010848999 194.9325 540 1554625194819
88.3773021697998 195.406492767334 540 1554625194827
88.3773021697998 195.880503616333 540 1554625194835
88.4009981918335 196.283399276733 540 1554625194844
88.4247032546997 196.638902893066 540 1554625194852
88.4247032546997 196.970701446533 540 1554625194860
88.4247032546997 197.089208679199 540 1554625194869
88.4247032546997 197.1128956604 536 1554625194877
88.4247032546997 197.1128956604 532 1554625194885
88.4009981918335 197.1128956604 524 1554625194894
88.4009981918335 197.089208679199 516 1554625194902
88.3773021697998 197.065503616333 496 1554625194910
88.3535971069336 196.970701446533 480 1554625194919
88.3061960220337 196.828507232666 464 1554625194927
88.2588039779663 196.662607955933 428 1554625194935
88.2114028930664 196.401906509399 388 1554625194944
88.0928956604004 196.1175 356 1554625194952
88.0217985534668 195.833093490601 284 1554625194960
87.8796043395996 195.525 192 1554625194969
87.7610971069336 195.169496383667 144 1554625194977
87.7610971069336 195.169496383667 144 1554625194977
END STROKE
126.1076978302 63.0420009040833 164 1554625195952
126.1076978302 63.0420009040833 180 1554625195960
126.1076978302 63.0420009040833 188 1554625195969
126.1076978302 63.0657014465332 204 1554625195977
126.131402893066 63.0894019889832 208 1554625195985
126.131402893066 63.1367985534668 220 1554625195994
126.1550989151 63.1841996383667 232 1554625196002
126.1550989151 63.2316007232666 248 1554625196010
126.1550989151 63.2790018081665 256 1554625196019
126.1550989151 63.3500989151001 264 1554625196027
126.131402893066 63.5396987342834 268 1554625196035
126.1550989151 63.7055980110168 280 1554625196044
126.2025 63.9188983726501 300 1554625196052
126.226196022034 64.1084981918335 312 1554625196060
126.2499010849 64.3929001808167 320 1554625196069
126.2499010849 64.6536016273499 340 1554625196077
126.273597106934 65.0091007232666 348 1554625196085
126.2499010849 65.4594019889832 368 1554625196094
126.226196022034 65.9570998191834 388 1554625196102
126.2025 66.36 400 1554625196110
126.2025 66.7866007232666 408 1554625196119
126.2025 67.2369019889832 420 1554625196127
126.1550989151 67.6398021697998 424 1554625196135
126.131402893066 68.0900989151001 428 1554625196144
126.1076978302 68.5166996383667 432 1554625196152
126.084001808167 69.0144019889832 436 1554625196160
126.036600723267 69.5358003616333 440 1554625196169
126.0602967453 70.0098021697998 444 1554625196177
126.0128956604 70.5075 444 1554625196185
125.965503616333 71.0762994575501 452 1554625196194
125.965503616333 71.5976978302002 460 1554625196202
125.941798553467 72.1428012657166 472 1554625196210
125.918102531433 72.7116007232666 472 1554625196219
125.870701446533 73.2804001808167 476 1554625196227
125.823300361633 73.9203012657166 476 1554625196235
125.7996043396 74.5838983726502 476 1554625196244
125.7996043396 75.2949010848999 476 1554625196252
125.7996043396 75.9584981918335 480 1554625196260
125.846996383667 76.6221043395996 484 1554625196269
125.870701446533 77.3093974685669 484 1554625196277
125.965503616333 78.0915018081665 488 1554625196285
125.965503616333 78.7076978302002 492 1554625196294
126.0128956604 79.4660971069336 496 1554625196302
126.0128956604 80.2008003616333 500 1554625196310
126.0128956604 80.9828956604004 500 1554625196319
126.036600723267 81.8124010848999 500 1554625196327
126.0602967453 82.594496383667 504 1554625196335
126.036600723267 83.3291996383667 508 1554625196344
126.036600723267 84.2298021697998 512 1554625196352
126.0602967453 85.0118974685669 512 1554625196360
126.1076978302 86.0073021697998 516 1554625196369
126.084001808167 86.9078956604004 516 1554625196377
126.1076978302 87.8084981918335 516 1554625196385
126.1076978302 88.7565018081665 516 1554625196394
126.1076978302 89.5859981918335 516 1554625196402
126.131402893066 90.3443974685669 516 1554625196410
126.178803977966 91.2686960220337 516 1554625196419
126.178803977966 92.1692985534668 520 1554625196427
126.226196022034 93.1173021697998 520 1554625196435
126.226196022034 93.970503616333 520 1554625196444
126.2499010849 94.8474010848999 520 1554625196452
126.2499010849 95.7716996383667 520 1554625196460
126.2025 96.6723021697998 524 1554625196469
126.2025 97.6676978302002 524 1554625196477
126.1550989151 98.6631025314331 524 1554625196485
126.178803977966 99.6348021697998 524 1554625196494
126.226196022034 100.653902893066 524 1554625196502
126.273597106934 101.649298553467 528 1554625196510
126.178803977966 102.5499010849 524 1554625196519
126.2025 103.5926978302 528 1554625196527
126.226196022034 104.611798553467 528 1554625196535
126.2499010849 105.5598021698 528 1554625196544
126.320998191834 106.5077967453 528 1554625196552
126.3447032547 107.455800361633 528 1554625196560
126.368399276733 108.4275 528 1554625196569
126.439496383667 109.4228956604 528 1554625196577
126.486897468567 110.3472032547 528 1554625196585
126.558003616333 111.318902893066 528 1554625196594
126.581699638367 112.290602531433 528 1554625196602
126.629100723267 113.285998191834 532 1554625196610
126.629100723267 114.328803977966 528 1554625196619
126.723902893066 115.371600723267 532 1554625196627
126.7475989151 116.3196043396 532 1554625196635
126.795 117.338696022034 532 1554625196644
126.8424010849 118.3103956604 532 1554625196652
126.8424010849 119.305800361633 532 1554625196660
126.8424010849 120.3249010849 532 1554625196669
126.866097106934 121.3676978302 532 1554625196677
126.866097106934 122.339397468567 532 1554625196685
126.8424010849 123.358498191834 532 1554625196694
126.8424010849 124.425 532 1554625196702
126.866097106934 125.491501808167 532 1554625196710
126.8898021698 126.534298553467 532 1554625196719
126.8424010849 127.5771043396 532 1554625196727
126.818696022034 128.4776978302 532 1554625196735
126.866097106934 129.473102531433 532 1554625196744
126.866097106934 130.4922032547 532 1554625196752
126.866097106934 131.4875989151 532 1554625196760
126.8424010849 132.483003616333 532 1554625196769
126.8898021698 133.4547032547 532 1554625196777
126.913498191834 134.331600723267 532 1554625196785
126.913498191834 135.303300361633 532 1554625196794
126.8424010849 136.1801978302 532 1554625196802
126.8898021698 137.175602531433 532 1554625196810
126.913498191834 138.0525 532 1554625196819
126.8898021698 138.929397468567 532 1554625196827
126.866097106934 139.758902893066 532 1554625196835
126.8424010849 140.730602531433 532 1554625196844
126.818696022034 141.6549010849 532 1554625196852
126.818696022034 142.436996383667 532 1554625196860
126.818696022034 143.361303977966 532 1554625196869
126.818696022034 144.1671043396 532 1554625196877
126.771303977966 145.1625 532 1554625196885
126.7001978302 146.015701446533 532 1554625196894
126.7001978302 146.94 532 1554625196902
126.629100723267 147.911699638367 536 1554625196910
126.558003616333 148.954496383667 532 1554625196919
126.463201446533 149.9973021698 536 1554625196927
126.368399276733 150.9452967453 536 1554625196935
126.320998191834 151.940701446533 536 1554625196944
126.273597106934 152.9598021698 536 1554625196952
126.178803977966 153.9551978302 536 1554625196960
126.131402893066 154.903201446533 536 1554625196969
126.131402893066 155.803794937134 536 1554625196977
126.036600723267 156.656996383667 536 1554625196985
125.989199638367 157.5101978302 536 1554625196994
125.918102531433 158.458201446533 536 1554625197002
125.941798553467 159.263992767334 536 1554625197010
125.894397468567 160.093507232666 536 1554625197019
125.775899276733 160.899298553467 536 1554625197027
125.728498191833 161.7525 536 1554625197035
125.681097106934 162.795305786133 536 1554625197044
125.633696022034 163.838093490601 536 1554625197052
125.586303977966 164.738705062866 536 1554625197060
125.5151978302 165.734100723267 536 1554625197069
125.491501808167 166.776906509399 536 1554625197077
125.4203956604 167.819694213867 536 1554625197085
125.325602531433 168.743992767334 536 1554625197094
125.278201446533 169.668291320801 536 1554625197102
125.254496383667 170.7348021698 536 1554625197110
125.183399276733 171.777607955933 540 1554625197119
125.1123021698 172.867805786133 540 1554625197127
125.0175 173.910593490601 540 1554625197135
124.946402893066 174.906007232666 540 1554625197144
124.946402893066 175.996205062866 540 1554625197152
124.899001808167 177.110107955933 544 1554625197160
124.8752967453 178.176600723267 540 1554625197169
124.851600723267 179.195701446533 540 1554625197177
124.851600723267 180.238507232666 540 1554625197185
124.851600723267 181.233902893066 540 1554625197194
124.851600723267 182.205593490601 540 1554625197202
124.8752967453 183.0825 540 1554625197210
124.9226978302 184.006798553467 540 1554625197219
124.899001808167 184.86 540 1554625197227
124.9226978302 185.808003616333 540 1554625197235
124.9700989151 186.708597106934 544 1554625197243
124.993803977966 187.561798553467 540 1554625197252
125.041196022034 188.391294937134 540 1554625197260
125.041196022034 189.126007232666 544 1554625197269
125.0649010849 189.813291320801 544 1554625197277
125.088597106934 190.358399276733 540 1554625197285
125.1597032547 190.832392044067 544 1554625197293
125.183399276733 191.116798553467 544 1554625197302
125.2071043396 191.235305786133 544 1554625197310
125.230800361633 191.543399276733 544 1554625197319
125.254496383667 191.756708679199 544 1554625197335
125.278201446533 191.827805786133 544 1554625197343
125.301897468567 192.0648021698 544 1554625197352
125.278201446533 192.301798553467 544 1554625197360
125.301897468567 192.633597106934 544 1554625197368
125.278201446533 192.941708679199 544 1554625197377
125.278201446533 193.178705062866 544 1554625197385
125.278201446533 193.2498021698 544 1554625197394
125.278201446533 193.2498021698 544 1554625197402
125.278201446533 193.2498021698 544 1554625197410
125.278201446533 193.226097106934 544 1554625197418
125.278201446533 193.226097106934 544 1554625197427
125.278201446533 193.226097106934 540 1554625197435
125.278201446533 193.226097106934 540 1554625197443
125.278201446533 193.226097106934 544 1554625197452
125.278201446533 193.2498021698 540 1554625197460
125.278201446533 193.2498021698 540 1554625197469
125.301897468567 193.273507232666 536 1554625197477
125.301897468567 193.297194213867 536 1554625197485
125.349298553467 193.463093490601 536 1554625197493
125.349298553467 193.700107955933 536 1554625197502
125.349298553467 193.913399276733 540 1554625197510
125.349298553467 193.960791320801 540 1554625197519
125.349298553467 193.984496383667 544 1554625197527
125.349298553467 194.008201446533 540 1554625197535
125.373003616333 194.031906509399 540 1554625197543
125.349298553467 194.055593490601 540 1554625197552
125.373003616333 194.126708679199 540 1554625197560
125.349298553467 194.2451978302 540 1554625197568
125.373003616333 194.505899276733 540 1554625197577
125.349298553467 194.553291320801 540 1554625197585
125.349298553467 194.576996383667 540 1554625197593
125.349298553467 194.576996383667 540 1554625197602
125.349298553467 194.553291320801 536 1554625197610
125.349298553467 194.553291320801 536 1554625197619
125.349298553467 194.5296043396 516 1554625197627
125.349298553467 194.5296043396 504 1554625197635
125.349298553467 194.5296043396 500 1554625197643
125.349298553467 194.5296043396 500 1554625197652
125.349298553467 194.505899276733 504 1554625197660
125.349298553467 194.5296043396 504 1554625197668
125.349298553467 194.5296043396 508 1554625197677
125.373003616333 194.5296043396 508 1554625197685
125.396699638367 194.553291320801 508 1554625197693
125.396699638367 194.553291320801 508 1554625197702
125.396699638367 194.553291320801 508 1554625197710
125.396699638367 194.553291320801 508 1554625197718
125.396699638367 194.553291320801 512 1554625197727
125.396699638367 194.553291320801 512 1554625197735
125.396699638367 194.553291320801 512 1554625197743
125.396699638367 194.553291320801 512 1554625197752
125.396699638367 194.553291320801 512 1554625197760
125.396699638367 194.553291320801 512 1554625197769
125.396699638367 194.553291320801 512 1554625197777
125.4203956604 194.553291320801 508 1554625197785
125.396699638367 194.5296043396 508 1554625197793
125.396699638367 194.5296043396 508 1554625197802
125.396699638367 194.5296043396 508 1554625197810
125.396699638367 194.5296043396 508 1554625197818
125.396699638367 194.5296043396 504 1554625197827
125.396699638367 194.5296043396 500 1554625197835
125.396699638367 194.5296043396 500 1554625197843
125.396699638367 194.5296043396 500 1554625197852
125.396699638367 194.5296043396 500 1554625197860
125.396699638367 194.5296043396 500 1554625197868
125.396699638367 194.5296043396 496 1554625197877
125.396699638367 194.5296043396 496 1554625197885
125.396699638367 194.5296043396 496 1554625197893
125.396699638367 194.5296043396 492 1554625197902
125.396699638367 194.5296043396 492 1554625197910
125.396699638367 194.5296043396 492 1554625197919
125.396699638367 194.5296043396 492 1554625197927
125.396699638367 194.5296043396 492 1554625197935
125.396699638367 194.5296043396 492 1554625197943
125.396699638367 194.5296043396 492 1554625197952
125.396699638367 194.553291320801 488 1554625197960
125.396699638367 194.553291320801 484 1554625197968
125.396699638367 194.553291320801 476 1554625197977
125.396699638367 194.576996383667 472 1554625197985
125.396699638367 194.576996383667 472 1554625197993
125.396699638367 194.576996383667 464 1554625198002
125.396699638367 194.576996383667 464 1554625198010
125.396699638367 194.576996383667 464 1554625198018
125.396699638367 194.576996383667 464 1554625198027
125.396699638367 194.576996383667 464 1554625198035
125.396699638367 194.576996383667 464 1554625198043
125.396699638367 194.576996383667 464 1554625198052
125.396699638367 194.576996383667 464 1554625198060
125.396699638367 194.600701446533 464 1554625198069
125.396699638367 194.600701446533 460 1554625198077
125.396699638367 194.600701446533 460 1554625198085
125.4203956604 194.600701446533 460 1554625198093
125.396699638367 194.624406509399 460 1554625198102
125.396699638367 194.624406509399 460 1554625198110
125.396699638367 194.600701446533 460 1554625198118
125.396699638367 194.600701446533 460 1554625198127
125.396699638367 194.600701446533 460 1554625198135
125.396699638367 194.600701446533 460 1554625198143
125.396699638367 194.600701446533 460 1554625198152
125.396699638367 194.600701446533 460 1554625198160
125.4203956604 194.600701446533 460 1554625198168
125.396699638367 194.624406509399 460 1554625198177
125.396699638367 194.600701446533 460 1554625198185
125.396699638367 194.624406509399 460 1554625198193
125.396699638367 194.624406509399 460 1554625198202
125.396699638367 194.624406509399 460 1554625198210
125.396699638367 194.624406509399 460 1554625198218
125.396699638367 194.624406509399 460 1554625198227
125.396699638367 194.624406509399 460 1554625198235
125.396699638367 194.648093490601 460 1554625198243
125.396699638367 194.7428956604 460 1554625198252
125.4203956604 195.003597106934 460 1554625198260
125.4677967453 195.382805786133 460 1554625198268
125.4677967453 195.643507232666 464 1554625198277
125.4677967453 195.7146043396 464 1554625198285
125.4677967453 195.738291320801 464 1554625198293
125.4677967453 195.738291320801 464 1554625198302
125.491501808167 195.738291320801 464 1554625198310
125.491501808167 195.738291320801 460 1554625198318
125.4677967453 195.7146043396 456 1554625198327
125.4677967453 195.690899276733 448 1554625198335
125.4677967453 195.690899276733 444 1554625198343
125.4677967453 195.667194213867 444 1554625198352
125.4677967453 195.667194213867 440 1554625198360
125.4677967453 195.643507232666 440 1554625198368
125.4677967453 195.643507232666 436 1554625198377
125.4677967453 195.6198021698 436 1554625198385
125.4677967453 195.6198021698 428 1554625198393
125.4677967453 195.6198021698 424 1554625198402
125.4677967453 195.6198021698 420 1554625198410
125.4677967453 195.6198021698 404 1554625198418
125.4677967453 195.6198021698 372 1554625198427
125.4677967453 195.643507232666 356 1554625198435
125.4677967453 195.643507232666 312 1554625198443
125.491501808167 195.643507232666 272 1554625198452
125.491501808167 195.643507232666 244 1554625198460
125.491501808167 195.643507232666 180 1554625198468
125.4677967453 195.572392044067 56 1554625198477
125.4677967453 195.572392044067 56 1554625198477
END STROKE
165.4023021698 61.0986016273499 116 1554625199668
165.426007232666 61.1933992767334 152 1554625199677
165.449694213867 61.2645009040833 168 1554625199685
165.473399276733 61.3592985534668 180 1554625199693
165.4971043396 61.4541007232666 196 1554625199702
165.520791320801 61.62 212 1554625199710
165.4971043396 61.9044019889832 224 1554625199718
165.4971043396 62.23620054245 244 1554625199727
165.449694213867 62.6391007232666 264 1554625199735
165.354892044067 63.4923021697998 296 1554625199752
165.3075 63.8715018081665 312 1554625199760
165.260107955933 64.3454990959168 316 1554625199768
165.236402893066 64.8432014465332 336 1554625199777
165.2126978302 65.2934981918335 352 1554625199785
165.165305786133 65.4594019889832 356 1554625199793
165.141600723267 65.6726978302002 360 1554625199802
165.094208679199 66.2178012657166 380 1554625199810
165.046798553467 66.8576978302002 392 1554625199818
164.999406509399 67.4265018081665 400 1554625199827
164.975701446533 68.0190018081665 412 1554625199835
165.023093490601 68.5641007232666 420 1554625199843
165.023093490601 69.2040018081665 424 1554625199852
164.999406509399 69.8201978302002 424 1554625199860
164.999406509399 70.48379945755 428 1554625199868
164.928291320801 71.1948021697998 432 1554625199877
164.999406509399 72.6404990959168 440 1554625199893
165.046798553467 73.3041007232666 448 1554625199902
164.999406509399 73.9913983726502 448 1554625199910
164.975701446533 74.655 448 1554625199919
164.999406509399 75.4133992767334 456 1554625199927
165.070503616333 76.1243974685669 456 1554625199935
165.141600723267 76.8827967453003 456 1554625199943
165.2126978302 77.7833992767334 460 1554625199952
165.260107955933 78.7076978302002 460 1554625199960
165.283794937134 79.5372032546997 464 1554625199968
165.378597106934 80.4377967453003 468 1554625199977
165.4023021698 81.3383992767334 472 1554625199985
165.378597106934 82.2626978302002 472 1554625199993
165.378597106934 83.1633003616333 476 1554625200002
165.426007232666 84.1113039779663 476 1554625200010
165.449694213867 85.0118974685669 476 1554625200018
165.520791320801 85.9361960220337 480 1554625200027
165.591906509399 86.8841996383667 484 1554625200035
165.663003616333 88.045503616333 492 1554625200043
165.615593490601 88.8986960220337 492 1554625200052
165.639298553467 89.8941007232666 496 1554625200060
165.686708679199 91.0791007232666 500 1554625200068
165.734100723267 92.2877967453003 504 1554625200077
165.7103956604 93.3542985534668 504 1554625200085
165.686708679199 94.5156025314331 508 1554625200093
165.663003616333 95.6768974685669 508 1554625200102
165.663003616333 96.7908003616333 508 1554625200110
165.591906509399 97.9758003616333 508 1554625200118
165.591906509399 99.0423021697998 512 1554625200127
165.591906509399 100.1799010849 512 1554625200135
165.544496383667 101.4123021698 512 1554625200143
165.544496383667 102.6447032547 516 1554625200152
165.520791320801 103.8297032547 512 1554625200160
165.520791320801 104.990998191834 516 1554625200168
165.449694213867 106.1997032547 516 1554625200177
165.449694213867 107.408399276733 516 1554625200185
165.426007232666 108.451196022034 516 1554625200193
165.473399276733 109.588803977966 516 1554625200202
165.473399276733 110.679001808167 516 1554625200210
165.4023021698 112.006196022034 520 1554625200219
165.3075 113.238597106934 520 1554625200227
165.3075 114.470998191834 520 1554625200235
165.331205062866 115.798201446533 520 1554625200243
165.331205062866 117.030602531433 520 1554625200252
165.260107955933 118.334100723267 520 1554625200260
165.236402893066 119.6375989151 520 1554625200269
165.236402893066 120.704100723267 520 1554625200277
165.236402893066 122.055 520 1554625200285
165.4023021698 124.6146043396 524 1554625200302
165.354892044067 125.775899276733 524 1554625200310
165.3075 127.103102531433 524 1554625200318
165.3075 128.501402893066 524 1554625200327
165.188992767334 129.686402893066 524 1554625200335
165.165305786133 130.8950989151 524 1554625200343
165.141600723267 132.198597106934 524 1554625200352
165.165305786133 133.3599010849 524 1554625200360
165.188992767334 134.615998191834 528 1554625200368
165.165305786133 135.753597106934 528 1554625200377
165.165305786133 136.7726978302 528 1554625200385
165.188992767334 138.076196022034 528 1554625200393
165.188992767334 139.308597106934 524 1554625200402
165.165305786133 140.4225 528 1554625200410
165.165305786133 141.773399276733 528 1554625200418
165.1178956604 143.053201446533 528 1554625200427
165.094208679199 144.4277967453 528 1554625200435
164.999406509399 145.920899276733 528 1554625200443
164.9046043396 147.271798553467 532 1554625200452
164.786097106934 148.599001808167 532 1554625200460
164.762392044067 149.8550989151 532 1554625200468
164.762392044067 151.063803977966 532 1554625200477
164.786097106934 152.296205062866 532 1554625200485
164.8098021698 153.410107955933 532 1554625200493
164.762392044067 154.7373021698 532 1554625200502
164.738705062866 155.946007232666 532 1554625200510
164.715 157.154694213867 532 1554625200518
164.715 158.3871043396 532 1554625200527
164.691294937134 159.643201446533 532 1554625200535
164.667607955933 160.780791320801 532 1554625200543
164.691294937134 162.060593490601 532 1554625200552
164.667607955933 163.008597106934 532 1554625200560
164.596492767334 164.146205062866 532 1554625200568
164.549100723267 165.426007232666 532 1554625200577
164.501708679199 169.0521043396 536 1554625200602
164.549100723267 170.118597106934 532 1554625200610
164.572805786133 171.3273021698 536 1554625200618
164.6201978302 172.393794937134 536 1554625200627
164.6201978302 173.460305786133 536 1554625200635
164.643902893066 174.526798553467 536 1554625200643
164.572805786133 175.640701446533 536 1554625200652
164.572805786133 176.825701446533 536 1554625200660
164.6201978302 177.963291320801 536 1554625200668
164.596492767334 179.006097106934 536 1554625200677
164.596492767334 180.12 536 1554625200685
164.6201978302 181.257607955933 536 1554625200693
164.643902893066 182.324100723267 536 1554625200702
164.596492767334 183.366906509399 536 1554625200710
164.643902893066 184.386007232666 536 1554625200719
164.643902893066 186.329406509399 536 1554625200735
164.6201978302 187.253705062866 536 1554625200743
164.6201978302 188.035791320801 536 1554625200752
164.6201978302 188.8178956604 536 1554625200760
164.6201978302 189.623705062866 540 1554625200769
164.643902893066 190.429496383667 540 1554625200777
164.6201978302 191.164208679199 540 1554625200785
164.643902893066 191.993705062866 540 1554625200793
164.6201978302 192.775791320801 540 1554625200802
164.596492767334 193.415701446533 544 1554625200810
164.643902893066 194.126708679199 544 1554625200818
164.667607955933 194.790305786133 544 1554625200827
164.596492767334 195.359100723267 544 1554625200835
164.643902893066 196.0226978302 544 1554625200843
164.6201978302 196.6151978302 544 1554625200852
164.572805786133 197.1128956604 544 1554625200860
164.549100723267 197.563201446533 544 1554625200868
164.549100723267 198.060899276733 544 1554625200877
164.572805786133 198.4875 544 1554625200885
164.596492767334 199.127392044067 544 1554625200902
164.572805786133 199.388093490601 544 1554625200910
164.5253956604 199.601402893066 544 1554625200918
164.5253956604 199.648794937134 544 1554625200927
164.5253956604 199.6725 544 1554625200935
164.5253956604 199.6725 540 1554625200943
164.5253956604 199.6725 540 1554625200952
164.5253956604 199.648794937134 536 1554625200960
164.549100723267 199.648794937134 532 1554625200968
164.549100723267 199.648794937134 532 1554625200977
164.549100723267 199.648794937134 528 1554625200985
164.549100723267 199.648794937134 524 1554625200993
164.5253956604 199.625107955933 520 1554625201002
164.5253956604 199.625107955933 512 1554625201010
164.5253956604 199.625107955933 492 1554625201019
164.5253956604 199.625107955933 476 1554625201027
164.5253956604 199.601402893066 444 1554625201035
164.501708679199 199.601402893066 384 1554625201043
164.454298553467 199.553992767334 352 1554625201052
164.383201446533 199.553992767334 248 1554625201060
164.193597106934 199.625107955933 44 1554625201069
164.193597106934 199.625107955933 44 1554625201069
END STROKE
19.5287994575501 88.3773021697998 84 1554625202410
20.3108992767334 88.3299010848999 116 1554625202418
21.2352000904083 88.2350989151001 144 1554625202427
22.1831991863251 88.1640018081665 152 1554625202435
23.1549010848999 88.1402967453003 168 1554625202443
24.1739995479584 88.0928956604004 180 1554625202452
25.193100271225 88.0217985534668 184 1554625202460
26.2358992767334 87.9743974685669 200 1554625202468
28.1793008136749 87.9507014465332 212 1554625202485
29.2458003616333 88.0217985534668 228 1554625202493
30.3122999095917 88.0691996383667 240 1554625202502
31.4735993671417 88.1166007232666 244 1554625202510
33.9858003616333 88.2588039779663 284 1554625202527
35.3604001808167 88.4247032546997 296 1554625202535
36.71129945755 88.4958003616333 316 1554625202543
38.1095998191834 88.5432014465332 328 1554625202552
39.6500989151001 88.638003616333 340 1554625202560
41.2379990959167 88.638003616333 352 1554625202568
42.8970009040833 88.6853956604004 356 1554625202577
44.5559981918335 88.7327967453003 360 1554625202585
48.1820998191834 88.9460971069336 376 1554625202602
50.0544019889832 88.9698021697998 384 1554625202610
51.9266996383667 88.9934981918335 396 1554625202619
53.9175 89.0172032546997 404 1554625202627
59.9373021697998 89.0883003616333 416 1554625202652
62.0466007232666 89.111996383667 420 1554625202660
64.1795998191834 89.0646043395996 424 1554625202668
66.4074010848999 89.0646043395996 424 1554625202677
68.5878012657166 89.0172032546997 432 1554625202685
70.6733992767334 88.9934981918335 440 1554625202693
72.90120054245 89.0172032546997 436 1554625202702
74.8920009040833 88.9698021697998 444 1554625202710
77.0013039779663 88.9460971069336 448 1554625202718
79.2053956604004 88.875 448 1554625202727
81.4568974685669 88.8039028930664 456 1554625202735
83.6609981918335 88.7565018081665 456 1554625202743
85.8176978302002 88.7091007232666 456 1554625202752
88.0928956604004 88.5668974685669 460 1554625202760
90.3443974685669 88.519496383667 464 1554625202768
92.5484981918335 88.4483992767334 468 1554625202777
96.8618974685669 88.4958003616333 476 1554625202793
98.9711960220337 88.4009981918335 476 1554625202802
101.033102531433 88.3773021697998 472 1554625202810
103.0475989151 88.4247032546997 476 1554625202818
105.133201446533 88.4009981918335 480 1554625202827
107.3373021698 88.3773021697998 476 1554625202835
111.769199638367 88.2114028930664 480 1554625202852
113.973300361633 88.1402967453003 492 1554625202860
116.201097106934 88.1402967453003 496 1554625202868
120.4197032547 88.0691996383667 496 1554625202885
122.410503616333 88.0217985534668 500 1554625202893
124.353902893066 87.9743974685669 500 1554625202902
128.193300361633 87.926996383667 504 1554625202918
130.065602531433 87.8796043395996 504 1554625202927
131.9852967453 87.8796043395996 508 1554625202935
133.8101978302 87.9033003616333 508 1554625202943
135.6350989151 87.8558992767334 508 1554625202952
137.483696022034 87.8322032546997 508 1554625202960
139.3323021698 87.8322032546997 508 1554625202968
141.180899276733 87.7848021697998 508 1554625202977
142.9821043396 87.7610971069336 512 1554625202985
144.925503616333 87.7374010848999 512 1554625202993
146.916303977966 87.69 512 1554625203002
148.8597032547 87.6663039779663 512 1554625203010
150.803102531433 87.6425989151001 508 1554625203018
152.628003616333 87.5951978302002 512 1554625203027
156.3251978302 87.5715018081665 512 1554625203043
157.960503616333 87.5477967453003 516 1554625203052
159.619496383667 87.5477967453003 512 1554625203060
161.231097106934 87.5951978302002 512 1554625203069
162.8426978302 87.5241007232666 512 1554625203077
164.406906509399 87.453003616333 508 1554625203085
165.947392044067 87.5715018081665 516 1554625203093
167.345701446533 87.4766996383667 512 1554625203102
168.6728956604 87.453003616333 512 1554625203110
169.976402893066 87.3818974685669 516 1554625203118
171.208794937134 87.3582014465332 512 1554625203127
172.346402893066 87.334496383667 516 1554625203135
173.389208679199 87.3108003616333 516 1554625203143
174.408291320801 87.3108003616333 516 1554625203152
175.356294937134 87.2633992767334 516 1554625203160
176.351708679199 87.2633992767334 516 1554625203168
177.228597106934 87.2397032546997 516 1554625203177
178.223992767334 87.1923021697998 516 1554625203185
179.266798553467 87.1685971069336 516 1554625203193
180.238507232666 87.0738039779663 516 1554625203202
181.186492767334 87.0738039779663 512 1554625203210
182.0871043396 87.0500989151001 512 1554625203218
182.940305786133 87.0026978302002 512 1554625203227
183.817194213867 86.9316007232666 512 1554625203235
184.575593490601 86.9552967453003 512 1554625203243
185.3576978302 86.9790018081665 512 1554625203252
186.092392044067 86.9790018081665 512 1554625203260
186.803399276733 87.0026978302002 512 1554625203268
187.466996383667 87.0026978302002 512 1554625203277
188.249100723267 86.9552967453003 512 1554625203285
189.031205062866 86.9078956604004 512 1554625203293
189.742194213867 86.860503616333 512 1554625203302
190.571708679199 86.8367985534668 508 1554625203310
191.211600723267 86.8367985534668 512 1554625203318
191.756708679199 86.8367985534668 516 1554625203327
192.135899276733 86.8131025314331 516 1554625203335
192.443992767334 86.7657014465332 516 1554625203343
192.823201446533 86.7893974685669 516 1554625203352
193.0601978302 86.7657014465332 516 1554625203360
193.083902893066 86.7657014465332 516 1554625203368
193.107607955933 86.7657014465332 516 1554625203377
193.178705062866 86.741996383667 516 1554625203385
193.320899276733 86.6946043395996 516 1554625203393
193.510503616333 86.6946043395996 516 1554625203402
193.771205062866 86.6472032546997 516 1554625203410
194.174100723267 86.6234981918335 516 1554625203418
194.624406509399 86.5524010848999 516 1554625203427
195.051007232666 86.5286960220337 516 1554625203435
195.477607955933 86.5286960220337 516 1554625203443
196.164892044067 86.5286960220337 516 1554625203460
196.425593490601 86.5286960220337 516 1554625203468
196.71 86.4575989151001 516 1554625203477
196.8048021698 86.4101978302002 512 1554625203485
196.8048021698 86.3865018081665 512 1554625203493
196.8048021698 86.3865018081665 512 1554625203502
196.8048021698 86.3865018081665 508 1554625203510
196.8048021698 86.3865018081665 508 1554625203518
196.781097106934 86.3865018081665 500 1554625203527
196.781097106934 86.3865018081665 492 1554625203535
196.781097106934 86.3627967453003 492 1554625203543
196.781097106934 86.3627967453003 476 1554625203552
196.8048021698 86.3391007232666 468 1554625203560
196.8048021698 86.3391007232666 456 1554625203568
196.781097106934 86.3153956604004 432 1554625203577
196.757392044067 86.3153956604004 384 1554625203585
196.662607955933 86.268003616333 292 1554625203602
196.6151978302 86.2442985534668 224 1554625203610
196.544100723267 86.268003616333 176 1554625203618
196.283399276733 86.3627967453003 48 1554625203627
196.283399276733 86.3627967453003 48 1554625203627
END STROKE
16.9929001808167 120.798902893066 76 1554625204668
17.1113995027542 120.798902893066 92 1554625204677
17.3246998643875 120.7751978302 96 1554625204685
17.6564995479584 120.893696022034 128 1554625204693
18.0119997739792 121.0122032547 148 1554625204702
18.5334004068375 121.0596043396 164 1554625204710
19.1970009040833 121.0596043396 180 1554625204718
19.8843008136749 121.035899276733 192 1554625204727
20.6664006328583 120.941097106934 200 1554625204735
21.4722009944916 120.8225989151 212 1554625204743
22.4202000904083 120.7751978302 224 1554625204752
24.4110004520416 120.585602531433 228 1554625204768
25.3827000904083 120.514496383667 260 1554625204777
26.2833003616333 120.443399276733 276 1554625204785
27.255 120.4671043396 288 1554625204793
28.1793008136749 120.443399276733 292 1554625204802
28.8666007232666 120.443399276733 300 1554625204810
29.8145998191834 120.4671043396 308 1554625204818
30.7389006328583 120.4671043396 308 1554625204827
31.710600271225 120.4671043396 328 1554625204835
32.7533992767334 120.4671043396 332 1554625204843
33.8435993671417 120.490800361633 336 1554625204852
34.9337994575501 120.561897468567 356 1554625204860
36.16620054245 120.561897468567 364 1554625204868
37.3985993671417 120.585602531433 364 1554625204877
38.6309981918335 120.585602531433 372 1554625204885
39.9108003616333 120.633003616333 388 1554625204893
41.2142985534668 120.585602531433 392 1554625204902
42.5415018081665 120.656699638367 404 1554625204910
45.4566007232666 120.7751978302 408 1554625204927
49.6041007232666 120.893696022034 424 1554625204952
51.0734981918335 120.846303977966 424 1554625204960
52.5191996383667 120.8225989151 424 1554625204969
55.3158003616333 120.798902893066 428 1554625204985
56.7378012657166 120.8225989151 432 1554625204993
58.08870054245 120.7751978302 440 1554625205002
59.5344019889832 120.6803956604 440 1554625205010
61.0037994575501 120.633003616333 448 1554625205018
62.4258003616333 120.514496383667 452 1554625205027
63.9188983726501 120.4671043396 452 1554625205035
65.4120009040833 120.395998191834 456 1554625205043
66.7629001808167 120.301196022034 456 1554625205052
68.3270998191833 120.3249010849 460 1554625205060
69.8201978302002 120.1826978302 460 1554625205068
71.3844019889832 120.0878956604 464 1554625205077
72.90120054245 120.016798553467 468 1554625205085
74.5128012657166 119.8746043396 468 1554625205093
76.1481025314331 119.756097106934 476 1554625205102
77.7597032546997 119.685 472 1554625205110
79.2291007232666 119.4953956604 476 1554625205118
80.8407014465332 119.448003616333 472 1554625205127
83.9927967453003 119.116196022034 480 1554625205143
85.5807014465332 119.021402893066 480 1554625205152
87.0975 118.831798553467 492 1554625205160
88.7565018081665 118.6422032547 492 1554625205169
90.2258992767334 118.476303977966 492 1554625205177
91.7426978302002 118.3577967453 496 1554625205185
93.3542985534668 118.215602531433 496 1554625205193
94.8 118.0497032547 496 1554625205202
96.2693974685669 117.931196022034 500 1554625205210
97.8573021697998 117.836402893066 500 1554625205218
99.3503956604004 117.694199638367 500 1554625205227
100.961996383667 117.599397468567 504 1554625205235
102.4550989151 117.5046043396 504 1554625205243
103.900800361633 117.4098021698 504 1554625205252
105.4175989151 117.338696022034 504 1554625205260
107.076600723267 117.2675989151 504 1554625205268
108.5223021698 117.2201978302 508 1554625205277
110.181303977966 117.078003616333 504 1554625205285
111.698102531433 117.006897468567 508 1554625205293
113.238597106934 116.959496383667 508 1554625205302
114.826501808167 116.7699010849 508 1554625205310
116.390701446533 116.6750989151 508 1554625205318
117.8600989151 116.5802967453 508 1554625205327
119.519100723267 116.390701446533 508 1554625205335
121.178102531433 116.295899276733 508 1554625205343
122.884496383667 116.106303977966 512 1554625205352
124.5198021698 115.9877967453 512 1554625205360
131.274298553467 115.6797032547 512 1554625205393
132.838498191834 115.6323021698 512 1554625205402
134.4026978302 115.6323021698 512 1554625205410
135.943201446533 115.6797032547 512 1554625205419
140.398803977966 115.655998191834 508 1554625205443
141.725998191834 115.608597106934 508 1554625205452
143.100602531433 115.608597106934 512 1554625205460
144.5225989151 115.561196022034 512 1554625205469
147.4376978302 115.5375 512 1554625205485
148.8123021698 115.513803977966 512 1554625205493
150.234298553467 115.4900989151 512 1554625205502
151.68 115.4900989151 516 1554625205510
153.078291320801 115.466402893066 516 1554625205518
155.803794937134 115.6323021698 516 1554625205535
157.131007232666 115.703399276733 516 1554625205543
158.481906509399 115.655998191834 512 1554625205552
159.809100723267 115.5849010849 508 1554625205560
161.183705062866 115.5849010849 512 1554625205569
163.766996383667 115.5375 512 1554625205585
166.208093490601 115.5375 516 1554625205602
167.345701446533 115.4900989151 516 1554625205610
168.578093490601 115.419001808167 516 1554625205618
169.834208679199 115.3952967453 516 1554625205627
170.995503616333 115.371600723267 516 1554625205635
172.133093490601 115.3478956604 516 1554625205643
173.246996383667 115.324199638367 516 1554625205652
174.313507232666 115.324199638367 516 1554625205660
175.332607955933 115.229397468567 516 1554625205668
177.465593490601 115.158300361633 516 1554625205685
178.413597106934 115.205701446533 516 1554625205693
179.1246043396 115.1346043396 516 1554625205702
180.925791320801 115.0872032547 516 1554625205718
181.636798553467 115.0398021698 516 1554625205727
182.347805786133 115.016097106934 516 1554625205735
183.058794937134 114.968696022034 516 1554625205743
183.603902893066 114.9924010849 516 1554625205752
184.006798553467 114.945 516 1554625205760
184.528201446533 114.945 516 1554625205768
184.86 114.921303977966 516 1554625205777
185.2628956604 114.8975989151 516 1554625205785
185.6421043396 114.873902893066 516 1554625205793
185.8553956604 114.8501978302 516 1554625205802
186.187194213867 114.8501978302 516 1554625205810
186.5426978302 114.826501808167 516 1554625205818
186.898201446533 114.826501808167 516 1554625205827
187.087805786133 114.826501808167 516 1554625205835
187.348507232666 114.779100723267 516 1554625205843
187.514406509399 114.7553956604 516 1554625205852
187.561798553467 114.731699638367 516 1554625205860
187.609208679199 114.684298553467 516 1554625205868
187.775107955933 114.613201446533 516 1554625205877
188.083201446533 114.518399276733 516 1554625205885
188.462392044067 114.470998191834 516 1554625205893
188.651996383667 114.423597106934 516 1554625205902
188.983794937134 114.3525 516 1554625205910
189.339298553467 114.3525 516 1554625205918
190.050305786133 114.2576978302 516 1554625205935
190.405791320801 114.2576978302 516 1554625205943
190.856097106934 114.186600723267 516 1554625205960
191.2826978302 114.2102967453 516 1554625205968
191.519694213867 114.186600723267 520 1554625205977
191.709298553467 114.2102967453 520 1554625205985
191.993705062866 114.186600723267 516 1554625205993
192.325503616333 114.2102967453 516 1554625206002
192.681007232666 114.2102967453 516 1554625206010
192.941708679199 114.2102967453 516 1554625206018
193.297194213867 114.2576978302 516 1554625206027
193.581600723267 114.2102967453 516 1554625206035
194.553291320801 113.878498191834 516 1554625206077
194.790305786133 113.831097106934 516 1554625206085
195.003597106934 113.8074010849 516 1554625206094
195.193201446533 113.76 516 1554625206102
195.264298553467 113.736303977966 516 1554625206110
195.453902893066 113.76 508 1554625206118
195.856798553467 113.7125989151 472 1554625206135
196.070107955933 113.641501808167 460 1554625206143
196.330791320801 113.5703956604 300 1554625206185
196.3071043396 113.5703956604 224 1554625206193
196.259694213867 113.5703956604 132 1554625206202
196.259694213867 113.5703956604 132 1554625206202
END STROKE
16.8507003164291 155.7326978302 168 1554625207235
16.8507003164291 155.685305786133 188 1554625207243
16.8507003164291 155.685305786133 200 1554625207252
16.8507003164291 155.685305786133 212 1554625207260
16.874399728775 155.708992767334 224 1554625207268
16.9217996835709 155.708992767334 236 1554625207277
17.0165995931625 155.7326978302 244 1554625207285
17.2298999547958 155.780107955933 252 1554625207293
17.5142996835709 155.780107955933 260 1554625207302
17.8223999547958 155.803794937134 272 1554625207310
18.2015995931625 155.780107955933 280 1554625207318
18.5808003616333 155.756402893066 284 1554625207327
19.0310993671417 155.708992767334 292 1554625207335
19.4102990055084 155.708992767334 320 1554625207343
19.860600271225 155.685305786133 328 1554625207352
20.3108992767334 155.6378956604 344 1554625207360
20.7849010848999 155.566798553467 360 1554625207368
21.33 155.614208679199 364 1554625207377
21.7091996383667 155.590503616333 372 1554625207385
22.1120998191833 155.590503616333 384 1554625207393
22.5624010848999 155.685305786133 400 1554625207402
23.1549010848999 155.708992767334 404 1554625207410
23.72370054245 155.708992767334 408 1554625207418
24.2925 155.685305786133 412 1554625207427
25.0745998191834 155.661600723267 420 1554625207435
25.8329990959167 155.590503616333 424 1554625207443
26.6387994575501 155.543093490601 432 1554625207452
27.539399728775 155.495701446533 440 1554625207460
28.3689006328583 155.4246043396 440 1554625207468
29.4116996383667 155.4246043396 440 1554625207477
30.2885993671417 155.4246043396 448 1554625207485
31.1654990959168 155.4246043396 448 1554625207493
32.1372009944916 155.448291320801 448 1554625207502
33.0852000904083 155.400899276733 452 1554625207510
34.056899728775 155.377194213867 452 1554625207518
35.0997009944916 155.3298021698 456 1554625207527
36.1899010848999 155.235 456 1554625207535
37.2800989151001 155.163902893066 460 1554625207543
39.4841996383667 154.950593490601 464 1554625207560
41.7830980110168 154.713597106934 480 1554625207577
43.0154990959168 154.7373021698 488 1554625207585
44.1294019889832 154.666205062866 492 1554625207593
45.4091996383667 154.571402893066 492 1554625207602
46.7126978302002 154.523992767334 496 1554625207610
47.9213983726501 154.429208679199 496 1554625207618
50.6469019889832 154.334406509399 496 1554625207635
51.9978012657166 154.121097106934 500 1554625207643
53.4198021697998 154.05 500 1554625207652
54.7707014465332 153.884100723267 496 1554625207660
56.1690018081665 153.718201446533 500 1554625207668
57.4725 153.623399276733 504 1554625207677
58.8708003616333 153.433794937134 504 1554625207685
60.2454001808167 153.315305786133 504 1554625207693
61.64370054245 153.173093490601 508 1554625207702
63.0183003616333 153.007194213867 508 1554625207710
64.4403012657166 152.865 508 1554625207718
65.9808003616333 152.6753956604 512 1554625207727
67.545 152.533201446533 512 1554625207735
69.1091996383667 152.391007232666 512 1554625207743
72.4508992767334 152.153992767334 512 1554625207760
74.08620054245 152.011798553467 512 1554625207768
75.7215018081665 151.798507232666 512 1554625207777
77.380503616333 151.68 512 1554625207785
78.9921043395996 151.5377967453 512 1554625207793
80.6748021697998 151.443003616333 512 1554625207802
82.3100989151001 151.300800361633 516 1554625207810
83.9691007232666 151.1823021698 516 1554625207818
85.6517985534668 151.0875 516 1554625207827
87.3582014465332 150.921600723267 516 1554625207835
89.1593974685669 150.803102531433 520 1554625207843
90.8658003616333 150.660899276733 520 1554625207852
92.4536960220337 150.495 520 1554625207860
93.9941996383667 150.423902893066 528 1554625207868
95.5109981918335 150.281699638367 520 1554625207877
97.0751978302002 150.139496383667 528 1554625207885
98.591996383667 150.068399276733 528 1554625207893
100.1325 149.9499010849 528 1554625207902
101.673003616333 149.831402893066 528 1554625207910
103.2846043396 149.7602967453 528 1554625207918
104.848803977966 149.546996383667 528 1554625207927
106.436699638367 149.4522032547 528 1554625207935
108.095701446533 149.4048021698 528 1554625207943
111.2003956604 149.3574010849 532 1554625207960
112.693498191834 149.2625989151 532 1554625207968
114.044397468567 149.333696022034 532 1554625207977
115.3952967453 149.286303977966 532 1554625207985
116.556600723267 149.2625989151 532 1554625207993
117.694199638367 149.1677967453 532 1554625208002
118.784397468567 149.1203956604 532 1554625208010
120.159001808167 149.049298553467 532 1554625208019
122.931897468567 148.954496383667 532 1554625208035
124.3301978302 148.978201446533 536 1554625208043
127.221600723267 148.930800361633 536 1554625208060
128.643597106934 148.835998191834 536 1554625208068
130.065602531433 148.788597106934 536 1554625208076
131.3927967453 148.741196022034 536 1554625208085
132.9096043396 148.693803977966 532 1554625208093
134.118300361633 148.7175 536 1554625208101
135.303300361633 148.693803977966 536 1554625208110
136.583102531433 148.741196022034 536 1554625208118
137.8628956604 148.693803977966 536 1554625208127
139.261196022034 148.7175 536 1554625208135
140.659496383667 148.599001808167 536 1554625208143
142.034100723267 148.551600723267 536 1554625208151
143.456097106934 148.551600723267 536 1554625208160
145.0202967453 148.5752967453 536 1554625208168
146.418597106934 148.504199638367 536 1554625208177
147.840602531433 148.456798553467 536 1554625208185
149.3574010849 148.361996383667 536 1554625208193
150.755701446533 148.409397468567 536 1554625208201
152.248794937134 148.361996383667 540 1554625208210
153.8603956604 148.3146043396 536 1554625208218
155.495701446533 148.243498191834 536 1554625208226
157.1073021698 148.1724010849 532 1554625208235
158.766294937134 148.148696022034 532 1554625208243
160.425305786133 148.101303977966 520 1554625208251
162.108003616333 148.053902893066 528 1554625208260
163.7196043396 148.006501808167 532 1554625208268
166.871708679199 147.9353956604 528 1554625208285
168.317392044067 147.9353956604 532 1554625208293
169.810503616333 147.888003616333 524 1554625208301
171.256205062866 147.840602531433 528 1554625208310
172.678201446533 147.769496383667 524 1554625208318
174.147607955933 147.816897468567 524 1554625208326
175.498507232666 147.793201446533 524 1554625208335
176.849406509399 147.793201446533 520 1554625208343
178.1528956604 147.769496383667 520 1554625208351
179.408992767334 147.769496383667 520 1554625208360
181.636798553467 147.603597106934 516 1554625208376
182.655899276733 147.556196022034 516 1554625208385
183.532805786133 147.461402893066 516 1554625208393
184.3623021698 147.4850989151 520 1554625208401
185.144406509399 147.4376978302 520 1554625208410
186.495305786133 147.295503616333 520 1554625208426
187.016708679199 147.224397468567 520 1554625208435
187.538093490601 147.271798553467 520 1554625208443
188.0121043396 147.200701446533 516 1554625208452
188.438705062866 147.176996383667 516 1554625208460
188.770503616333 147.105899276733 516 1554625208468
189.1971043396 147.1296043396 512 1554625208476
189.528902893066 147.153300361633 512 1554625208485
189.884406509399 147.153300361633 512 1554625208493
190.239892044067 147.153300361633 512 1554625208502
190.619100723267 147.176996383667 512 1554625208510
190.950899276733 147.200701446533 512 1554625208518
191.306402893066 147.176996383667 512 1554625208526
191.685593490601 147.176996383667 512 1554625208535
192.017392044067 147.176996383667 512 1554625208543
192.325503616333 147.1296043396 512 1554625208552
192.704694213867 147.1296043396 508 1554625208560
193.012805786133 147.0822032547 508 1554625208568
193.226097106934 147.0822032547 512 1554625208576
193.368291320801 147.0348021698 512 1554625208585
193.534208679199 146.963696022034 508 1554625208593
193.6526978302 146.94 512 1554625208602
194.008201446533 146.916303977966 512 1554625208618
194.174100723267 146.916303977966 496 1554625208626
194.2451978302 146.8925989151 496 1554625208635
194.268902893066 146.868902893066 480 1554625208643
194.411097106934 146.821501808167 468 1554625208651
194.505899276733 146.774100723267 452 1554625208660
194.624406509399 146.7503956604 440 1554625208668
194.695503616333 146.703003616333 440 1554625208676
194.695503616333 146.703003616333 436 1554625208685
194.719208679199 146.679298553467 428 1554625208693
194.7428956604 146.655602531433 424 1554625208701
194.766600723267 146.631897468567 416 1554625208710
194.813992767334 146.584496383667 404 1554625208718
194.9325 146.4897032547 392 1554625208726
195.074694213867 146.3949010849 360 1554625208735
195.288003616333 146.2052967453 300 1554625208751
195.311708679199 146.181600723267 256 1554625208760
195.311708679199 146.1578956604 192 1554625208768
195.311708679199 146.1578956604 152 1554625208776
195.288003616333 146.181600723267 56 1554625208785
195.288003616333 146.181600723267 56 1554625208785
END STROKE
19.268100271225 184.409694213867 104 1554625209869
19.2918008136749 184.386007232666 120 1554625209877
19.2918008136749 184.3623021698 136 1554625209886
19.3154990959167 184.3623021698 140 1554625209894
19.4339995479584 184.3623021698 152 1554625209902
19.7658003616333 184.338597106934 160 1554625209911
20.0739006328583 184.338597106934 172 1554625209919
20.453100271225 184.409694213867 184 1554625209927
21.021899728775 184.433399276733 188 1554625209936
21.6618008136749 184.433399276733 200 1554625209944
22.3254001808167 184.3623021698 212 1554625209952
23.1549010848999 184.2675 212 1554625209961
23.984399728775 184.148992767334 220 1554625209969
24.7902000904083 184.054208679199 228 1554625209977
25.6908003616333 183.959406509399 232 1554625209986
26.4729001808167 183.8646043396 256 1554625209994
27.2075989151001 183.8646043396 264 1554625210002
27.9185993671417 183.911996383667 272 1554625210011
28.5585004520416 183.8646043396 280 1554625210019
29.1747009944916 183.840899276733 284 1554625210027
29.8145998191834 183.840899276733 288 1554625210036
30.525600271225 183.793507232666 304 1554625210044
31.2602990055084 183.722392044067 316 1554625210052
32.01870054245 183.675 328 1554625210061
32.9193008136749 183.5801978302 340 1554625210069
33.8435993671417 183.438003616333 356 1554625210077
34.7916007232666 183.366906509399 360 1554625210086
35.7633003616333 183.319496383667 368 1554625210094
36.6875989151001 183.201007232666 368 1554625210102
37.6829990959167 183.129892044067 372 1554625210111
38.6546987342835 183.058794937134 392 1554625210120
40.6691996383667 182.869208679199 400 1554625210136
41.7830980110168 182.821798553467 404 1554625210144
42.9207014465332 182.774406509399 408 1554625210152
45.1011016273499 182.655899276733 416 1554625210170
47.4711016273499 182.49 420 1554625210186
48.6798021697998 182.371492767334 428 1554625210194
49.9121987342835 182.253003616333 432 1554625210202
51.0734981918335 182.110791320801 436 1554625210211
52.3295998191834 182.016007232666 436 1554625210219
53.6567985534668 181.968597106934 440 1554625210227
54.9366007232666 181.8975 444 1554625210236
56.1690018081665 181.778992767334 448 1554625210244
57.4250989151001 181.7078956604 448 1554625210252
58.68120054245 181.660503616333 448 1554625210261
59.9373021697998 181.636798553467 456 1554625210269
61.1696987342835 181.589406509399 456 1554625210277
62.4495009040833 181.541996383667 460 1554625210286
63.6108003616333 181.565701446533 472 1554625210294
64.7958003616333 181.541996383667 472 1554625210302
67.4975989151001 181.257607955933 472 1554625210319
68.8958992767334 181.139100723267 476 1554625210327
70.2230980110168 181.020593490601 484 1554625210336
71.8109981918335 180.854694213867 488 1554625210344
73.2804001808167 180.688794937134 488 1554625210352
74.8208992767334 180.570305786133 496 1554625210361
76.2902967453003 180.451798553467 496 1554625210369
77.7359981918335 180.404406509399 496 1554625210377
79.2053956604004 180.333291320801 500 1554625210386
80.6510971069336 180.285899276733 500 1554625210394
82.0731025314331 180.3096043396 500 1554625210402
83.5188039779663 180.262194213867 500 1554625210411
85.0118974685669 180.285899276733 500 1554625210419
86.505 180.2148021698 500 1554625210427
87.9981025314331 180.167392044067 504 1554625210436
89.5385971069336 180.143705062866 504 1554625210444
91.1027967453003 180.048902893066 504 1554625210452
92.6907014465332 180.001492767334 504 1554625210461
94.3023021697998 179.906708679199 504 1554625210469
95.8427967453003 179.883003616333 508 1554625210477
97.4307014465332 179.788201446533 508 1554625210486
98.9949010848999 179.693399276733 508 1554625210494
100.5353956604 179.6223021698 508 1554625210502
102.0996043396 179.503794937134 508 1554625210511
105.3701978302 179.3378956604 512 1554625210527
107.076600723267 179.219406509399 512 1554625210536
108.664496383667 179.1246043396 512 1554625210544
110.441996383667 179.0298021698 512 1554625210552
112.195800361633 178.8401978302 512 1554625210561
113.925899276733 178.721708679199 516 1554625210569
115.7271043396 178.579496383667 516 1554625210577
117.4572032547 178.4373021698 516 1554625210586
119.1873021698 178.271402893066 516 1554625210594
122.671196022034 178.105503616333 516 1554625210611
124.425 177.915899276733 516 1554625210620
126.2025 177.821097106934 516 1554625210628
129.591600723267 177.607805786133 520 1554625210644
131.274298553467 177.5603956604 520 1554625210652
132.933300361633 177.465593490601 516 1554625210661
134.5923021698 177.418201446533 520 1554625210669
136.0853956604 177.276007232666 520 1554625210677
137.744397468567 177.181205062866 516 1554625210686
142.6028956604 176.896798553467 520 1554625210711
144.214496383667 176.778291320801 520 1554625210719
145.8024010849 176.683507232666 520 1554625210727
147.3428956604 176.541294937134 524 1554625210736
148.8597032547 176.493902893066 520 1554625210744
150.4001978302 176.4701978302 528 1554625210752
151.940701446533 176.3753956604 524 1554625210761
153.481205062866 176.304298553467 532 1554625210769
155.021708679199 176.256906509399 532 1554625210777
156.538507232666 176.233201446533 524 1554625210786
158.078992767334 176.1621043396 528 1554625210794
159.595791320801 176.1621043396 528 1554625210802
161.112607955933 176.138399276733 528 1554625210811
162.581996383667 176.185791320801 532 1554625210819
164.051402893066 176.1621043396 532 1554625210827
165.4971043396 176.138399276733 524 1554625210836
168.1751978302 176.043597106934 528 1554625210852
169.478705062866 176.019892044067 532 1554625210861
170.782194213867 175.996205062866 532 1554625210870
173.294406509399 175.925107955933 532 1554625210886
175.688093490601 175.901402893066 532 1554625210902
176.849406509399 175.901402893066 532 1554625210911
178.058093490601 175.901402893066 540 1554625210920
180.238507232666 175.853992767334 536 1554625210936
181.423507232666 175.925107955933 536 1554625210944
182.513705062866 175.925107955933 536 1554625210952
183.556492767334 175.9725 536 1554625210961
184.551906509399 176.0673021698 536 1554625210969
185.405107955933 176.091007232666 536 1554625210977
186.210899276733 176.091007232666 536 1554625210986
186.945593490601 176.114694213867 532 1554625210994
187.680305786133 176.185791320801 536 1554625211002
188.296492767334 176.1621043396 536 1554625211011
188.888992767334 176.185791320801 536 1554625211019
189.4103956604 176.233201446533 536 1554625211027
189.836996383667 176.1621043396 536 1554625211036
190.239892044067 176.185791320801 536 1554625211044
190.6901978302 176.209496383667 532 1554625211052
190.832392044067 176.185791320801 536 1554625211061
191.164208679199 176.209496383667 532 1554625211069
191.448597106934 176.209496383667 536 1554625211077
191.756708679199 176.185791320801 532 1554625211086
192.0648021698 176.1621043396 532 1554625211094
192.3728956604 176.138399276733 532 1554625211102
192.681007232666 176.138399276733 532 1554625211111
193.083902893066 176.114694213867 532 1554625211119
193.628992767334 176.138399276733 532 1554625211136
193.628992767334 176.138399276733 536 1554625211144
193.628992767334 176.114694213867 536 1554625211152
193.628992767334 176.114694213867 536 1554625211161
193.628992767334 176.114694213867 536 1554625211169
193.628992767334 176.114694213867 536 1554625211177
193.6526978302 176.091007232666 536 1554625211211
193.6526978302 176.091007232666 536 1554625211227
193.6526978302 176.091007232666 536 1554625211236
193.6526978302 176.091007232666 536 1554625211244
193.6526978302 176.091007232666 536 1554625211252
193.6526978302 176.091007232666 536 1554625211261
193.6526978302 176.091007232666 536 1554625211269
193.6526978302 176.091007232666 536 1554625211277
193.6526978302 176.091007232666 536 1554625211286
193.6526978302 176.091007232666 536 1554625211294
193.6526978302 176.091007232666 540 1554625211303
193.6526978302 176.091007232666 536 1554625211311
193.628992767334 176.091007232666 536 1554625211319
193.628992767334 176.091007232666 536 1554625211327
193.628992767334 176.091007232666 536 1554625211336
193.628992767334 176.091007232666 536 1554625211344
193.6526978302 176.091007232666 536 1554625211353
193.628992767334 176.091007232666 536 1554625211361
193.6526978302 176.091007232666 536 1554625211369
193.6526978302 176.091007232666 536 1554625211377
193.628992767334 176.091007232666 536 1554625211394
193.628992767334 176.091007232666 536 1554625211402
193.628992767334 176.091007232666 536 1554625211411
193.628992767334 176.091007232666 536 1554625211419
193.628992767334 176.091007232666 536 1554625211436
193.628992767334 176.091007232666 536 1554625211444
193.628992767334 176.091007232666 532 1554625211452
193.628992767334 176.091007232666 532 1554625211461
193.6526978302 176.091007232666 532 1554625211469
193.628992767334 176.091007232666 532 1554625211477
193.628992767334 176.091007232666 532 1554625211486
193.628992767334 176.091007232666 532 1554625211502
193.628992767334 176.091007232666 532 1554625211511
193.628992767334 176.091007232666 528 1554625211519
193.628992767334 176.091007232666 528 1554625211527
193.628992767334 176.091007232666 524 1554625211536
193.628992767334 176.091007232666 528 1554625211544
193.628992767334 176.091007232666 524 1554625211552
193.628992767334 176.091007232666 524 1554625211561
193.628992767334 176.091007232666 524 1554625211569
193.628992767334 176.091007232666 524 1554625211577
193.628992767334 176.091007232666 524 1554625211586
193.628992767334 176.091007232666 524 1554625211594
193.628992767334 176.091007232666 524 1554625211603
193.628992767334 176.091007232666 524 1554625211611
193.628992767334 176.091007232666 524 1554625211619
193.628992767334 176.091007232666 524 1554625211627
193.628992767334 176.091007232666 524 1554625211636
193.628992767334 176.091007232666 524 1554625211644
193.628992767334 176.091007232666 524 1554625211653
193.628992767334 176.091007232666 524 1554625211661
193.628992767334 176.091007232666 524 1554625211677
193.628992767334 176.091007232666 524 1554625211686
193.628992767334 176.091007232666 524 1554625211694
193.605305786133 176.091007232666 520 1554625211703
193.605305786133 176.091007232666 520 1554625211711
193.628992767334 176.091007232666 524 1554625211719
193.628992767334 176.091007232666 520 1554625211727
193.628992767334 176.091007232666 520 1554625211744
193.628992767334 176.091007232666 520 1554625211752
193.605305786133 176.091007232666 524 1554625211761
193.628992767334 176.091007232666 520 1554625211786
193.628992767334 176.114694213867 520 1554625211811
193.628992767334 176.114694213867 520 1554625211820
193.628992767334 176.114694213867 516 1554625211877
193.628992767334 176.091007232666 516 1554625211902
193.628992767334 176.091007232666 516 1554625211919
193.628992767334 176.091007232666 512 1554625211936
193.628992767334 176.091007232666 508 1554625211944
193.605305786133 176.091007232666 500 1554625211952
193.605305786133 176.091007232666 492 1554625211961
193.605305786133 176.091007232666 480 1554625211969
193.605305786133 176.0673021698 448 1554625212002
193.628992767334 176.0673021698 416 1554625212011
193.605305786133 176.0673021698 372 1554625212019
193.581600723267 176.043597106934 296 1554625212027
193.202392044067 175.901402893066 188 1554625212044
192.538794937134 175.664406509399 24 1554625212052
192.538794937134 175.664406509399 24 1554625212052
END STROKE
===NOTES===
Great Job
