1.00
USERID - 01/01/2000 01:00:00 AM - F - HS - EN - N/A
5/3/2019 15:52:21:315
5/3/2019 15:52:27:465
61.9044019889832 117.149100723267 132 1556916741315
61.9280980110169 117.1253956604 189 1556916741322
61.9517985534668 117.1253956604 246 1556916741330
61.9517985534668 117.1727967453 301 1556916741337
61.9517985534668 117.243902893066 360 1556916741345
61.9517985534668 117.315 402 1556916741352
61.9754990959168 117.4098021698 441 1556916741360
61.9754990959168 117.5046043396 495 1556916741382
61.9991996383667 117.528300361633 588 1556916741428
61.9991996383667 117.575701446533 621 1556916741443
61.9991996383667 117.623102531433 661 1556916741510
62.0229001808167 117.9075 662 1556916741608
61.9991996383667 118.0497032547 662 1556916741615
61.9991996383667 118.286699638367 661 1556916741638
62.0229001808167 118.334100723267 661 1556916741645
61.9517985534668 118.3577967453 661 1556916741660
62.0229001808167 118.381501808167 661 1556916741668
62.0229001808167 118.4525989151 668 1556916741683
61.9991996383667 118.523696022034 685 1556916741690
61.9991996383667 118.618498191834 691 1556916741698
62.0229001808167 118.736996383667 695 1556916741705
62.0229001808167 118.9028956604 695 1556916741713
61.9991996383667 119.0450989151 695 1556916741720
61.8807014465332 119.6375989151 691 1556916741750
61.9044019889832 119.685 690 1556916741758
61.8807014465332 120.4197032547 745 1556916741795
61.8333003616333 120.609298553467 742 1556916741803
61.8333003616333 121.628399276733 740 1556916741833
61.8570009040833 121.818003616333 740 1556916741841
61.9044019889832 121.9601978302 737 1556916741856
61.9044019889832 122.220899276733 737 1556916741878
61.9280980110169 122.339397468567 737 1556916741886
61.9044019889832 123.4296043396 759 1556916741916
61.8807014465332 124.045800361633 773 1556916741931
61.8807014465332 124.6146043396 770 1556916741946
61.9517985534668 125.041196022034 771 1556916741961
61.9991996383667 125.254496383667 771 1556916741968
61.9044019889832 127.079397468567 779 1556916742006
61.8570009040833 128.1696043396 777 1556916742028
61.9754990959168 129.283498191834 776 1556916742058
61.9517985534668 131.511303977966 785 1556916742103
61.9517985534668 132.151196022034 784 1556916742118
61.9517985534668 132.506699638367 784 1556916742126
62.0229001808167 133.3599010849 783 1556916742148
61.9517985534668 134.141996383667 784 1556916742163
61.9517985534668 134.5449010849 788 1556916742171
61.8570009040833 135.445503616333 793 1556916742186
61.9280980110169 136.1801978302 793 1556916742201
61.9991996383667 136.7252967453 793 1556916742216
62.0466007232666 136.9623021698 793 1556916742224
62.0229001808167 137.294100723267 793 1556916742231
61.9517985534668 138.028803977966 792 1556916742246
61.9044019889832 138.5027967453 795 1556916742254
61.6674010848999 140.3750989151 798 1556916742284
61.5251978302002 142.176303977966 798 1556916742314
61.4066996383667 143.266501808167 799 1556916742329
61.3119019889832 143.764199638367 798 1556916742336
61.3355980110168 145.778696022034 803 1556916742366
61.3592985534668 146.679298553467 803 1556916742381
61.3355980110168 147.271798553467 803 1556916742389
61.0986016273499 148.835998191834 803 1556916742411
60.9800989151001 149.381097106934 806 1556916742419
60.8616007232666 150.495 814 1556916742434
60.8379001808167 151.016402893066 814 1556916742441
60.7904990959168 152.035503616333 814 1556916742456
60.8616007232666 152.888705062866 812 1556916742471
60.7904990959168 153.3626978302 812 1556916742479
60.7194019889832 154.6425 811 1556916742501
60.7194019889832 155.614208679199 812 1556916742516
60.6957014465332 156.088201446533 812 1556916742524
60.5771987342834 157.1073021698 811 1556916742539
60.5061016273499 157.984208679199 811 1556916742554
60.4824010848999 158.505593490601 811 1556916742561
60.435 159.406205062866 811 1556916742576
60.3638983726501 161.325899276733 812 1556916742607
60.3401978302002 161.823597106934 812 1556916742614
60.3165018081665 162.795305786133 813 1556916742629
60.2691007232666 163.316708679199 812 1556916742637
59.8899010848999 170.900701446533 814 1556916742757
59.8899010848999 171.3273021698 813 1556916742764
59.9373021697998 171.611708679199 814 1556916742772
59.86620054245 172.9151978302 818 1556916742794
59.7476978302002 175.356294937134 820 1556916742832
59.6766007232666 175.7828956604 820 1556916742839
59.7003012657166 176.873093490601 818 1556916742869
59.7003012657166 176.9678956604 819 1556916742877
59.7240018081665 177.015305786133 820 1556916742884
59.7476978302002 177.086402893066 819 1556916742892
59.7950989151001 177.086402893066 831 1556916743020
59.8425 177.086402893066 830 1556916743057
59.86620054245 177.086402893066 829 1556916743087
59.9609981918335 177.133794937134 830 1556916743117
60.0083992767334 177.133794937134 829 1556916743125
60.1742985534668 177.133794937134 829 1556916743132
60.3638983726501 177.0626978302 829 1556916743140
61.1933992767334 176.944208679199 828 1556916743170
61.4066996383667 176.991600723267 828 1556916743177
62.4258003616333 176.944208679199 827 1556916743200
63.2790018081665 176.778291320801 828 1556916743215
64.2980980110168 176.636097106934 826 1556916743230
64.7958003616333 176.612392044067 828 1556916743237
66.2415018081665 176.683507232666 826 1556916743260
67.8294019889832 176.636097106934 826 1556916743282
68.9195998191833 176.565 825 1556916743297
69.4883992767334 176.517607955933 826 1556916743305
72.1665018081665 176.493902893066 826 1556916743342
73.0670998191834 176.541294937134 825 1556916743357
73.5648021697998 176.588705062866 825 1556916743365
74.9630980110169 176.517607955933 825 1556916743388
77.1908992767334 176.6598021698 825 1556916743433
77.8308003616333 176.707194213867 824 1556916743448
78.8973021697998 176.7546043396 824 1556916743470
80.0823021697998 176.517607955933 824 1556916743493
81.1250989151001 176.541294937134 823 1556916743515
81.8360971069336 176.565 824 1556916743530
82.2152967453003 176.636097106934 824 1556916743538
83.0210971069336 176.588705062866 823 1556916743553
85.3910971069336 176.541294937134 821 1556916743598
86.7657014465332 176.328003616333 822 1556916743620
88.2350989151001 176.114694213867 823 1556916743643
88.6853956604004 176.138399276733 822 1556916743650
90.4391996383667 176.091007232666 821 1556916743680
91.3160971069336 175.948794937134 821 1556916743695
91.7900989151001 175.925107955933 821 1556916743703
92.2641007232666 175.830305786133 821 1556916743710
92.7617985534668 175.806600723267 822 1556916743718
93.7572032546997 175.640701446533 821 1556916743733
94.6103956604004 175.640701446533 822 1556916743748
95.8665018081665 175.735503616333 821 1556916743771
96.814496383667 175.7828956604 821 1556916743786
97.2648021697998 175.830305786133 821 1556916743793
98.1653956604004 175.830305786133 821 1556916743808
98.5446043395996 175.8776978302 820 1556916743816
99.8007014465332 176.043597106934 820 1556916743838
100.6301978302 176.0673021698 821 1556916743853
101.1278956604 176.0673021698 821 1556916743861
105.038399276733 175.9725 820 1556916743921
105.536097106934 175.901402893066 820 1556916743928
107.598003616333 175.925107955933 821 1556916743958
108.593399276733 175.996205062866 821 1556916743973
109.0674010849 176.019892044067 821 1556916743981
111.555899276733 175.996205062866 818 1556916744018
112.6224010849 175.996205062866 819 1556916744033
114.186600723267 176.043597106934 819 1556916744056
116.366996383667 175.948794937134 819 1556916744086
117.3624010849 175.901402893066 818 1556916744101
117.8126978302 175.901402893066 819 1556916744108
118.760701446533 175.8776978302 818 1556916744123
120.1826978302 175.853992767334 818 1556916744146
120.609298553467 175.8776978302 818 1556916744153
124.780503616333 175.8776978302 818 1556916744221
125.775899276733 175.925107955933 819 1556916744236
126.2973021698 175.9725 819 1556916744244
129.046501808167 176.185791320801 819 1556916744281
129.994496383667 176.304298553467 819 1556916744296
130.776600723267 176.328003616333 818 1556916744311
130.9425 176.304298553467 819 1556916744319
131.060998191834 176.304298553467 817 1556916744326
131.060998191834 176.185791320801 821 1556916744514
131.0847032547 176.019892044067 820 1556916744521
131.0847032547 175.948794937134 820 1556916744529
131.155800361633 175.640701446533 820 1556916744544
131.274298553467 175.048201446533 819 1556916744567
131.274298553467 174.811205062866 818 1556916744574
131.369100723267 174.147607955933 818 1556916744597
131.3927967453 174.029100723267 818 1556916744604
131.416501808167 173.626205062866 818 1556916744619
131.653498191834 172.630791320801 818 1556916744642
131.9378956604 171.564298553467 818 1556916744664
132.009001808167 170.853291320801 818 1556916744679
132.151196022034 170.1423021698 817 1556916744694
132.1749010849 169.739406509399 818 1556916744702
132.2697032547 168.933597106934 818 1556916744717
132.6251978302 167.203507232666 818 1556916744747
132.6725989151 166.065899276733 818 1556916744769
132.696303977966 165.734100723267 819 1556916744777
132.648902893066 165.426007232666 818 1556916744784
132.72 163.743291320801 819 1556916744814
132.6725989151 163.458902893066 819 1556916744822
132.791097106934 162.226492767334 821 1556916744844
132.838498191834 161.088902893066 820 1556916744867
132.9096043396 160.354208679199 820 1556916744882
132.9096043396 159.951294937134 819 1556916744889
133.1702967453 158.1026978302 822 1556916744919
133.146600723267 156.751798553467 820 1556916744950
133.146600723267 156.443705062866 821 1556916744957
133.288803977966 155.377194213867 820 1556916744980
133.383597106934 154.2396043396 821 1556916745002
133.4073021698 153.576007232666 821 1556916745017
133.4073021698 153.196798553467 821 1556916745025
133.4547032547 152.604298553467 820 1556916745040
133.430998191834 152.343597106934 820 1556916745047
133.4547032547 151.988093490601 820 1556916745055
133.596897468567 151.253399276733 820 1556916745070
133.620602531433 150.660899276733 820 1556916745085
133.620602531433 150.3527967453 822 1556916745092
133.549496383667 149.831402893066 820 1556916745107
133.573201446533 149.191501808167 822 1556916745122
133.525800361633 148.930800361633 821 1556916745130
133.573201446533 148.646402893066 822 1556916745137
133.668003616333 147.9827967453 820 1556916745152
133.7627967453 147.603597106934 820 1556916745160
133.928696022034 145.8972032547 820 1556916745197
133.9998021698 145.589100723267 820 1556916745205
134.070899276733 144.854397468567 820 1556916745220
134.118300361633 144.4751978302 819 1556916745227
134.213102531433 144.048597106934 821 1556916745235
134.260503616333 142.6976978302 821 1556916745265
134.284199638367 142.1051978302 820 1556916745280
134.379001808167 141.1572032547 820 1556916745302
134.5923021698 140.2802967453 821 1556916745317
134.615998191834 139.8774010849 821 1556916745325
134.710800361633 139.0478956604 821 1556916745340
134.6871043396 138.6924010849 823 1556916745348
134.663399276733 138.028803977966 812 1556916745363
134.6871043396 136.606798553467 825 1556916745393
134.829298553467 135.753597106934 825 1556916745408
134.9003956604 135.326996383667 824 1556916745415
134.924100723267 133.7153956604 825 1556916745445
134.971501808167 132.506699638367 825 1556916745468
135.255899276733 130.563300361633 824 1556916745498
135.421798553467 129.5678956604 824 1556916745513
135.374397468567 129.1175989151 824 1556916745520
135.303300361633 128.4302967453 826 1556916745535
135.2322032547 127.9325989151 826 1556916745543
135.255899276733 127.1978956604 826 1556916745558
135.1848021698 126.8424010849 825 1556916745565
135.2322032547 125.989199638367 824 1556916745580
135.303300361633 125.135998191834 826 1556916745595
135.350701446533 124.685701446533 826 1556916745603
135.350701446533 123.524397468567 826 1556916745625
135.421798553467 123.0977967453 827 1556916745633
135.398102531433 122.434199638367 826 1556916745648
135.469199638367 121.770602531433 828 1556916745663
135.4928956604 121.391402893066 827 1556916745670
135.7299010849 120.609298553467 827 1556916745685
135.753597106934 119.8746043396 827 1556916745700
135.8247032547 119.305800361633 826 1556916745716
135.8247032547 119.0925 826 1556916745723
135.848399276733 118.784397468567 825 1556916745731
135.8247032547 118.6422032547 825 1556916745738
135.8721043396 118.4525989151 826 1556916745746
135.8721043396 118.4051978302 826 1556916745761
135.8721043396 118.4051978302 825 1556916745776
135.8721043396 118.4051978302 826 1556916745783
135.8721043396 118.4051978302 826 1556916745791
135.848399276733 118.428902893066 829 1556916746038
135.800998191834 118.4525989151 835 1556916746098
135.753597106934 118.4051978302 835 1556916746106
135.6825 118.4051978302 834 1556916746114
135.398102531433 118.4525989151 833 1556916746129
135.2322032547 118.4051978302 833 1556916746136
135.066303977966 118.4051978302 833 1556916746144
134.6871043396 118.334100723267 833 1556916746159
133.786501808167 118.3577967453 833 1556916746181
133.478399276733 118.3103956604 833 1556916746189
133.1228956604 118.3103956604 832 1556916746196
132.435602531433 118.120800361633 832 1556916746211
132.151196022034 117.978597106934 832 1556916746219
131.369100723267 117.7652967453 833 1556916746234
130.4448021698 117.741600723267 833 1556916746249
129.449397468567 117.646798553467 833 1556916746264
128.951699638367 117.599397468567 833 1556916746271
128.454001808167 117.480899276733 833 1556916746279
127.126798553467 117.030602531433 834 1556916746301
125.586303977966 116.746196022034 836 1556916746324
125.0175 116.746196022034 837 1556916746331
123.808803977966 116.698803977966 838 1556916746346
123.216303977966 116.698803977966 838 1556916746354
120.206402893066 116.2722032547 839 1556916746391
117.623102531433 116.058902893066 839 1556916746421
116.366996383667 116.0351978302 840 1556916746436
115.0872032547 116.0825989151 840 1556916746451
113.8548021698 116.0351978302 840 1556916746466
113.3571043396 115.9877967453 842 1556916746474
109.7073021698 115.845602531433 841 1556916746527
109.2096043396 115.869298553467 842 1556916746534
108.261600723267 115.893003616333 842 1556916746549
107.7875989151 115.916699638367 842 1556916746557
105.986402893066 116.153696022034 841 1556916746587
104.7776978302 116.1774010849 841 1556916746609
103.5452967453 116.414397468567 841 1556916746632
102.3602967453 116.698803977966 840 1556916746654
101.246402893066 116.8173021698 832 1556916746677
100.108803977966 116.935800361633 841 1556916746699
99.303003616333 117.054298553467 841 1556916746714
98.9000989151001 117.149100723267 841 1556916746722
98.4260971069336 117.338696022034 841 1556916746729
97.3122032546997 117.4098021698 842 1556916746752
96.0560971069336 117.3624010849 841 1556916746774
95.2028956604004 117.433498191834 841 1556916746789
94.5866996383667 117.528300361633 840 1556916746797
93.5201978302002 117.7652967453 840 1556916746812
92.9988039779663 117.7652967453 841 1556916746819
92.0033992767334 117.883803977966 841 1556916746834
89.5149010848999 117.7178956604 840 1556916746872
87.8796043395996 117.8126978302 841 1556916746895
86.7183003616333 117.9075 840 1556916746910
86.1968974685669 117.9075 840 1556916746917
84.1113039779663 117.7652967453 840 1556916746947
82.6418974685669 117.623102531433 840 1556916746970
78.4707014465332 117.575701446533 841 1556916747030
77.5464028930664 117.480899276733 841 1556916747045
77.0724010848999 117.528300361633 840 1556916747052
71.7873021697998 117.551996383667 841 1556916747135
71.3844019889832 117.623102531433 840 1556916747142
70.9104001808167 117.599397468567 840 1556916747150
70.0808992767334 117.741600723267 840 1556916747165
69.3225 117.694199638367 840 1556916747180
68.9670009040833 117.670503616333 840 1556916747187
68.3270998191833 117.528300361633 831 1556916747202
66.8340018081665 117.551996383667 840 1556916747232
66.0282014465332 117.7652967453 840 1556916747247
65.6726978302002 117.8600989151 840 1556916747255
64.6773021697998 118.025998191833 840 1556916747277
63.7292985534668 118.0023021698 841 1556916747300
63.42120054245 118.0023021698 840 1556916747308
62.805 117.9075 841 1556916747323
62.5679990959168 117.9075 840 1556916747330
62.3546987342835 117.931196022034 841 1556916747338
61.9991996383667 117.9075 841 1556916747353
61.7858992767334 117.9075 841 1556916747383
61.8095998191834 117.9075 840 1556916747390
61.7858992767334 117.9075 840 1556916747398
61.8095998191834 117.9075 841 1556916747413
61.8095998191834 117.9075 839 1556916747420
61.8095998191834 117.9075 837 1556916747428
61.8095998191834 117.9075 804 1556916747443
61.7858992767334 117.9075 733 1556916747450
61.7148021697998 117.978597106934 538 1556916747458
61.64370054245 118.073399276733 242 1556916747465
61.64370054245 118.073399276733 242 1556916747465
END STROKE
===NOTES===
Great Job
