1.00
USERID - 01/01/2000 01:00:00 AM - F - HS - EN - N/A
5/3/2019 15:51:45:534
5/3/2019 15:51:51:895
70.8629990959167 93.3306025314331 260 1556916705534
70.8866996383667 93.3068974685669 345 1556916705542
70.9341007232666 93.259496383667 409 1556916705549
70.9578012657166 93.2121043395996 489 1556916705564
70.9815018081665 93.2358003616333 574 1556916705587
71.0051978302002 93.259496383667 665 1556916705662
70.9815018081665 93.3068974685669 678 1556916705692
71.0051978302002 93.3542985534668 675 1556916705730
71.0051978302002 93.4016996383667 676 1556916705760
70.9815018081665 93.4491007232666 679 1556916705775
70.9104001808167 93.7572032546997 679 1556916705797
70.9104001808167 93.851996383667 677 1556916705812
70.9104001808167 93.8993974685669 677 1556916705842
70.9104001808167 94.0178956604004 689 1556916705865
70.8629990959167 94.1600989151001 694 1556916705872
70.9104001808167 94.3497032546997 698 1556916705887
70.8866996383667 94.3971043395996 698 1556916705895
70.9104001808167 94.5156025314331 696 1556916705955
70.8629990959167 94.7051978302002 698 1556916705970
70.8629990959167 94.8710971069336 697 1556916705977
70.8392985534668 95.0133003616333 697 1556916705985
70.8392985534668 95.2976978302002 697 1556916706007
70.8155980110168 95.3688039779663 696 1556916706015
70.7919019889832 95.4873021697998 697 1556916706030
70.7682014465332 95.629496383667 698 1556916706037
70.7682014465332 95.6532014465332 699 1556916706045
70.7445009040833 95.7006025314331 696 1556916706060
70.7445009040833 95.748003616333 697 1556916706068
70.7208003616333 95.9139028930664 698 1556916706075
70.6970998191834 96.1034981918335 698 1556916706090
70.6733992767334 96.1983003616333 697 1556916706098
70.6259981918335 96.340503616333 698 1556916706105
70.5549010848999 96.4590018081665 697 1556916706120
70.5075 96.7671043395996 699 1556916706128
70.5549010848999 97.1225989151001 750 1556916706143
70.53120054245 97.2174010848999 746 1556916706150
70.4600989151001 97.6914028930664 745 1556916706165
70.4363983726501 97.7625 742 1556916706173
70.4600989151001 97.8573021697998 741 1556916706188
70.4126978302002 98.0706025314331 742 1556916706195
70.4126978302002 98.4024010848999 745 1556916706210
70.3416007232666 98.9238039779663 747 1556916706225
70.2941996383667 99.0897032546997 748 1556916706233
70.2941996383667 99.3503956604004 750 1556916706240
70.2704990959167 99.4689028930664 749 1556916706248
70.2704990959167 99.6110971069336 747 1556916706263
70.2941996383667 99.7533003616333 748 1556916706270
70.2704990959167 99.8243974685669 748 1556916706278
70.2704990959167 99.9191996383667 748 1556916706285
70.1520009040833 100.653902893066 751 1556916706315
70.1757014465332 100.985701446533 800 1556916706323
70.1994019889832 101.7203956604 796 1556916706345
70.1757014465332 101.8625989151 794 1556916706353
70.1994019889832 101.981097106934 795 1556916706360
70.1994019889832 102.218102531433 793 1556916706368
70.1757014465332 102.3128956604 794 1556916706375
70.1520009040833 102.3602967453 793 1556916706383
70.0571987342834 102.976501808167 778 1556916706413
70.0808992767334 103.2372032547 792 1556916706420
70.1045998191833 103.331996383667 792 1556916706428
70.1045998191833 103.379397468567 792 1556916706435
70.1520009040833 103.521600723267 791 1556916706443
70.1283003616333 103.616402893066 790 1556916706450
70.1283003616333 104.0903956604 798 1556916706466
70.0334981918335 104.4222032547 798 1556916706488
70.0098021697998 104.896196022034 822 1556916706503
69.915 105.228003616333 820 1556916706518
69.93870054245 105.3227967453 819 1556916706526
69.915 105.465 820 1556916706533
69.915 105.701996383667 819 1556916706541
69.89129945755 105.820503616333 819 1556916706548
69.9861016273499 106.294496383667 820 1556916706571
69.9624010848999 106.341897468567 819 1556916706578
69.9624010848999 106.5551978302 818 1556916706593
69.93870054245 106.934397468567 817 1556916706608
69.915 107.005503616333 817 1556916706616
69.8201978302002 107.479496383667 817 1556916706631
69.8201978302002 107.550602531433 816 1556916706646
69.8438983726501 108.190503616333 817 1556916706683
69.7965018081665 108.309001808167 816 1556916706691
69.8201978302002 109.233300361633 815 1556916706721
69.89129945755 109.494001808167 814 1556916706728
69.8675989151001 109.778399276733 814 1556916706743
69.89129945755 110.370899276733 813 1556916706758
69.8675989151001 110.6078956604 813 1556916706766
69.8438983726501 111.603300361633 812 1556916706788
69.89129945755 112.551303977966 812 1556916706818
69.8675989151001 112.811996383667 813 1556916706826
69.8438983726501 114.115503616333 813 1556916706856
69.89129945755 115.205701446533 812 1556916706894
69.915 115.4900989151 811 1556916706901
69.93870054245 116.0825989151 811 1556916706924
69.915 116.343300361633 812 1556916706931
69.93870054245 117.3624010849 809 1556916706961
69.915 117.4098021698 810 1556916706969
69.7965018081665 119.898300361633 813 1556916707036
69.8438983726501 120.514496383667 815 1556916707051
69.8438983726501 120.798902893066 816 1556916707059
69.93870054245 121.201798553467 827 1556916707074
70.0098021697998 121.723201446533 830 1556916707089
70.0334981918335 122.363102531433 834 1556916707104
70.0334981918335 122.7897032547 835 1556916707111
69.7728012657166 124.496097106934 837 1556916707141
69.7728012657166 125.183399276733 836 1556916707171
69.7491007232666 125.230800361633 836 1556916707179
69.7254001808166 125.941798553467 836 1556916707201
69.6779990959167 127.008300361633 837 1556916707232
69.7254001808166 127.7903956604 836 1556916707254
69.7016996383667 127.908902893066 835 1556916707262
69.7016996383667 129.188696022034 836 1556916707299
69.6779990959167 129.686402893066 836 1556916707314
69.6779990959167 130.041897468567 837 1556916707322
69.6779990959167 130.3974010849 837 1556916707329
69.6779990959167 132.009001808167 838 1556916707389
69.7016996383667 132.72 838 1556916707412
69.7965018081665 133.004397468567 838 1556916707427
69.8675989151001 133.4073021698 839 1556916707442
69.8675989151001 133.478399276733 839 1556916707449
69.9624010848999 133.8575989151 838 1556916707464
69.9624010848999 133.9998021698 838 1556916707472
70.0098021697998 134.165701446533 839 1556916707479
70.0334981918335 134.379001808167 839 1556916707487
70.0808992767334 134.5449010849 839 1556916707494
70.0808992767334 134.9003956604 839 1556916707509
70.1045998191833 134.9951978302 840 1556916707517
70.1520009040833 135.445503616333 841 1556916707532
70.3179001808167 135.943201446533 841 1556916707547
70.3179001808167 136.203902893066 841 1556916707554
70.2941996383667 136.938597106934 841 1556916707577
70.3179001808167 137.128201446533 841 1556916707584
70.2941996383667 137.246699638367 841 1556916707592
70.4126978302002 137.696996383667 842 1556916707622
70.53120054245 139.8774010849 847 1556916707667
70.6259981918335 140.8727967453 849 1556916707997
70.6496987342834 140.896501808167 849 1556916708065
70.6970998191834 140.9201978302 849 1556916708125
70.8629990959167 140.896501808167 848 1556916708170
71.6213983726501 140.849100723267 848 1556916708208
71.8820998191834 140.801699638367 848 1556916708215
72.2375989151001 140.754298553467 848 1556916708223
73.4225989151001 140.4225 849 1556916708245
74.3705980110169 140.2802967453 848 1556916708260
75.4133992767334 140.2328956604 848 1556916708275
76.0058992767334 140.185503616333 848 1556916708283
76.5035971069336 140.2802967453 848 1556916708290
78.8973021697998 140.066996383667 848 1556916708320
83.186996383667 139.9722032547 848 1556916708373
84.4193974685669 139.8774010849 847 1556916708388
85.0356025314331 139.806303977966 848 1556916708396
85.6281025314331 139.83 848 1556916708403
86.268003616333 139.7351978302 847 1556916708411
87.5951978302002 139.616699638367 847 1556916708426
88.2350989151001 139.545602531433 848 1556916708433
90.2022032546997 139.3323021698 847 1556916708456
92.4536960220337 139.1900989151 847 1556916708486
93.3306025314331 139.166402893066 847 1556916708501
94.9896043395996 139.071600723267 847 1556916708531
95.748003616333 139.071600723267 848 1556916708546
96.0560971069336 139.071600723267 847 1556916708553
96.6959981918335 139.166402893066 847 1556916708568
96.9092985534668 139.166402893066 847 1556916708576
97.5017985534668 139.308597106934 847 1556916708598
97.9047032546997 139.2849010849 847 1556916708613
98.0942985534668 139.2849010849 847 1556916708621
98.1891007232666 139.2375 847 1556916708628
98.5208992767334 139.2375 847 1556916708643
98.7816007232666 139.2849010849 847 1556916708658
98.9238039779663 139.2849010849 847 1556916708666
99.0659981918335 139.308597106934 847 1556916708673
99.4215018081665 139.2849010849 847 1556916708688
99.54 139.261196022034 847 1556916708696
99.9902967453003 139.166402893066 847 1556916708711
100.2273021698 139.119001808167 847 1556916708718
101.151600723267 139.1426978302 847 1556916708741
102.834298553467 139.119001808167 847 1556916708771
104.351097106934 139.071600723267 847 1556916708794
105.939001808167 138.905701446533 848 1556916708816
106.578902893066 138.810899276733 847 1556916708824
108.451196022034 138.7398021698 847 1556916708846
114.613201446533 138.7398021698 847 1556916708921
125.61 138.763498191833 847 1556916709086
125.965503616333 138.6924010849 847 1556916709094
128.6673021698 138.8346043396 847 1556916709161
129.7575 138.953102531433 847 1556916709199
130.35 138.8346043396 847 1556916709214
130.563300361633 138.8346043396 847 1556916709222
131.321699638367 138.953102531433 847 1556916709244
131.558696022034 139.000503616333 847 1556916709252
132.151196022034 139.1426978302 847 1556916709267
132.483003616333 139.1900989151 847 1556916709274
133.146600723267 139.166402893066 847 1556916709289
134.141996383667 139.119001808167 847 1556916709312
134.4026978302 139.071600723267 847 1556916709319
134.663399276733 139.119001808167 847 1556916709327
134.9477967453 139.0952967453 846 1556916709334
135.161097106934 139.119001808167 848 1556916709342
135.398102531433 139.1900989151 847 1556916709349
135.6825 139.1900989151 847 1556916709357
136.298696022034 139.166402893066 847 1556916709372
136.6778956604 139.0952967453 847 1556916709379
136.938597106934 139.0478956604 847 1556916709387
137.5074010849 138.953102531433 847 1556916709402
137.768102531433 138.929397468567 846 1556916709409
137.981402893066 138.881996383667 847 1556916709417
138.0999010849 138.881996383667 846 1556916709424
138.1473021698 138.905701446533 847 1556916709432
138.0999010849 138.881996383667 847 1556916709507
138.076196022034 138.881996383667 846 1556916709522
138.076196022034 138.881996383667 846 1556916709529
138.076196022034 138.881996383667 847 1556916709537
138.0050989151 138.8346043396 843 1556916709642
137.981402893066 138.7872032547 844 1556916709657
137.934001808167 138.7872032547 843 1556916709672
137.8628956604 138.763498191833 841 1556916709695
137.815503616333 138.6924010849 834 1556916709710
137.744397468567 138.5975989151 828 1556916709717
137.696996383667 138.479100723267 827 1556916709725
137.578498191833 138.265800361633 821 1556916709740
137.5074010849 138.2421043396 821 1556916709747
137.4125989151 138.170998191833 821 1556916709755
137.341501808167 138.1473021698 821 1556916709762
137.2703956604 138.076196022034 822 1556916709770
137.128201446533 138.0050989151 821 1556916709777
137.080800361633 137.934001808167 823 1556916709785
136.8200989151 137.744397468567 822 1556916709800
136.701600723267 137.673300361633 822 1556916709807
136.535701446533 137.483696022034 822 1556916709815
136.3698021698 137.175602531433 822 1556916709830
136.1801978302 137.0097032547 822 1556916709837
135.919496383667 136.6778956604 823 1556916709852
135.7299010849 136.511996383667 823 1556916709860
135.326996383667 136.251303977966 824 1556916709875
135.09 136.014298553467 824 1556916709882
134.876699638367 135.8721043396 823 1556916709890
134.118300361633 135.113696022034 824 1556916709912
133.549496383667 134.6397032547 824 1556916709927
133.241402893066 134.331600723267 825 1556916709935
132.601501808167 133.976097106934 825 1556916709950
131.9852967453 133.549496383667 825 1556916709965
131.6772032547 133.336196022034 825 1556916709973
131.3453956604 133.099199638367 826 1556916709980
130.634397468567 132.554100723267 826 1556916709995
130.3025989151 132.245998191834 827 1556916710003
129.165 131.369100723267 827 1556916710025
128.003696022034 130.634397468567 838 1556916710048
127.671897468567 130.373696022034 837 1556916710055
127.2926978302 130.184100723267 838 1556916710063
125.373003616333 128.7621043396 839 1556916710100
125.041196022034 128.454001808167 838 1556916710108
124.211699638367 127.8851978302 839 1556916710123
123.8325 127.719298553467 840 1556916710130
123.026699638367 127.2452967453 844 1556916710145
122.623803977966 126.9846043396 843 1556916710153
121.628399276733 126.131402893066 843 1556916710175
120.9648021698 125.5625989151 843 1556916710190
120.2775 125.0649010849 843 1556916710205
119.921996383667 124.8278956604 843 1556916710213
118.381501808167 124.0221043396 844 1556916710243
117.694199638367 123.476996383667 843 1556916710258
116.7225 122.6000989151 843 1556916710280
116.461798553467 122.434199638367 843 1556916710288
115.419001808167 121.983902893066 844 1556916710310
114.779100723267 121.675800361633 843 1556916710325
113.9022032547 120.941097106934 843 1556916710348
113.333399276733 120.4197032547 844 1556916710363
112.219496383667 119.898300361633 844 1556916710386
111.864001808167 119.7324010849 843 1556916710393
110.584199638367 118.831798553467 844 1556916710423
110.2524010849 118.618498191834 845 1556916710431
109.588803977966 118.073399276733 845 1556916710446
109.2096043396 117.8600989151 845 1556916710453
108.095701446533 117.4098021698 844 1556916710476
106.7448021698 116.6276978302 847 1556916710506
106.436699638367 116.366996383667 847 1556916710513
105.465 115.798201446533 847 1556916710536
105.204298553467 115.5849010849 847 1556916710543
104.801402893066 115.3478956604 847 1556916710551
104.351097106934 114.873902893066 846 1556916710566
103.450503616333 114.1628956604 847 1556916710588
103.1898021698 113.9022032547 847 1556916710596
102.881699638367 113.688902893066 847 1556916710603
102.620998191834 113.428201446533 847 1556916710611
102.0522032547 113.0252967453 847 1556916710626
101.4597032547 112.646097106934 847 1556916710641
101.1278956604 112.4327967453 847 1556916710648
100.796097106934 112.243201446533 847 1556916710656
99.9902967453003 111.4374010849 847 1556916710678
99.3741007232666 111.058201446533 847 1556916710693
99.0897032546997 110.821196022034 847 1556916710701
98.3786960220337 110.513102531433 847 1556916710716
97.999496383667 110.3472032547 847 1556916710723
97.3122032546997 109.920602531433 847 1556916710739
96.9803956604004 109.778399276733 848 1556916710746
95.9613039779663 109.0674010849 847 1556916710769
94.9422032546997 108.4749010849 847 1556916710791
94.1600989151001 108.143102531433 847 1556916710806
93.8283003616333 107.9298021698 847 1556916710814
92.785503616333 107.313597106934 848 1556916710836
92.5010971069336 107.1002967453 848 1556916710844
91.5057014465332 106.413003616333 848 1556916710866
90.8658003616333 105.939001808167 848 1556916710881
89.9415018081665 105.4175989151 848 1556916710904
88.5668974685669 104.398498191834 850 1556916710941
88.3299010848999 104.1377967453 849 1556916710949
87.9981025314331 103.971897468567 849 1556916710956
87.5003956604004 103.616402893066 849 1556916710971
86.9316007232666 103.426798553467 850 1556916710986
86.6234981918335 103.308300361633 850 1556916710994
85.5333003616333 102.573597106934 850 1556916711024
84.964496383667 102.265503616333 850 1556916711039
84.4193974685669 101.91 849 1556916711054
84.135 101.8151978302 850 1556916711061
83.5425 101.530800361633 850 1556916711076
83.2581025314331 101.388597106934 850 1556916711084
82.120503616333 100.6301978302 850 1556916711114
81.8360971069336 100.416897468567 851 1556916711122
80.935503616333 100.0376978302 852 1556916711144
80.4141007232666 99.8717985534668 852 1556916711159
79.8452967453003 99.5636960220337 852 1556916711174
79.631996383667 99.3977967453003 852 1556916711182
79.3475989151001 99.184496383667 852 1556916711189
78.8499010848999 98.7341996383667 852 1556916711204
78.3996043395996 98.4260971069336 852 1556916711219
78.1625989151001 98.355 852 1556916711227
77.8782014465332 98.2127967453003 852 1556916711234
77.4278956604004 98.0232014465332 852 1556916711249
77.1672032546997 97.9283992767334 852 1556916711257
76.8353956604004 97.6676978302002 852 1556916711272
76.5035971069336 97.3358992767334 852 1556916711287
76.2428956604004 97.1936960220337 852 1556916711294
75.6978012657165 96.8856025314331 852 1556916711317
75.5082014465332 96.8618974685669 852 1556916711324
75.2949010848999 96.7908003616333 852 1556916711332
75.2000989151001 96.7433992767334 852 1556916711339
75.0816007232666 96.6485971069336 852 1556916711347
74.8920009040833 96.4590018081665 852 1556916711362
74.7971987342835 96.340503616333 852 1556916711369
74.7024010848999 96.2693974685669 852 1556916711377
74.5838983726502 96.1508992767334 852 1556916711384
74.4654001808167 96.1034981918335 852 1556916711392
74.2283992767334 95.9613039779663 852 1556916711407
74.1336016273499 95.9375989151001 852 1556916711414
73.8966007232666 95.7716996383667 852 1556916711429
73.8017985534668 95.7242985534668 852 1556916711437
73.5411016273499 95.4635971069336 852 1556916711452
73.2329990959168 95.2028956604004 852 1556916711474
73.1145009040833 95.155503616333 852 1556916711482
73.0433992767334 95.036996383667 852 1556916711489
72.9723021697998 95.036996383667 852 1556916711497
72.8537994575501 94.8948021697998 852 1556916711512
72.8300989151001 94.8710971069336 852 1556916711520
72.8063983726502 94.8474010848999 852 1556916711527
72.7590018081665 94.7763039779663 852 1556916711550
72.6879001808167 94.6341007232666 852 1556916711565
72.6404990959168 94.4918974685669 852 1556916711572
72.5457014465332 94.3971043395996 852 1556916711595
72.4745998191834 94.3733992767334 852 1556916711602
72.3324010848999 94.2311960220337 852 1556916711617
72.2375989151001 94.0178956604004 852 1556916711632
72.0005980110168 93.7098021697998 852 1556916711662
72.0005980110168 93.6860971069336 852 1556916711677
72.0005980110168 93.6860971069336 851 1556916711692
72.0005980110168 93.6860971069336 852 1556916711700
71.9769019889832 93.6860971069336 851 1556916711707
71.9769019889832 93.6624010848999 851 1556916711730
71.7636016273499 93.4491007232666 851 1556916711745
71.5503012657166 93.2358003616333 851 1556916711760
71.5266007232666 93.2358003616333 851 1556916711767
71.5503012657166 93.2358003616333 851 1556916711775
71.5503012657166 93.2121043395996 806 1556916711865
71.5976978302002 92.6907014465332 643 1556916711880
71.6450989151001 92.3115018081665 434 1556916711887
71.6687994575501 92.0982014465332 178 1556916711895
71.6687994575501 92.0982014465332 178 1556916711895
END STROKE
===NOTES===
Great Job
