1.00
USERID - 01/01/2000 01:00:00 AM - F - HS - EN - N/A
3/13/2019 15:48:38:376
3/13/2019 15:48:44:968
38.7969019889832 100.488003616333 148 1552510118376
38.8205980110168 100.511699638367 96 1552510118385
38.8442985534668 100.511699638367 116 1552510118393
38.9154001808167 100.488003616333 120 1552510118401
39.0575989151001 100.416897468567 132 1552510118410
39.2234981918335 100.3221043396 160 1552510118418
39.4841996383667 100.156196022034 168 1552510118426
39.6975 100.014001808167 188 1552510118435
39.9345009040833 99.8717985534668 204 1552510118443
40.0766996383667 99.7058992767334 208 1552510118451
40.3374010848999 99.3977967453003 220 1552510118460
40.6691996383667 99.0423021697998 236 1552510118468
41.0009981918335 98.5683003616333 252 1552510118476
41.3565018081665 98.1653956604004 256 1552510118485
41.6408992767334 97.7625 280 1552510118493
42.09120054245 97.1463039779663 284 1552510118501
42.5651978302002 96.5064028930664 300 1552510118510
43.2287994575501 95.7242985534668 332 1552510118518
44.5796987342834 94.1600989151001 344 1552510118535
45.3617985534668 93.2121043395996 364 1552510118543
47.4 90.9842985534668 380 1552510118560
48.5375989151001 89.6808003616333 396 1552510118568
49.77 88.3061960220337 400 1552510118576
51.1208992767334 86.860503616333 408 1552510118585
52.5191996383667 85.32 420 1552510118593
55.4105980110169 82.3811960220337 428 1552510118610
57.0458992767334 80.7458992767334 436 1552510118618
58.6100989151001 79.1106025314331 436 1552510118626
60.2928012657166 77.4041996383667 440 1552510118635
61.9517985534668 75.6741007232666 440 1552510118643
63.6345009040833 73.9203012657166 448 1552510118651
65.3408992767334 72.1191007232666 452 1552510118660
67.0236016273499 70.3653012657166 456 1552510118668
68.6115018081665 68.7537005424499 456 1552510118676
70.1283003616333 67.1895009040833 460 1552510118685
71.6450989151001 65.6016007232666 460 1552510118693
73.1145009040833 64.0848021697998 460 1552510118701
74.3942985534668 62.8524010848999 460 1552510118710
75.3896987342835 61.8570009040833 464 1552510118718
76.2666007232666 60.9800989151001 464 1552510118726
77.0486960220337 60.1979990959167 464 1552510118735
77.6411960220337 59.4870009040833 464 1552510118743
78.1863039779663 58.9655980110169 464 1552510118751
78.5417985534668 58.6100989151001 464 1552510118760
78.8261960220337 58.3967985534668 464 1552510118768
78.9447032546997 58.2308992767334 464 1552510118776
78.9683992767334 58.2308992767334 472 1552510118785
78.9683992767334 58.2308992767334 476 1552510118793
78.9683992767334 58.2308992767334 472 1552510118801
78.9447032546997 58.2071987342835 472 1552510118810
78.9447032546997 58.2071987342835 472 1552510118818
78.9447032546997 58.2071987342835 476 1552510118826
78.9447032546997 58.2308992767334 472 1552510118835
78.9447032546997 58.2308992767334 476 1552510118843
78.9447032546997 58.2308992767334 476 1552510118851
78.9447032546997 58.2308992767334 476 1552510118860
78.9447032546997 58.2545998191834 476 1552510118868
78.9209981918335 58.2308992767334 476 1552510118876
78.9209981918335 58.2308992767334 476 1552510118885
78.9209981918335 58.2308992767334 480 1552510118893
78.9209981918335 58.2308992767334 480 1552510118901
78.9209981918335 58.2308992767334 480 1552510118910
78.9447032546997 58.2308992767334 480 1552510118918
78.9447032546997 58.2308992767334 480 1552510118926
78.9447032546997 58.2308992767334 484 1552510118935
78.9447032546997 58.2308992767334 484 1552510118943
78.9447032546997 58.2308992767334 480 1552510118951
78.8973021697998 58.2071987342835 484 1552510118960
78.9209981918335 58.2071987342835 484 1552510118968
78.8973021697998 58.2071987342835 484 1552510118976
78.9209981918335 58.2071987342835 488 1552510118985
78.9209981918335 58.2071987342835 488 1552510118993
78.9209981918335 58.2071987342835 488 1552510119001
78.9209981918335 58.2308992767334 492 1552510119010
78.9209981918335 58.2308992767334 492 1552510119018
78.9209981918335 58.2308992767334 496 1552510119026
78.9209981918335 58.2308992767334 496 1552510119035
78.9209981918335 58.2308992767334 496 1552510119043
78.9447032546997 58.2308992767334 496 1552510119051
78.8973021697998 58.2071987342835 496 1552510119060
78.8973021697998 58.2071987342835 496 1552510119068
78.9209981918335 58.2308992767334 496 1552510119076
78.9209981918335 58.2308992767334 496 1552510119085
78.9209981918335 58.2071987342835 496 1552510119093
78.8973021697998 58.2308992767334 500 1552510119101
78.8973021697998 58.2071987342835 500 1552510119110
78.8973021697998 58.2071987342835 500 1552510119118
78.8973021697998 58.2071987342835 500 1552510119126
78.8973021697998 58.2071987342835 504 1552510119135
78.8973021697998 58.2071987342835 504 1552510119143
78.8973021697998 58.2071987342835 508 1552510119151
78.8973021697998 58.2071987342835 508 1552510119160
78.8973021697998 58.2071987342835 508 1552510119168
78.8973021697998 58.2071987342835 512 1552510119176
78.8973021697998 58.2071987342835 512 1552510119185
78.8973021697998 58.2071987342835 516 1552510119193
78.8973021697998 58.2071987342835 516 1552510119201
78.8973021697998 58.2071987342835 516 1552510119210
78.8973021697998 58.2071987342835 516 1552510119218
78.8973021697998 58.2071987342835 516 1552510119226
78.9209981918335 58.2071987342835 516 1552510119235
78.9209981918335 58.2071987342835 516 1552510119243
78.9209981918335 58.2071987342835 516 1552510119251
78.9209981918335 58.2071987342835 516 1552510119260
78.9209981918335 58.2071987342835 516 1552510119268
78.9447032546997 58.2071987342835 516 1552510119276
78.9447032546997 58.2071987342835 516 1552510119285
78.9209981918335 58.1834981918335 516 1552510119293
78.9209981918335 58.1834981918335 516 1552510119301
78.9447032546997 58.2071987342835 516 1552510119310
78.9447032546997 58.2071987342835 516 1552510119318
78.9447032546997 58.2071987342835 512 1552510119326
78.9447032546997 58.2071987342835 508 1552510119335
78.9683992767334 58.2071987342835 504 1552510119343
78.9921043395996 58.2071987342835 500 1552510119351
79.039496383667 58.2308992767334 496 1552510119360
79.1342985534668 58.2545998191834 496 1552510119368
79.3475989151001 58.2783003616333 496 1552510119376
79.5608992767334 58.2783003616333 496 1552510119385
79.8216007232666 58.3020009040833 496 1552510119393
80.2482014465332 58.3020009040833 500 1552510119401
80.6510971069336 58.3020009040833 496 1552510119410
81.1725 58.2783003616333 496 1552510119418
81.6227967453003 58.2308992767334 496 1552510119426
82.2152967453003 58.2308992767334 496 1552510119435
82.8077967453003 58.2545998191834 500 1552510119443
83.3528956604004 58.3494019889832 500 1552510119451
84.0165018081665 58.3967985534668 500 1552510119460
84.7038039779663 58.4441996383667 500 1552510119468
85.4384981918335 58.4916007232666 500 1552510119476
86.1258003616333 58.4916007232666 500 1552510119485
86.860503616333 58.5626978302002 500 1552510119493
87.4056025314331 58.7049010848999 496 1552510119501
88.045503616333 58.7996987342835 496 1552510119510
88.7091007232666 58.9182014465332 496 1552510119518
89.3964028930664 58.9655980110169 500 1552510119526
90.2258992767334 59.0841007232666 496 1552510119535
91.0791007232666 59.2025989151001 500 1552510119543
91.9085971069336 59.3211016273499 500 1552510119551
92.6907014465332 59.4633003616333 496 1552510119560
93.5201978302002 59.5817985534668 500 1552510119568
94.4682014465332 59.6766007232666 500 1552510119576
95.4161960220337 59.8425 500 1552510119585
96.4590018081665 59.9136016273499 500 1552510119593
97.525503616333 59.9846987342834 496 1552510119601
98.6393974685669 60.0320998191834 500 1552510119610
99.6822032546997 60.1032014465332 496 1552510119618
100.796097106934 60.1979990959167 496 1552510119626
103.118696022034 60.435 496 1552510119643
104.28 60.4824010848999 500 1552510119651
105.3701978302 60.5771987342834 496 1552510119660
106.5077967453 60.7430980110168 496 1552510119668
107.598003616333 60.9563983726501 500 1552510119676
108.664496383667 61.1223021697998 500 1552510119685
109.7547032547 61.3119019889832 496 1552510119693
110.821196022034 61.4778012657166 496 1552510119701
111.9350989151 61.5725989151001 496 1552510119710
113.049001808167 61.7148021697998 496 1552510119718
114.139199638367 61.8333003616333 500 1552510119726
116.2722032547 61.9754990959168 500 1552510119743
117.338696022034 62.0940018081665 496 1552510119751
118.428902893066 62.0940018081665 500 1552510119760
119.4953956604 62.1650989151001 500 1552510119768
120.4197032547 62.2599010848999 500 1552510119776
121.225503616333 62.3073021697998 500 1552510119785
122.0075989151 62.3546987342835 500 1552510119793
122.813399276733 62.4495009040833 500 1552510119801
123.548102531433 62.5442985534668 500 1552510119810
124.2353956604 62.5916996383667 500 1552510119818
124.780503616333 62.6628012657166 504 1552510119826
125.349298553467 62.7338983726502 500 1552510119835
125.823300361633 62.805 504 1552510119843
126.1550989151 62.8524010848999 504 1552510119851
126.3447032547 62.8761016273499 500 1552510119860
126.676501808167 62.8998021697998 504 1552510119868
126.795 62.9471987342834 504 1552510119876
126.9372032547 62.9945998191834 504 1552510119885
127.079397468567 63.0183003616333 504 1552510119893
127.103102531433 63.0183003616333 508 1552510119901
127.126798553467 63.0183003616333 504 1552510119910
127.126798553467 63.0183003616333 504 1552510119918
127.126798553467 63.0183003616333 504 1552510119926
127.103102531433 63.0183003616333 508 1552510119935
127.103102531433 63.0183003616333 508 1552510119943
127.103102531433 63.0183003616333 508 1552510119951
127.055701446533 62.9708992767334 508 1552510119960
127.055701446533 62.9708992767334 512 1552510119968
127.055701446533 62.9708992767334 512 1552510119976
127.055701446533 62.9708992767334 512 1552510119985
127.055701446533 62.9708992767334 512 1552510119993
127.055701446533 62.9708992767334 512 1552510120001
127.055701446533 62.9708992767334 512 1552510120010
127.055701446533 62.9708992767334 512 1552510120018
127.079397468567 62.9945998191834 512 1552510120026
127.079397468567 62.9945998191834 508 1552510120035
127.079397468567 63.0183003616333 508 1552510120043
127.079397468567 63.0183003616333 504 1552510120051
127.079397468567 63.0657014465332 508 1552510120060
127.103102531433 63.0894019889832 504 1552510120068
127.126798553467 63.1604990959167 500 1552510120076
127.150503616333 63.2316007232666 500 1552510120085
127.174199638367 63.3026978302002 496 1552510120093
127.1978956604 63.37379945755 496 1552510120101
127.2452967453 63.5159981918335 496 1552510120110
127.269001808167 63.7292985534668 496 1552510120118
127.3400989151 63.99 496 1552510120126
127.411196022034 64.2033003616333 496 1552510120135
127.4823021698 64.3454990959168 500 1552510120143
127.5771043396 64.60620054245 500 1552510120151
127.600800361633 64.8195009040833 496 1552510120160
127.671897468567 65.0328012657166 492 1552510120168
127.766699638367 65.4357014465332 496 1552510120176
127.9325989151 65.9570998191834 496 1552510120193
128.098498191834 66.3362994575501 496 1552510120201
128.264397468567 66.6444019889832 496 1552510120210
128.3828956604 67.0236016273499 500 1552510120218
128.596196022034 67.4975989151001 500 1552510120226
128.738399276733 67.7583003616333 496 1552510120235
128.833201446533 68.0426978302002 496 1552510120243
129.0227967453 68.6351978302002 500 1552510120251
129.2124010849 69.3225 508 1552510120260
129.425701446533 69.89129945755 512 1552510120268
129.544199638367 70.3653012657166 512 1552510120276
129.7100989151 70.8866996383667 516 1552510120285
129.875998191834 71.3133003616333 516 1552510120293
129.923399276733 71.6213983726501 516 1552510120301
130.018201446533 72.0242985534668 516 1552510120310
130.089298553467 72.3324010848999 516 1552510120318
130.1603956604 72.5220009040833 520 1552510120326
130.2551978302 72.7826978302002 516 1552510120335
130.373696022034 73.1855980110169 516 1552510120343
130.563300361633 73.9440018081665 524 1552510120351
130.776600723267 74.4179990959168 528 1552510120360
131.013597106934 75.2000989151001 532 1552510120368
131.3453956604 75.9822032546997 532 1552510120376
131.653498191834 76.6458003616333 532 1552510120385
132.009001808167 77.2857014465332 536 1552510120393
132.293399276733 78.0677967453003 532 1552510120401
132.601501808167 78.8025 536 1552510120410
132.885899276733 79.5134981918335 536 1552510120418
133.3125 80.3666996383667 536 1552510120426
133.739100723267 81.2673021697998 536 1552510120435
133.9998021698 81.8598021697998 536 1552510120443
134.734496383667 83.1396043395996 536 1552510120460
135.2322032547 84.0639028930664 540 1552510120468
135.658803977966 84.7749010848999 540 1552510120476
136.1801978302 85.6281025314331 540 1552510120485
136.606798553467 86.3865018081665 540 1552510120493
136.9623021698 87.2633992767334 540 1552510120501
137.3177967453 88.2825 540 1552510120510
137.696996383667 89.3726978302002 540 1552510120518
138.028803977966 89.9415018081665 540 1552510120526
138.384298553467 90.7235971069336 540 1552510120535
138.716097106934 91.481996383667 544 1552510120543
139.071600723267 92.2166996383667 540 1552510120551
139.498201446533 93.2121043395996 540 1552510120560
139.901097106934 94.1364028930664 540 1552510120568
140.304001808167 95.1081025314331 544 1552510120576
140.659496383667 95.9139028930664 544 1552510120585
141.086097106934 96.8382014465332 540 1552510120593
141.536402893066 97.9758003616333 540 1552510120601
141.939298553467 99.0897032546997 540 1552510120610
142.2474010849 99.9666007232666 544 1552510120618
142.958399276733 101.649298553467 540 1552510120635
143.361303977966 102.620998191834 540 1552510120643
143.669397468567 103.4978956604 540 1552510120651
143.9300989151 104.1851978302 540 1552510120660
144.143399276733 104.8250989151 532 1552510120668
144.356699638367 105.3701978302 540 1552510120676
144.593696022034 106.0100989151 532 1552510120685
144.7596043396 106.484100723267 528 1552510120693
144.854397468567 106.815899276733 520 1552510120701
144.901798553467 106.886996383667 524 1552510120710
144.901798553467 106.910701446533 520 1552510120718
144.901798553467 106.910701446533 516 1552510120726
144.925503616333 106.886996383667 508 1552510120735
144.901798553467 106.886996383667 500 1552510120743
144.949199638367 106.886996383667 492 1552510120751
144.925503616333 106.886996383667 488 1552510120760
144.925503616333 106.886996383667 488 1552510120768
144.925503616333 106.886996383667 492 1552510120776
144.925503616333 106.863300361633 488 1552510120785
144.925503616333 106.863300361633 488 1552510120793
144.925503616333 106.886996383667 484 1552510120801
144.925503616333 106.863300361633 480 1552510120810
144.925503616333 106.863300361633 480 1552510120818
144.925503616333 106.863300361633 484 1552510120826
144.925503616333 106.8396043396 484 1552510120835
144.925503616333 106.8396043396 484 1552510120843
144.925503616333 106.8396043396 484 1552510120851
144.925503616333 106.8396043396 484 1552510120860
144.925503616333 106.863300361633 488 1552510120868
144.949199638367 106.863300361633 488 1552510120876
144.949199638367 106.886996383667 492 1552510120885
144.949199638367 106.886996383667 492 1552510120893
144.949199638367 106.886996383667 492 1552510120901
144.949199638367 106.886996383667 492 1552510120910
144.949199638367 106.886996383667 492 1552510120918
144.949199638367 106.886996383667 496 1552510120926
144.949199638367 106.886996383667 496 1552510120935
144.949199638367 106.886996383667 496 1552510120943
144.949199638367 106.886996383667 496 1552510120951
144.949199638367 106.886996383667 496 1552510120960
144.949199638367 106.886996383667 496 1552510120968
144.949199638367 106.886996383667 500 1552510120976
144.9728956604 106.910701446533 500 1552510120985
144.9728956604 106.910701446533 500 1552510120993
144.9728956604 106.910701446533 500 1552510121001
144.9728956604 106.910701446533 504 1552510121010
144.9728956604 106.910701446533 504 1552510121018
144.9728956604 106.934397468567 504 1552510121026
144.9728956604 106.934397468567 508 1552510121035
144.9728956604 106.934397468567 512 1552510121043
144.9728956604 106.958102531433 516 1552510121051
144.9728956604 106.958102531433 516 1552510121060
144.9728956604 106.958102531433 516 1552510121068
144.9728956604 106.958102531433 520 1552510121076
144.9728956604 106.958102531433 520 1552510121085
144.9728956604 106.981798553467 520 1552510121093
144.9728956604 106.981798553467 520 1552510121101
144.949199638367 106.981798553467 520 1552510121110
144.9728956604 107.005503616333 520 1552510121118
144.9728956604 107.029199638367 512 1552510121126
144.9728956604 107.029199638367 516 1552510121135
144.949199638367 107.029199638367 512 1552510121143
144.949199638367 107.0528956604 512 1552510121151
144.949199638367 107.0528956604 512 1552510121160
144.925503616333 107.076600723267 508 1552510121168
144.806996383667 107.1476978302 508 1552510121176
144.5225989151 107.4321043396 480 1552510121185
144.190800361633 107.7875989151 484 1552510121193
143.8826978302 108.095701446533 492 1552510121201
143.2901978302 108.640800361633 484 1552510121218
142.9347032547 108.901501808167 484 1552510121226
142.579199638367 109.2096043396 480 1552510121235
141.773399276733 109.825800361633 480 1552510121251
141.299397468567 110.133902893066 484 1552510121260
140.778003616333 110.370899276733 476 1552510121268
140.2802967453 110.631600723267 492 1552510121276
139.7351978302 111.010800361633 488 1552510121285
139.2375 111.366303977966 496 1552510121293
138.668696022034 111.769199638367 492 1552510121301
138.218399276733 112.100998191834 496 1552510121310
137.696996383667 112.4327967453 500 1552510121318
137.175602531433 112.7646043396 500 1552510121326
136.630503616333 113.3097032547 496 1552510121335
136.038003616333 113.7125989151 504 1552510121343
135.421798553467 114.115503616333 500 1552510121351
134.853003616333 114.613201446533 504 1552510121360
134.236798553467 115.158300361633 504 1552510121368
133.668003616333 115.513803977966 512 1552510121376
133.051798553467 115.9403956604 516 1552510121385
132.435602531433 116.414397468567 508 1552510121393
131.866798553467 116.9121043396 520 1552510121401
131.298003616333 117.4098021698 520 1552510121410
130.681798553467 117.8600989151 516 1552510121418
130.089298553467 118.239298553467 532 1552510121426
129.520503616333 118.6422032547 528 1552510121435
128.951699638367 119.021402893066 528 1552510121443
128.359199638367 119.448003616333 532 1552510121451
127.719298553467 119.921996383667 532 1552510121460
127.031996383667 120.4197032547 536 1552510121468
125.633696022034 121.438803977966 536 1552510121485
124.946402893066 121.936501808167 536 1552510121493
124.2827967453 122.339397468567 540 1552510121501
123.619199638367 122.884496383667 544 1552510121510
122.931897468567 123.476996383667 540 1552510121518
122.1972032547 124.116897468567 544 1552510121526
121.438803977966 124.709397468567 548 1552510121535
120.704100723267 125.301897468567 544 1552510121543
119.2347032547 126.226196022034 540 1552510121560
118.523696022034 126.8424010849 540 1552510121568
117.789001808167 127.4823021698 548 1552510121576
117.054298553467 128.0748021698 552 1552510121585
116.3196043396 128.6673021698 552 1552510121593
115.655998191834 129.330899276733 556 1552510121601
115.158300361633 129.7100989151 552 1552510121610
114.091798553467 130.563300361633 556 1552510121626
113.594100723267 130.9899010849 552 1552510121635
113.143803977966 131.4401978302 552 1552510121643
112.7646043396 131.9378956604 552 1552510121651
112.3853956604 132.2697032547 552 1552510121660
112.100998191834 132.554100723267 556 1552510121668
111.911402893066 132.6251978302 556 1552510121676
111.864001808167 132.6725989151 560 1552510121685
111.864001808167 132.696303977966 560 1552510121693
111.864001808167 132.696303977966 560 1552510121701
111.864001808167 132.696303977966 560 1552510121710
111.864001808167 132.72 560 1552510121718
111.864001808167 132.72 560 1552510121726
111.864001808167 132.72 560 1552510121735
111.864001808167 132.72 560 1552510121743
111.864001808167 132.72 560 1552510121751
111.8876978302 132.72 560 1552510121760
111.8876978302 132.72 560 1552510121768
111.8876978302 132.72 560 1552510121776
111.8876978302 132.72 560 1552510121785
111.8876978302 132.72 560 1552510121793
111.911402893066 132.72 560 1552510121801
111.911402893066 132.72 560 1552510121810
111.911402893066 132.72 556 1552510121818
111.911402893066 132.72 556 1552510121826
111.911402893066 132.72 556 1552510121835
111.911402893066 132.696303977966 556 1552510121843
111.911402893066 132.696303977966 556 1552510121851
111.911402893066 132.696303977966 556 1552510121860
111.911402893066 132.696303977966 552 1552510121868
111.8876978302 132.696303977966 552 1552510121876
111.911402893066 132.696303977966 552 1552510121885
111.8876978302 132.696303977966 552 1552510121893
111.8876978302 132.6725989151 552 1552510121901
111.8876978302 132.6725989151 548 1552510121910
111.8876978302 132.6725989151 548 1552510121918
111.8876978302 132.648902893066 544 1552510121926
111.864001808167 132.648902893066 544 1552510121935
111.864001808167 132.648902893066 544 1552510121943
111.8402967453 132.6251978302 544 1552510121951
111.8402967453 132.6251978302 544 1552510121960
111.816600723267 132.601501808167 540 1552510121968
111.745503616333 132.5777967453 540 1552510121976
111.555899276733 132.5303956604 540 1552510121985
111.2951978302 132.435602531433 540 1552510121993
110.9397032547 132.340800361633 540 1552510122001
110.631600723267 132.3171043396 544 1552510122010
110.228696022034 132.3171043396 544 1552510122018
109.849496383667 132.293399276733 544 1552510122026
109.4228956604 132.245998191834 552 1552510122035
108.9725989151 132.198597106934 552 1552510122043
108.451196022034 132.2223021698 552 1552510122051
107.858696022034 132.2223021698 544 1552510122060
107.408399276733 132.2223021698 552 1552510122068
107.076600723267 132.1749010849 556 1552510122076
106.626303977966 132.0800989151 556 1552510122085
106.033803977966 131.9852967453 540 1552510122093
105.393902893066 132.056402893066 544 1552510122101
104.706600723267 132.0326978302 552 1552510122110
103.971897468567 131.9378956604 556 1552510122118
103.308300361633 131.866798553467 552 1552510122126
102.6921043396 131.748300361633 556 1552510122135
101.9574010849 131.606097106934 560 1552510122143
101.246402893066 131.4401978302 556 1552510122151
100.606501808167 131.4401978302 560 1552510122160
99.8717985534668 131.463902893066 560 1552510122168
99.0659981918335 131.463902893066 556 1552510122176
98.3313039779663 131.4875989151 556 1552510122185
97.4543974685669 131.4401978302 560 1552510122193
96.6249010848999 131.3453956604 556 1552510122201
95.0843974685669 131.203201446533 564 1552510122218
94.2075 131.1321043396 560 1552510122226
93.4253956604004 131.108399276733 552 1552510122235
92.5722032546997 130.9899010849 560 1552510122243
91.5767985534668 130.8950989151 560 1552510122251
90.6761960220337 130.729199638367 564 1552510122260
89.7756025314331 130.705503616333 564 1552510122268
88.8513039779663 130.515899276733 564 1552510122276
87.9033003616333 130.586996383667 560 1552510122285
86.9552967453003 130.5396043396 568 1552510122293
85.9125 130.515899276733 564 1552510122301
84.9408003616333 130.4922032547 564 1552510122310
83.9216996383667 130.4448021698 564 1552510122318
82.9025989151001 130.421097106934 564 1552510122326
81.8598021697998 130.326303977966 568 1552510122335
80.8407014465332 130.1603956604 568 1552510122343
79.8216007232666 129.970800361633 568 1552510122351
78.8499010848999 129.970800361633 568 1552510122360
77.8308003616333 129.9471043396 564 1552510122368
76.7406025314331 129.828597106934 568 1552510122376
75.7925989151001 129.7100989151 568 1552510122385
74.8208992767334 129.6626978302 568 1552510122393
73.8491996383667 129.5678956604 568 1552510122401
72.8775 129.425701446533 572 1552510122410
71.9295009040833 129.330899276733 568 1552510122418
71.0525989151001 129.2598021698 572 1552510122426
70.1283003616333 129.188696022034 572 1552510122435
69.2276978302002 129.093902893066 572 1552510122443
68.3745009040832 128.928003616333 572 1552510122451
67.56870054245 128.856897468567 572 1552510122460
66.7154990959168 128.690998191834 572 1552510122468
65.8859981918335 128.5250989151 572 1552510122476
65.0328012657166 128.3828956604 572 1552510122485
64.2744019889832 128.264397468567 572 1552510122493
63.4923021697998 128.1222032547 568 1552510122501
62.7575989151001 128.003696022034 572 1552510122510
62.0703012657166 127.908902893066 572 1552510122518
61.3829990959168 127.861501808167 572 1552510122526
60.7430980110168 127.743003616333 572 1552510122535
60.1742985534668 127.671897468567 576 1552510122543
59.6291996383667 127.553399276733 576 1552510122551
59.1551978302002 127.458597106934 572 1552510122560
58.7049010848999 127.3400989151 572 1552510122568
58.2783003616333 127.2452967453 576 1552510122576
57.9228012657166 127.126798553467 576 1552510122585
57.7332014465332 127.055701446533 576 1552510122593
57.5909981918335 127.008300361633 572 1552510122601
57.4487994575501 126.9372032547 572 1552510122610
57.3776978302002 126.913498191834 568 1552510122618
57.2829001808167 126.8898021698 564 1552510122626
57.1880980110168 126.8424010849 564 1552510122635
57.1644019889832 126.795 564 1552510122643
57.1407014465332 126.771303977966 564 1552510122651
57.1170009040833 126.771303977966 564 1552510122659
57.0933003616333 126.7475989151 564 1552510122668
57.0695998191834 126.7475989151 568 1552510122676
57.0695998191834 126.7475989151 568 1552510122685
57.0695998191834 126.7475989151 568 1552510122693
57.0933003616333 126.7475989151 568 1552510122701
57.0933003616333 126.771303977966 572 1552510122710
57.0933003616333 126.771303977966 572 1552510122718
57.0933003616333 126.771303977966 572 1552510122726
57.0933003616333 126.771303977966 572 1552510122735
57.1170009040833 126.771303977966 572 1552510122743
57.1170009040833 126.795 572 1552510122751
57.1170009040833 126.795 572 1552510122760
57.1170009040833 126.795 572 1552510122768
57.1170009040833 126.795 572 1552510122776
57.1170009040833 126.795 568 1552510122785
57.1407014465332 126.795 572 1552510122793
57.1170009040833 126.795 572 1552510122801
57.1170009040833 126.795 572 1552510122809
57.1170009040833 126.795 572 1552510122818
57.1170009040833 126.771303977966 572 1552510122826
57.1170009040833 126.771303977966 576 1552510122834
57.1170009040833 126.771303977966 576 1552510122843
57.1170009040833 126.771303977966 576 1552510122851
57.1170009040833 126.771303977966 576 1552510122859
57.1170009040833 126.771303977966 576 1552510122868
57.1170009040833 126.771303977966 572 1552510122876
57.1170009040833 126.771303977966 572 1552510122885
57.1170009040833 126.7475989151 572 1552510122893
57.1170009040833 126.7475989151 572 1552510122901
57.0933003616333 126.7475989151 568 1552510122909
57.0933003616333 126.723902893066 568 1552510122918
57.0695998191834 126.723902893066 564 1552510122926
57.0695998191834 126.723902893066 564 1552510122935
57.0695998191834 126.7001978302 560 1552510122943
57.0458992767334 126.676501808167 556 1552510122951
57.0221987342835 126.6527967453 556 1552510122959
56.9748021697998 126.6053956604 552 1552510122968
56.8562994575501 126.463201446533 556 1552510122976
56.8088983726501 126.415800361633 556 1552510122984
56.7378012657166 126.3921043396 556 1552510122993
56.6904001808167 126.3447032547 552 1552510123001
56.5719019889832 126.2025 556 1552510123009
56.3823021697998 125.941798553467 556 1552510123018
56.31120054245 125.728498191833 560 1552510123026
56.1690018081665 125.4677967453 560 1552510123034
56.0504990959167 125.278201446533 560 1552510123043
55.9557014465332 125.135998191834 564 1552510123051
55.8371987342834 124.899001808167 564 1552510123059
55.7424010848999 124.6146043396 564 1552510123068
55.4579990959167 124.116897468567 564 1552510123084
55.3158003616333 123.856196022034 564 1552510123093
55.1025 123.476996383667 568 1552510123109
54.9603012657166 123.1925989151 568 1552510123118
54.8417985534668 122.908201446533 568 1552510123126
54.6995998191834 122.718597106934 568 1552510123134
54.51 122.315701446533 568 1552510123143
54.3915018081665 121.983902893066 568 1552510123151
54.2966996383667 121.6047032547 564 1552510123159
54.2492985534668 121.6047032547 564 1552510123168
54.1782014465332 121.5573021698 564 1552510123176
54.0833992767334 121.5099010849 564 1552510123184
53.9649010848999 121.296600723267 564 1552510123193
53.7041996383667 120.798902893066 564 1552510123201
53.5620009040833 120.443399276733 564 1552510123209
53.325 119.993102531433 568 1552510123218
53.1591007232666 119.6375989151 568 1552510123226
53.0405980110168 119.424298553467 568 1552510123234
52.8273021697998 119.068803977966 568 1552510123243
52.6376978302002 118.6896043396 568 1552510123251
52.4007014465332 118.3103956604 568 1552510123259
52.2584981918335 118.0023021698 568 1552510123268
52.14 117.670503616333 568 1552510123276
51.9978012657166 117.433498191834 568 1552510123284
51.8555980110168 117.196501808167 568 1552510123293
51.6659981918335 116.959496383667 568 1552510123301
51.4763983726502 116.746196022034 568 1552510123309
51.2630980110169 116.414397468567 568 1552510123318
51.0971987342835 116.0825989151 568 1552510123326
50.955 115.7271043396 568 1552510123334
50.6942985534668 115.324199638367 572 1552510123343
50.4809981918335 114.8501978302 572 1552510123351
50.2676978302002 114.636897468567 572 1552510123359
49.9833003616333 114.234001808167 572 1552510123368
49.79370054245 113.736303977966 572 1552510123376
49.6988983726501 113.404496383667 572 1552510123384
49.5804001808167 113.3097032547 568 1552510123393
49.3433992767334 112.9778956604 572 1552510123401
49.0590018081665 112.6698021698 568 1552510123409
48.8457014465332 112.456501808167 572 1552510123418
48.56129945755 112.006196022034 572 1552510123426
48.3479990959167 111.555899276733 572 1552510123434
48.1109981918335 111.058201446533 572 1552510123443
47.8503012657166 110.6552967453 572 1552510123451
47.6844019889832 110.276097106934 572 1552510123459
47.4948021697998 110.0153956604 572 1552510123468
47.1629990959168 109.7547032547 572 1552510123476
46.9496987342835 109.494001808167 572 1552510123484
46.7126978302002 109.138498191834 572 1552510123493
46.4520009040833 108.759298553467 572 1552510123501
46.23870054245 108.3326978302 572 1552510123509
46.0254001808167 107.9772032547 572 1552510123518
45.7646987342834 107.6453956604 572 1552510123526
45.5040018081665 107.1476978302 572 1552510123534
45.2907014465332 106.6974010849 572 1552510123543
45.05370054245 106.294496383667 572 1552510123551
44.8878012657166 106.0100989151 572 1552510123559
44.7219019889832 105.891600723267 572 1552510123568
44.41379945755 105.5598021698 572 1552510123576
44.1294019889832 105.156897468567 572 1552510123584
43.9634981918335 104.896196022034 572 1552510123593
43.7028012657166 104.4696043396 572 1552510123601
43.5369019889832 104.1377967453 572 1552510123609
43.3709981918335 103.8297032547 576 1552510123618
43.1103012657166 103.474199638367 576 1552510123626
42.8970009040833 103.095 576 1552510123634
42.68370054245 102.739496383667 576 1552510123643
42.4704001808167 102.4076978302 576 1552510123651
42.3045009040833 102.170701446533 576 1552510123659
42.1149010848999 101.886303977966 576 1552510123668
41.9726978302002 101.744100723267 576 1552510123676
41.7830980110168 101.530800361633 576 1552510123684
41.6645998191834 101.435998191834 576 1552510123693
41.5698021697998 101.388597106934 576 1552510123701
41.475 101.341196022034 576 1552510123709
41.3328012657166 101.1752967453 576 1552510123718
41.1669019889832 101.009397468567 576 1552510123726
41.0958003616333 100.843498191834 576 1552510123734
41.0958003616333 100.796097106934 576 1552510123743
41.0720998191834 100.748696022034 576 1552510123751
41.0483992767334 100.701303977966 576 1552510123759
41.0246987342834 100.653902893066 576 1552510123768
41.0009981918335 100.6301978302 576 1552510123776
40.9773021697998 100.5827967453 576 1552510123784
40.9773021697998 100.5827967453 580 1552510123793
40.9773021697998 100.559100723267 580 1552510123801
40.9773021697998 100.559100723267 580 1552510123809
40.9773021697998 100.5353956604 580 1552510123818
40.9536016273499 100.5353956604 576 1552510123826
40.9773021697998 100.5353956604 576 1552510123834
40.9536016273499 100.511699638367 576 1552510123843
40.9536016273499 100.488003616333 576 1552510123851
40.9536016273499 100.464298553467 576 1552510123859
40.9299010848999 100.416897468567 576 1552510123868
40.9536016273499 100.2747032547 576 1552510123884
40.9299010848999 100.203597106934 572 1552510123893
40.90620054245 100.108803977966 576 1552510123901
40.8825 100.014001808167 572 1552510123909
40.8113983726501 99.8481025314331 576 1552510123918
40.7403012657166 99.54 572 1552510123926
40.7166007232666 99.2792985534668 572 1552510123934
40.6691996383667 99.1371043395996 572 1552510123943
40.5980980110168 99.0423021697998 572 1552510123951
40.5744019889832 98.9711960220337 572 1552510123959
40.5507014465332 98.9238039779663 572 1552510123968
40.5507014465332 98.8764028930664 572 1552510123976
40.5270009040833 98.8764028930664 572 1552510123984
40.5270009040833 98.8764028930664 572 1552510123993
40.5270009040833 98.8764028930664 572 1552510124001
40.5270009040833 98.8764028930664 572 1552510124009
40.5270009040833 98.8764028930664 572 1552510124018
40.5270009040833 98.8764028930664 568 1552510124026
40.5270009040833 98.9000989151001 568 1552510124034
40.5033003616333 98.8764028930664 568 1552510124043
40.5033003616333 98.8764028930664 568 1552510124051
40.5033003616333 98.8764028930664 568 1552510124059
40.5033003616333 98.8764028930664 568 1552510124068
40.5033003616333 98.9000989151001 564 1552510124076
40.5033003616333 98.9000989151001 564 1552510124084
40.5033003616333 98.9000989151001 564 1552510124093
40.5033003616333 98.9000989151001 560 1552510124101
40.5033003616333 98.9000989151001 560 1552510124109
40.5270009040833 98.9000989151001 560 1552510124118
40.5270009040833 98.9000989151001 560 1552510124126
40.5270009040833 98.9000989151001 560 1552510124134
40.5270009040833 98.9000989151001 560 1552510124143
40.4795998191833 98.8764028930664 560 1552510124151
40.4795998191833 98.8764028930664 560 1552510124159
40.4795998191833 98.8764028930664 560 1552510124168
40.4795998191833 98.8764028930664 556 1552510124176
40.4795998191833 98.8764028930664 560 1552510124184
40.4795998191833 98.8764028930664 560 1552510124193
40.4795998191833 98.8764028930664 560 1552510124201
40.4795998191833 98.8764028930664 560 1552510124209
40.4795998191833 98.8764028930664 560 1552510124218
40.4795998191833 98.8764028930664 556 1552510124226
40.5033003616333 98.8764028930664 556 1552510124234
40.4795998191833 98.8764028930664 556 1552510124243
40.5033003616333 98.8764028930664 556 1552510124251
40.5033003616333 98.8764028930664 556 1552510124259
40.5033003616333 98.8764028930664 556 1552510124268
40.5033003616333 98.8764028930664 556 1552510124276
40.5033003616333 98.8764028930664 552 1552510124284
40.5033003616333 98.8764028930664 552 1552510124293
40.5033003616333 98.8764028930664 552 1552510124301
40.4558992767334 98.8764028930664 552 1552510124309
40.4558992767334 98.8526978302002 548 1552510124318
40.4558992767334 98.8526978302002 548 1552510124326
40.4558992767334 98.8526978302002 548 1552510124334
40.4558992767334 98.8526978302002 548 1552510124343
40.4558992767334 98.8526978302002 548 1552510124351
40.4558992767334 98.8290018081665 544 1552510124359
40.4558992767334 98.8290018081665 544 1552510124368
40.4558992767334 98.8290018081665 540 1552510124376
40.4558992767334 98.8290018081665 544 1552510124384
40.4558992767334 98.8052967453003 540 1552510124393
40.4321987342834 98.7816007232666 540 1552510124401
40.4321987342834 98.6157014465332 540 1552510124409
40.4084981918335 98.3075989151001 544 1552510124418
40.3611016273499 98.0232014465332 544 1552510124426
40.3374010848999 97.8099010848999 544 1552510124434
40.26629945755 97.6202967453003 544 1552510124443
40.2188983726501 97.4543974685669 544 1552510124451
40.1951978302002 97.2648021697998 544 1552510124459
40.1715018081665 97.1463039779663 544 1552510124468
40.1715018081665 97.1463039779663 548 1552510124476
40.1715018081665 97.1225989151001 548 1552510124485
40.1715018081665 97.1225989151001 548 1552510124493
40.1715018081665 97.1225989151001 548 1552510124501
40.1715018081665 97.1225989151001 548 1552510124509
40.1715018081665 97.1225989151001 548 1552510124518
40.1715018081665 97.1225989151001 544 1552510124526
40.1715018081665 97.1225989151001 544 1552510124534
40.1715018081665 97.1225989151001 544 1552510124543
40.1715018081665 97.1225989151001 544 1552510124551
40.1715018081665 97.1225989151001 544 1552510124559
40.1715018081665 97.1225989151001 544 1552510124568
40.1715018081665 97.1225989151001 544 1552510124576
40.1715018081665 97.1225989151001 544 1552510124584
40.1715018081665 97.1225989151001 544 1552510124593
40.1715018081665 97.1225989151001 540 1552510124601
40.1951978302002 97.1225989151001 540 1552510124609
40.1951978302002 97.1463039779663 536 1552510124618
40.1951978302002 97.1463039779663 532 1552510124626
40.1951978302002 97.1463039779663 532 1552510124634
40.1951978302002 97.1463039779663 528 1552510124643
40.1951978302002 97.1463039779663 524 1552510124651
40.1951978302002 97.1463039779663 520 1552510124659
40.1951978302002 97.17 516 1552510124668
40.1951978302002 97.17 512 1552510124676
40.1951978302002 97.17 508 1552510124684
40.1951978302002 97.17 504 1552510124693
40.1951978302002 97.17 504 1552510124701
40.1951978302002 97.17 504 1552510124709
40.1951978302002 97.17 500 1552510124718
40.1951978302002 97.17 500 1552510124726
40.1951978302002 97.17 500 1552510124734
40.1951978302002 97.17 500 1552510124743
40.1951978302002 97.17 500 1552510124751
40.1951978302002 97.17 500 1552510124759
40.1951978302002 97.17 496 1552510124768
40.1951978302002 97.17 496 1552510124776
40.1951978302002 97.17 496 1552510124784
40.1951978302002 97.17 492 1552510124793
40.1951978302002 97.1936960220337 492 1552510124801
40.1951978302002 97.1936960220337 484 1552510124809
40.1951978302002 97.1936960220337 476 1552510124818
40.1951978302002 97.1936960220337 476 1552510124826
40.1951978302002 97.1936960220337 468 1552510124835
40.1951978302002 97.1936960220337 460 1552510124851
40.1951978302002 97.1936960220337 444 1552510124859
40.1951978302002 97.1936960220337 428 1552510124868
40.1951978302002 97.1936960220337 420 1552510124876
40.1715018081665 97.1936960220337 400 1552510124884
40.1715018081665 97.1936960220337 380 1552510124893
40.1715018081665 97.1936960220337 368 1552510124901
40.1715018081665 97.1936960220337 344 1552510124909
40.1715018081665 97.1936960220337 308 1552510124918
40.1715018081665 97.1936960220337 284 1552510124926
40.1478012657166 97.1936960220337 248 1552510124934
40.1478012657166 97.1936960220337 208 1552510124943
40.1478012657166 97.1936960220337 188 1552510124951
40.1478012657166 97.1936960220337 120 1552510124959
40.1004001808166 97.2648021697998 4 1552510124968
40.1004001808166 97.2648021697998 4 1552510124968
END STROKE
===NOTES===
Great Job
