1.00
USERID - 01/01/2000 01:00:00 AM - F - HS - EN - N/A
3/14/2019 0:17:24:698
3/14/2019 0:17:31:206
126.273597106934 192.941708679199 76 1552540644698
126.273597106934 192.9653956604 100 1552540644706
126.226196022034 192.9653956604 116 1552540644715
126.084001808167 192.9653956604 120 1552540644723
125.941798553467 192.941708679199 140 1552540644731
125.894397468567 192.894298553467 152 1552540644740
125.823300361633 192.870593490601 152 1552540644748
125.586303977966 192.823201446533 160 1552540644756
125.301897468567 192.799496383667 164 1552540644765
125.0175 192.775791320801 168 1552540644773
124.804199638367 192.728399276733 168 1552540644781
124.543498191834 192.704694213867 172 1552540644790
124.2827967453 192.681007232666 176 1552540644798
124.045800361633 192.681007232666 184 1552540644806
123.666600723267 192.7521043396 188 1552540644823
123.3822032547 192.775791320801 192 1552540644831
122.671196022034 192.799496383667 200 1552540644848
122.291996383667 192.823201446533 204 1552540644856
121.936501808167 192.846906509399 208 1552540644865
121.5573021698 192.870593490601 216 1552540644873
121.130701446533 192.870593490601 228 1552540644881
120.561897468567 192.894298553467 240 1552540644890
120.0878956604 192.918003616333 244 1552540644898
119.708696022034 192.941708679199 252 1552540644906
119.258399276733 192.989100723267 256 1552540644915
118.760701446533 193.036492767334 260 1552540644923
118.215602531433 193.083902893066 264 1552540644931
117.670503616333 193.131294937134 268 1552540644940
117.1253956604 193.155 280 1552540644948
116.698803977966 193.155 288 1552540644956
116.13 193.202392044067 296 1552540644965
114.921303977966 193.178705062866 304 1552540644981
114.3050989151 193.155 304 1552540644990
113.6651978302 193.107607955933 308 1552540644998
112.954199638367 192.989100723267 312 1552540645006
112.243201446533 192.918003616333 312 1552540645015
111.603300361633 192.846906509399 316 1552540645023
110.915998191833 192.799496383667 320 1552540645031
110.1101978302 192.704694213867 316 1552540645040
109.328102531433 192.609892044067 324 1552540645048
108.5697032547 192.443992767334 316 1552540645056
107.858696022034 192.3728956604 320 1552540645065
107.0528956604 192.301798553467 336 1552540645073
106.223399276733 192.206996383667 340 1552540645081
105.441303977966 192.1596043396 324 1552540645090
104.6828956604 192.041097106934 336 1552540645098
103.355701446533 191.946294937134 344 1552540645115
102.384001808167 191.8751978302 332 1552540645123
101.5071043396 191.804100723267 340 1552540645131
100.559100723267 191.709298553467 348 1552540645140
99.5874010848999 191.5671043396 348 1552540645148
98.710503616333 191.519694213867 348 1552540645156
97.7388039779663 191.424892044067 348 1552540645165
96.814496383667 191.353794937134 348 1552540645173
95.8901978302002 191.306402893066 348 1552540645181
94.9658992767334 191.2826978302 348 1552540645190
94.1838039779663 191.235305786133 352 1552540645198
93.4253956604004 191.235305786133 356 1552540645206
92.5958992767334 191.235305786133 352 1552540645215
91.7426978302002 191.164208679199 356 1552540645223
90.889496383667 191.140503616333 356 1552540645231
90.0125989151001 191.116798553467 356 1552540645240
89.1357014465332 191.093093490601 360 1552540645248
88.3299010848999 191.069406509399 360 1552540645256
87.7136960220337 191.093093490601 356 1552540645265
86.860503616333 191.116798553467 364 1552540645273
85.9599010848999 191.164208679199 356 1552540645281
85.0118974685669 191.140503616333 356 1552540645290
84.1113039779663 191.069406509399 356 1552540645298
83.2343974685669 191.069406509399 352 1552540645306
82.5233992767334 191.093093490601 356 1552540645315
81.6227967453003 191.069406509399 364 1552540645323
80.6510971069336 191.021996383667 360 1552540645331
79.7267985534668 190.9746043396 364 1552540645340
78.8261960220337 190.903507232666 368 1552540645348
77.973003616333 190.8798021698 364 1552540645356
77.1672032546997 190.8798021698 364 1552540645365
76.3614028930664 190.903507232666 364 1552540645373
75.5319019889832 190.927194213867 368 1552540645381
74.655 190.927194213867 364 1552540645390
73.8729001808167 190.927194213867 364 1552540645398
73.0908003616333 190.927194213867 368 1552540645406
72.285 190.927194213867 364 1552540645415
71.5266007232666 190.9746043396 364 1552540645423
70.0098021697998 191.069406509399 368 1552540645440
69.2513983726501 191.116798553467 372 1552540645448
68.4929990959167 191.164208679199 372 1552540645456
67.7345998191834 191.330107955933 372 1552540645465
66.97620054245 191.401205062866 372 1552540645473
66.3125989151001 191.496007232666 372 1552540645481
65.5779001808167 191.590791320801 376 1552540645490
64.8432014465332 191.661906509399 376 1552540645498
64.1321987342834 191.733003616333 376 1552540645506
62.9471987342834 191.851492767334 376 1552540645523
62.4495009040833 191.946294937134 380 1552540645531
61.8333003616333 191.97 380 1552540645540
61.2882014465332 192.041097106934 384 1552540645548
60.8141996383667 192.0648021698 384 1552540645556
60.3638983726501 192.135899276733 384 1552540645565
59.9136016273499 192.183291320801 384 1552540645573
59.5344019889832 192.230701446533 384 1552540645581
59.2025989151001 192.278093490601 384 1552540645590
58.9182014465332 192.301798553467 384 1552540645598
58.68120054245 192.349208679199 384 1552540645606
58.5390018081665 192.396600723267 384 1552540645615
58.4916007232666 192.443992767334 392 1552540645623
58.4441996383667 192.4676978302 388 1552540645631
58.3967985534668 192.491402893066 396 1552540645640
58.3967985534668 192.491402893066 392 1552540645648
58.3967985534668 192.538794937134 392 1552540645656
58.3967985534668 192.538794937134 396 1552540645665
58.3967985534668 192.515107955933 392 1552540645681
58.3967985534668 192.515107955933 392 1552540645690
58.4204990959168 192.515107955933 388 1552540645698
58.4204990959168 192.515107955933 384 1552540645706
58.4204990959168 192.491402893066 380 1552540645715
58.4441996383667 192.491402893066 376 1552540645723
58.4441996383667 192.491402893066 372 1552540645731
58.4441996383667 192.4676978302 372 1552540645740
58.4679001808167 192.4676978302 372 1552540645748
58.4916007232666 192.443992767334 368 1552540645756
58.5153012657166 192.443992767334 368 1552540645765
58.5390018081665 192.420305786133 368 1552540645773
58.5863983726502 192.396600723267 368 1552540645781
58.6337994575501 192.3728956604 368 1552540645789
58.68120054245 192.325503616333 364 1552540645798
58.7286016273499 192.301798553467 364 1552540645806
59.27370054245 191.2826978302 364 1552540645848
59.3211016273499 191.211600723267 364 1552540645856
59.4870009040833 191.045701446533 364 1552540645864
59.5817985534668 190.903507232666 364 1552540645873
59.6529001808167 190.832392044067 364 1552540645881
59.7476978302002 190.761294937134 364 1552540645889
59.8187994575501 190.6901978302 364 1552540645898
59.9136016273499 190.619100723267 364 1552540645906
59.9373021697998 190.571708679199 364 1552540645914
59.9609981918335 190.571708679199 364 1552540645923
60.0083992767334 190.571708679199 364 1552540645948
60.0320998191834 190.571708679199 368 1552540645956
60.1505980110168 190.524298553467 368 1552540645981
60.1979990959167 190.476906509399 364 1552540645989
60.2454001808167 190.453201446533 368 1552540645998
60.3165018081665 190.429496383667 368 1552540646006
60.4824010848999 190.334694213867 368 1552540646015
60.6008992767334 190.1925 368 1552540646023
60.8379001808167 190.0028956604 364 1552540646031
60.9800989151001 189.742194213867 360 1552540646039
61.05120054245 189.623705062866 356 1552540646048
61.1696987342835 189.481492767334 360 1552540646056
61.3119019889832 189.291906509399 360 1552540646065
61.5488983726502 189.0075 360 1552540646073
61.7384981918335 188.723093490601 356 1552540646081
61.9517985534668 188.486097106934 356 1552540646089
62.0466007232666 188.2253956604 356 1552540646098
62.1413983726502 187.964694213867 356 1552540646106
62.2836016273499 187.7276978302 356 1552540646114
62.4732014465332 187.4196043396 360 1552540646123
62.6391007232666 187.182607955933 360 1552540646131
62.8524010848999 186.898201446533 360 1552540646139
62.9945998191834 186.590107955933 360 1552540646148
63.1367985534668 186.305701446533 360 1552540646156
63.37379945755 185.997607955933 356 1552540646164
63.5159981918335 185.713201446533 360 1552540646173
63.8241007232666 185.3576978302 360 1552540646181
63.9662994575501 185.025899276733 360 1552540646189
64.1795998191834 184.623003616333 364 1552540646198
64.3691996383667 184.338597106934 360 1552540646206
64.6536016273499 183.959406509399 360 1552540646214
64.9616996383667 183.532805786133 364 1552540646223
65.2934981918335 183.153597106934 364 1552540646231
65.5779001808167 182.726996383667 364 1552540646239
65.8623021697998 182.205593490601 364 1552540646248
66.1466996383667 181.755305786133 364 1552540646256
66.4311016273499 181.352392044067 364 1552540646264
66.6444019889832 180.831007232666 364 1552540646273
66.97620054245 180.333291320801 364 1552540646281
67.2605980110169 179.835593490601 364 1552540646289
67.5212994575501 179.385305786133 364 1552540646298
67.8767985534668 178.863902893066 364 1552540646306
68.2086016273499 178.389892044067 364 1552540646314
68.4929990959167 177.892194213867 364 1552540646323
68.8484981918335 177.394496383667 364 1552540646331
69.1566007232666 176.849406509399 364 1552540646339
69.5120998191833 176.328003616333 364 1552540646348
69.89129945755 175.759208679199 364 1552540646356
70.2704990959167 175.1903956604 364 1552540646364
70.6733992767334 174.668992767334 364 1552540646373
70.9815018081665 174.171294937134 364 1552540646381
71.7873021697998 172.962607955933 364 1552540646398
72.2138983726501 172.346402893066 364 1552540646406
72.6167985534668 171.801294937134 364 1552540646414
73.0433992767334 171.208794937134 364 1552540646423
73.7544019889832 169.928992767334 364 1552540646439
74.1099010848999 169.289100723267 364 1552540646448
74.5365018081665 168.649208679199 368 1552540646456
74.9867985534668 168.033003616333 368 1552540646464
75.4845009040833 167.2746043396 368 1552540646473
75.9110971069336 166.563597106934 364 1552540646481
76.3376978302002 165.876294937134 368 1552540646489
76.7642985534668 165.141600723267 368 1552540646498
77.1908992767334 164.406906509399 368 1552540646506
77.6649010848999 163.695899276733 368 1552540646514
77.854496383667 163.174496383667 356 1552540646523
78.4233003616333 162.2501978302 368 1552540646531
78.9447032546997 161.539208679199 368 1552540646539
79.8690018081665 160.046097106934 368 1552540646556
80.4141007232666 159.3825 368 1552540646564
80.7222032546997 158.647805786133 368 1552540646573
81.1961960220337 157.865701446533 368 1552540646581
81.8598021697998 157.131007232666 368 1552540646589
82.4523021697998 156.443705062866 368 1552540646598
82.9736960220337 155.756402893066 368 1552540646606
83.4240018081665 155.0453956604 372 1552540646614
84.3008992767334 153.623399276733 368 1552540646631
84.7511960220337 152.912392044067 372 1552540646639
85.2015018081665 152.201402893066 368 1552540646648
85.6281025314331 151.4903956604 368 1552540646656
86.5760971069336 150.163201446533 372 1552540646673
86.9790018081665 149.594397468567 372 1552540646681
87.8322032546997 148.3146043396 372 1552540646698
88.2588039779663 147.650998191834 372 1552540646706
89.0883003616333 146.584496383667 372 1552540646723
89.4911960220337 145.991996383667 372 1552540646731
89.8703956604004 145.494298553467 372 1552540646739
90.296996383667 144.9728956604 372 1552540646748
90.5102967453003 144.498902893066 372 1552540646756
90.7235971069336 143.953803977966 372 1552540646764
91.5531025314331 142.958399276733 372 1552540646781
91.8849010848999 142.508102531433 372 1552540646789
92.2641007232666 141.939298553467 372 1552540646798
92.5958992767334 141.5126978302 372 1552540646806
92.9276978302002 141.0624010849 372 1552540646814
93.2358003616333 140.588399276733 376 1552540646823
93.5675989151001 140.185503616333 376 1552540646831
94.2311960220337 139.3323021698 376 1552540646848
94.563003616333 138.905701446533 376 1552540646856
94.8710971069336 138.526501808167 376 1552540646864
95.155503616333 138.170998191833 372 1552540646873
95.4161960220337 137.791798553467 372 1552540646881
95.6058003616333 137.46 376 1552540646889
95.8665018081665 137.080800361633 376 1552540646898
96.1034981918335 136.654199638367 376 1552540646906
96.3641996383667 136.3224010849 376 1552540646914
96.5775 136.061699638367 376 1552540646923
96.8618974685669 135.658803977966 376 1552540646931
97.0751978302002 135.2796043396 376 1552540646939
97.2884981918335 134.9477967453 376 1552540646948
97.5491996383667 134.568597106934 376 1552540646956
97.7150989151001 134.3078956604 376 1552540646964
98.0232014465332 133.9524010849 376 1552540646973
98.2365018081665 133.668003616333 376 1552540646981
98.4734981918335 133.336196022034 376 1552540646989
98.710503616333 133.051798553467 376 1552540646998
98.9238039779663 132.743696022034 380 1552540647006
99.0423021697998 132.435602531433 376 1552540647014
99.3503956604004 132.009001808167 376 1552540647023
99.5874010848999 131.7246043396 380 1552540647031
99.7296043395996 131.558696022034 376 1552540647039
99.9902967453003 131.250602531433 376 1552540647048
100.1799010849 130.918803977966 376 1552540647056
100.393201446533 130.586996383667 380 1552540647064
100.511699638367 130.35 380 1552540647073
100.725 130.018201446533 380 1552540647081
100.8198021698 129.8049010849 380 1552540647089
101.056798553467 129.378300361633 380 1552540647098
101.3175 128.999100723267 380 1552540647106
101.388597106934 128.738399276733 380 1552540647114
101.649298553467 128.335503616333 380 1552540647123
101.838902893066 128.098498191834 380 1552540647131
102.123300361633 127.719298553467 380 1552540647139
102.573597106934 127.031996383667 380 1552540647156
102.858003616333 126.723902893066 380 1552540647164
103.0001978302 126.510602531433 380 1552540647173
103.2372032547 126.1550989151 380 1552540647181
103.4978956604 125.7996043396 380 1552540647189
103.6875 125.396699638367 380 1552540647198
103.8297032547 125.135998191834 380 1552540647206
104.1851978302 124.4724010849 380 1552540647223
104.351097106934 124.2353956604 380 1552540647231
104.611798553467 123.808803977966 380 1552540647239
104.706600723267 123.4296043396 384 1552540647248
104.896196022034 123.121501808167 384 1552540647256
105.180602531433 122.765998191834 380 1552540647264
105.536097106934 122.363102531433 380 1552540647273
105.749397468567 122.078696022034 380 1552540647281
106.0100989151 121.770602531433 380 1552540647289
106.294496383667 121.4150989151 380 1552540647298
106.5077967453 121.0596043396 380 1552540647306
106.7922032547 120.704100723267 380 1552540647314
107.1950989151 119.898300361633 380 1552540647331
107.313597106934 119.661303977966 380 1552540647339
107.574298553467 119.2347032547 380 1552540647348
107.763902893066 118.808102531433 380 1552540647356
107.8824010849 118.476303977966 380 1552540647364
108.2852967453 117.836402893066 384 1552540647381
108.4749010849 117.551996383667 384 1552540647389
108.783003616333 117.149100723267 384 1552540647398
109.091097106934 116.7225 384 1552540647406
109.304397468567 116.343300361633 384 1552540647414
109.541402893066 116.058902893066 384 1552540647423
109.849496383667 115.6797032547 384 1552540647431
110.133902893066 115.300503616333 384 1552540647439
110.3472032547 114.8975989151 384 1552540647448
110.868597106934 114.044397468567 384 1552540647464
111.153003616333 113.6651978302 384 1552540647473
111.461097106934 113.285998191834 384 1552540647481
111.721798553467 112.859397468567 384 1552540647489
112.006196022034 112.4801978302 384 1552540647498
112.219496383667 112.053597106934 384 1552540647506
112.503902893066 111.603300361633 384 1552540647514
112.811996383667 111.129298553467 384 1552540647523
113.096402893066 110.631600723267 384 1552540647531
113.3571043396 110.1101978302 384 1552540647539
113.6651978302 109.636196022034 384 1552540647548
113.996996383667 109.0674010849 384 1552540647556
114.3050989151 108.5697032547 380 1552540647564
114.636897468567 108.000899276733 380 1552540647573
114.945 107.479496383667 380 1552540647581
115.276798553467 106.981798553467 384 1552540647589
115.6323021698 106.436699638367 384 1552540647598
115.9877967453 105.891600723267 384 1552540647606
116.2722032547 105.3701978302 384 1552540647614
116.746196022034 104.7776978302 384 1552540647623
117.196501808167 104.28 384 1552540647631
117.646798553467 103.758597106934 384 1552540647639
118.191897468567 103.2372032547 380 1552540647648
118.6896043396 102.6921043396 384 1552540647656
119.0925 102.289199638367 384 1552540647664
119.471699638367 101.7203956604 384 1552540647673
119.945701446533 101.104199638367 384 1552540647681
120.4671043396 100.5827967453 384 1552540647689
120.9174010849 100.014001808167 384 1552540647698
121.2728956604 99.4689028930664 384 1552540647706
121.723201446533 98.8526978302002 384 1552540647714
122.126097106934 98.355 384 1552540647723
122.4578956604 97.8573021697998 384 1552540647731
122.765998191834 97.3596043395996 384 1552540647739
123.121501808167 96.8382014465332 384 1552540647748
123.524397468567 96.340503616333 384 1552540647756
123.856196022034 95.8901978302002 384 1552540647764
124.164298553467 95.3688039779663 384 1552540647773
124.590899276733 94.9184981918335 384 1552540647781
124.8752967453 94.5392985534668 384 1552540647789
125.254496383667 94.0652967453003 384 1552540647798
125.61 93.6386960220337 384 1552540647806
125.870701446533 93.2832014465332 384 1552540647814
126.1076978302 92.9750989151001 384 1552540647823
126.3447032547 92.6433003616333 384 1552540647831
126.6527967453 92.2877967453003 384 1552540647839
126.960899276733 91.9559981918335 384 1552540647848
127.126798553467 91.6952967453003 384 1552540647856
127.363803977966 91.3872032546997 384 1552540647864
127.553399276733 91.0791007232666 384 1552540647873
127.695602531433 90.8421043395996 384 1552540647881
127.7903956604 90.5814028930664 384 1552540647889
127.908902893066 90.3681025314331 384 1552540647898
127.956303977966 90.2496043395996 380 1552540647906
128.0748021698 90.06 380 1552540647914
128.1222032547 89.8941007232666 380 1552540647923
128.1696043396 89.7992985534668 380 1552540647931
128.193300361633 89.7282014465332 376 1552540647939
128.193300361633 89.6808003616333 372 1552540647948
128.193300361633 89.6808003616333 368 1552540647956
128.193300361633 89.6571043395996 368 1552540647964
128.193300361633 89.6571043395996 364 1552540647973
128.1696043396 89.6571043395996 360 1552540647981
128.145899276733 89.6571043395996 360 1552540647989
128.1222032547 89.6808003616333 356 1552540647998
128.051097106934 89.6808003616333 356 1552540648006
127.8851978302 89.6571043395996 356 1552540648014
127.648201446533 89.6097032546997 356 1552540648023
127.363803977966 89.5859981918335 360 1552540648031
127.079397468567 89.5385971069336 360 1552540648039
126.8898021698 89.4911960220337 356 1552540648048
126.629100723267 89.4911960220337 356 1552540648056
126.368399276733 89.4200989151001 364 1552540648064
126.0602967453 89.3964028930664 364 1552540648073
125.918102531433 89.3964028930664 364 1552540648081
125.7048021698 89.3726978302002 364 1552540648089
125.586303977966 89.3726978302002 364 1552540648098
125.538902893066 89.3964028930664 356 1552540648106
125.491501808167 89.3964028930664 360 1552540648114
125.349298553467 89.4200989151001 360 1552540648123
124.9226978302 89.4438039779663 368 1552540648131
124.3775989151 89.4675 372 1552540648139
123.808803977966 89.4200989151001 372 1552540648148
122.765998191834 89.3964028930664 372 1552540648164
122.268300361633 89.3726978302002 372 1552540648173
121.794298553467 89.3490018081665 388 1552540648181
121.391402893066 89.3490018081665 384 1552540648189
120.798902893066 89.3726978302002 388 1552540648198
120.1826978302 89.3964028930664 388 1552540648206
119.6375989151 89.3964028930664 388 1552540648214
119.021402893066 89.3726978302002 392 1552540648223
118.5474010849 89.3964028930664 392 1552540648231
117.931196022034 89.3964028930664 396 1552540648239
117.4572032547 89.4675 396 1552540648248
116.793597106934 89.5385971069336 396 1552540648256
116.0825989151 89.5859981918335 400 1552540648264
115.419001808167 89.5859981918335 396 1552540648273
114.826501808167 89.5859981918335 400 1552540648281
114.2102967453 89.6808003616333 400 1552540648289
113.475602531433 89.7992985534668 400 1552540648298
112.883102531433 89.8941007232666 404 1552540648306
112.1721043396 89.9889028930664 400 1552540648314
111.4374010849 90.0125989151001 400 1552540648323
110.821196022034 90.06 404 1552540648331
110.039100723267 90.2022032546997 404 1552540648339
109.233300361633 90.2258992767334 404 1552540648348
108.4275 90.3207014465332 404 1552540648356
107.6453956604 90.3917985534668 408 1552540648364
106.886996383667 90.415503616333 404 1552540648373
106.2471043396 90.5814028930664 408 1552540648381
105.393902893066 90.6999010848999 404 1552540648389
104.493300361633 90.7709981918335 408 1552540648398
103.616402893066 90.8183992767334 408 1552540648406
102.976501808167 90.9132014465332 404 1552540648414
102.194397468567 91.008003616333 408 1552540648423
101.246402893066 91.0316996383667 408 1552540648431
100.393201446533 91.0316996383667 404 1552540648439
99.5874010848999 91.0791007232666 408 1552540648448
98.7578956604004 91.1975989151001 412 1552540648456
97.9047032546997 91.2924010848999 408 1552540648464
97.1463039779663 91.1975989151001 412 1552540648473
96.1983003616333 91.2213039779663 408 1552540648481
95.2976978302002 91.3160971069336 412 1552540648489
94.444496383667 91.2924010848999 408 1552540648498
93.7098021697998 91.3872032546997 412 1552540648506
92.8091996383667 91.4346043395996 412 1552540648514
91.9085971069336 91.4583003616333 416 1552540648523
90.9842985534668 91.481996383667 412 1552540648531
90.1310971069336 91.5531025314331 412 1552540648539
89.3016007232666 91.5531025314331 412 1552540648548
88.5432014465332 91.6478956604004 420 1552540648556
86.860503616333 91.600503616333 416 1552540648573
85.9125 91.6478956604004 416 1552540648581
85.0356025314331 91.6716007232666 416 1552540648589
84.1824010848999 91.6716007232666 412 1552540648598
83.3291996383667 91.7190018081665 420 1552540648606
82.6182014465332 91.7664028930664 420 1552540648614
81.6939028930664 91.9085971069336 416 1552540648623
80.7222032546997 91.8849010848999 416 1552540648631
79.1106025314331 91.8138039779663 420 1552540648648
77.4278956604004 91.7664028930664 416 1552540648664
76.669496383667 91.7426978302002 420 1552540648673
76.2666007232666 91.8138039779663 420 1552540648681
75.6029990959168 91.9085971069336 420 1552540648689
74.7261016273499 91.9085971069336 420 1552540648698
73.8729001808167 91.9559981918335 412 1552540648706
73.0908003616333 91.9323021697998 416 1552540648714
72.285 91.9085971069336 416 1552540648723
71.4791996383667 91.8849010848999 416 1552540648731
69.9624010848999 91.8375 420 1552540648748
69.2040018081665 91.7664028930664 424 1552540648756
68.6588983726501 91.7426978302002 424 1552540648764
67.1183992767334 91.6241996383667 424 1552540648781
66.4548021697998 91.6241996383667 420 1552540648789
65.8386016273499 91.600503616333 428 1552540648798
64.5587994575501 91.6716007232666 420 1552540648814
63.9662994575501 91.6716007232666 420 1552540648823
63.42120054245 91.6478956604004 428 1552540648831
62.78129945755 91.600503616333 428 1552540648839
62.2836016273499 91.6241996383667 428 1552540648848
61.9280980110169 91.6716007232666 428 1552540648856
61.4778012657166 91.6952967453003 428 1552540648864
60.9326978302002 91.7190018081665 432 1552540648873
60.5771987342834 91.7664028930664 428 1552540648881
60.0083992767334 91.7426978302002 424 1552540648889
58.2308992767334 91.481996383667 420 1552540648914
57.6858003616333 91.4108992767334 420 1552540648923
57.1644019889832 91.3634981918335 424 1552540648931
56.5955980110168 91.3398021697998 428 1552540648939
56.0030980110168 91.2686960220337 424 1552540648948
55.4579990959167 91.2213039779663 424 1552540648956
55.0313983726502 91.1975989151001 424 1552540648964
54.4151978302002 91.1027967453003 420 1552540648973
53.7990018081665 91.0791007232666 424 1552540648981
53.2065018081665 91.0553956604004 420 1552540648989
52.6376978302002 90.9606025314331 420 1552540648998
50.8838983726502 90.9132014465332 420 1552540649023
50.2203012657166 90.889496383667 420 1552540649031
49.5804001808167 90.8183992767334 416 1552540649039
49.0116007232666 90.7235971069336 420 1552540649048
48.3954001808167 90.6288039779663 412 1552540649056
47.8740018081665 90.6050989151001 412 1552540649064
47.4 90.5814028930664 412 1552540649073
47.0445009040833 90.5576978302002 420 1552540649081
46.6653012657166 90.5814028930664 416 1552540649089
46.0965018081665 90.5340018081665 408 1552540649098
45.7409981918335 90.5576978302002 412 1552540649106
45.5513983726501 90.5814028930664 412 1552540649114
45.4329001808167 90.6050989151001 416 1552540649123
45.3617985534668 90.6761960220337 420 1552540649131
45.3144019889832 90.7235971069336 420 1552540649139
45.2670009040833 90.7947032546997 420 1552540649148
45.2433003616333 90.8183992767334 420 1552540649156
45.2195998191834 90.8421043395996 420 1552540649164
45.1721987342834 90.889496383667 416 1552540649173
45.1721987342834 90.889496383667 408 1552540649181
45.1721987342834 90.889496383667 408 1552540649189
45.1721987342834 90.9132014465332 404 1552540649198
45.1721987342834 90.9132014465332 404 1552540649206
45.1721987342834 90.9368974685669 400 1552540649214
45.1958992767334 90.9368974685669 388 1552540649223
45.2195998191834 90.9368974685669 384 1552540649231
45.2195998191834 90.9368974685669 380 1552540649239
45.2433003616333 90.9606025314331 384 1552540649248
45.3144019889832 90.9606025314331 380 1552540649256
45.3617985534668 90.9606025314331 380 1552540649264
45.4803012657166 91.008003616333 384 1552540649273
45.5987994575501 91.0791007232666 384 1552540649281
45.8120998191834 91.2686960220337 384 1552540649289
46.0965018081665 91.4346043395996 388 1552540649298
46.4283003616333 91.6716007232666 388 1552540649306
46.7363983726502 91.9559981918335 392 1552540649314
47.0445009040833 92.2166996383667 388 1552540649323
47.3288983726502 92.4774010848999 392 1552540649331
47.5895998191833 92.7381025314331 388 1552540649339
47.8976978302002 93.0461960220337 392 1552540649348
48.2769019889832 93.4491007232666 392 1552540649356
48.6798021697998 93.8046043395996 392 1552540649364
49.0353012657166 94.1600989151001 396 1552540649373
49.4619019889832 94.5866996383667 396 1552540649381
49.79370054245 94.9184981918335 400 1552540649389
50.1729001808167 95.2740018081665 400 1552540649398
50.5995009040833 95.6532014465332 404 1552540649406
50.9312994575501 96.0560971069336 404 1552540649414
51.2867985534668 96.4590018081665 404 1552540649423
51.5949010848999 96.7908003616333 404 1552540649431
51.6659981918335 96.9566996383667 412 1552540649439
51.8555980110168 97.2884981918335 416 1552540649448
52.2111016273499 97.7150989151001 404 1552540649456
52.6376978302002 98.1891007232666 404 1552540649464
53.0879990959168 98.710503616333 404 1552540649473
53.5383003616333 99.2082014465332 404 1552540649481
54.0359981918335 99.7533003616333 400 1552540649489
54.6048021697998 100.2747032547 404 1552540649498
55.0313983726502 100.7724010849 404 1552540649506
55.5291007232666 101.3649010849 404 1552540649514
56.0741996383667 101.9574010849 408 1552540649523
56.5245009040833 102.4550989151 412 1552540649531
56.9984981918335 102.976501808167 416 1552540649539
57.6146987342835 103.616402893066 404 1552540649548
58.1361016273499 104.2325989151 408 1552540649556
58.7049010848999 104.8250989151 408 1552540649564
59.2974010848999 105.4175989151 412 1552540649573
59.9136016273499 106.033803977966 404 1552540649581
60.4824010848999 106.65 408 1552540649589
60.9326978302002 107.218803977966 412 1552540649598
61.5015018081665 107.7875989151 408 1552540649606
62.0466007232666 108.3800989151 412 1552540649614
62.5205980110169 108.948902893066 412 1552540649623
63.1130980110168 109.6125 408 1552540649631
63.6819019889832 110.2524010849 408 1552540649639
64.2507014465332 110.8923021698 408 1552540649648
64.8669019889832 111.5322032547 412 1552540649656
65.4357014465332 112.1721043396 412 1552540649664
65.9570998191834 112.811996383667 412 1552540649673
66.4784981918335 113.428201446533 408 1552540649681
67.0236016273499 114.044397468567 408 1552540649689
67.4501978302002 114.660602531433 408 1552540649698
68.0190018081665 115.229397468567 408 1552540649706
68.6825989151001 115.893003616333 408 1552540649714
69.29879945755 116.556600723267 408 1552540649723
69.9624010848999 117.196501808167 416 1552540649731
70.6023021697998 117.9075 408 1552540649739
71.1948021697998 118.5474010849 412 1552540649748
71.8346987342835 119.1873021698 412 1552540649756
72.4745998191834 119.803498191834 412 1552540649764
72.9723021697998 120.3723021698 412 1552540649773
73.4462994575501 120.941097106934 412 1552540649781
73.9440018081665 121.5099010849 416 1552540649789
74.4179990959168 122.055 412 1552540649798
74.8683003616333 122.576402893066 412 1552540649806
75.8874010848999 123.714001808167 408 1552540649823
76.2666007232666 124.3301978302 416 1552540649831
76.788003616333 124.851600723267 416 1552540649839
77.3567985534668 125.491501808167 408 1552540649848
77.8782014465332 126.084001808167 416 1552540649856
78.446996383667 126.7001978302 416 1552540649864
78.9447032546997 127.3400989151 416 1552540649873
79.4898021697998 127.956303977966 416 1552540649881
79.9164028930664 128.643597106934 416 1552540649889
80.3192985534668 129.2598021698 416 1552540649898
80.7933003616333 129.9471043396 416 1552540649906
81.3858003616333 130.634397468567 416 1552540649914
82.0257014465332 131.250602531433 416 1552540649923
82.6182014465332 132.009001808167 416 1552540649931
83.2581025314331 132.72 416 1552540649939
83.8032014465332 133.525800361633 412 1552540649948
84.4193974685669 134.236798553467 416 1552540649956
84.8223021697998 134.9477967453 420 1552540649964
85.3910971069336 135.658803977966 416 1552540649973
86.0309981918335 136.3698021698 416 1552540649981
86.6472032546997 137.104496383667 416 1552540649990
87.2633992767334 137.839199638367 420 1552540649998
87.9507014465332 138.5501978302 420 1552540650006
88.638003616333 139.308597106934 416 1552540650014
89.2541996383667 140.066996383667 420 1552540650023
89.823003616333 140.778003616333 408 1552540650031
90.296996383667 141.370503616333 428 1552540650039
90.6999010848999 142.1525989151 420 1552540650048
91.3398021697998 142.863597106934 416 1552540650056
91.9323021697998 143.598300361633 420 1552540650064
92.5010971069336 144.356699638367 412 1552540650073
93.0935971069336 145.0676978302 420 1552540650081
93.6386960220337 145.826097106934 412 1552540650089
94.1838039779663 146.5371043396 420 1552540650098
94.8 147.224397468567 416 1552540650106
95.3214028930664 147.911699638367 420 1552540650114
95.7716996383667 148.599001808167 424 1552540650123
96.2693974685669 149.2151978302 420 1552540650131
96.7908003616333 149.8550989151 420 1552540650139
97.2174010848999 150.495 420 1552540650148
97.7861960220337 151.0875 416 1552540650156
98.2601978302002 151.6325989151 416 1552540650164
98.6867985534668 152.1776978302 416 1552540650173
99.0659981918335 152.722805786133 416 1552540650181
99.4451978302002 153.173093490601 420 1552540650189
99.8717985534668 153.623399276733 404 1552540650198
100.156196022034 154.073705062866 420 1552540650206
100.440602531433 154.500305786133 420 1552540650214
100.725 154.998003616333 420 1552540650223
101.293803977966 155.898597106934 416 1552540650239
102.146996383667 156.870305786133 420 1552540650256
102.5025 157.439100723267 408 1552540650264
102.929100723267 157.960503616333 408 1552540650273
103.403102531433 158.529298553467 416 1552540650281
103.8771043396 159.074406509399 412 1552540650289
104.2325989151 159.5721043396 416 1552540650298
104.493300361633 160.140899276733 420 1552540650306
104.848803977966 160.733399276733 416 1552540650314
105.251699638367 161.302194213867 416 1552540650323
105.701996383667 161.894694213867 412 1552540650331
106.128597106934 162.463507232666 416 1552540650339
106.5077967453 163.0323021698 416 1552540650348
106.934397468567 163.648507232666 412 1552540650356
107.2425 164.264694213867 416 1552540650364
107.598003616333 164.833507232666 416 1552540650373
107.9772032547 165.449694213867 416 1552540650381
108.3800989151 166.018507232666 416 1552540650389
108.735602531433 166.563597106934 424 1552540650398
109.636196022034 167.796007232666 416 1552540650414
110.086501808167 168.435899276733 416 1552540650423
110.513102531433 169.075791320801 416 1552540650431
110.963399276733 169.691996383667 416 1552540650439
111.461097106934 170.355593490601 416 1552540650448
111.8402967453 170.995503616333 416 1552540650456
112.219496383667 171.659100723267 420 1552540650464
112.646097106934 172.3226978302 416 1552540650473
113.049001808167 172.986294937134 420 1552540650481
113.475602531433 173.578794937134 420 1552540650489
113.925899276733 174.218705062866 416 1552540650498
114.708003616333 175.4748021698 420 1552540650514
115.0398021698 176.043597106934 420 1552540650523
115.371600723267 176.565 416 1552540650531
116.0825989151 177.631492767334 416 1552540650548
116.3196043396 178.129208679199 420 1552540650556
116.6276978302 178.626906509399 420 1552540650564
116.935800361633 179.148291320801 420 1552540650573
117.338696022034 179.740791320801 420 1552540650581
117.670503616333 180.285899276733 416 1552540650589
117.978597106934 180.783597106934 420 1552540650598
118.263003616333 181.281294937134 416 1552540650606
118.523696022034 181.778992767334 420 1552540650614
118.808102531433 182.253003616333 420 1552540650623
119.448003616333 183.1773021698 420 1552540650639
119.708696022034 183.627607955933 424 1552540650648
120.3249010849 184.551906509399 416 1552540650664
120.633003616333 184.978507232666 416 1552540650673
120.9174010849 185.3576978302 420 1552540650681
121.178102531433 185.689496383667 416 1552540650689
121.5099010849 186.329406509399 416 1552540650706
121.5573021698 186.5426978302 420 1552540650714
121.723201446533 186.921906509399 416 1552540650731
121.770602531433 187.016708679199 420 1552540650739
121.9127967453 187.3248021698 412 1552540650756
122.1024010849 187.490701446533 412 1552540650764
122.173498191834 187.6328956604 412 1552540650773
122.220899276733 187.7276978302 416 1552540650781
122.386798553467 187.9173021698 412 1552540650789
122.529001808167 188.083201446533 408 1552540650798
122.623803977966 188.249100723267 416 1552540650806
122.718597106934 188.391294937134 412 1552540650814
122.813399276733 188.5098021698 416 1552540650823
123.074100723267 188.746798553467 400 1552540650831
123.1925989151 188.960107955933 404 1552540650839
123.311097106934 189.054892044067 408 1552540650848
123.524397468567 189.291906509399 408 1552540650856
123.619199638367 189.434100723267 400 1552540650864
123.7850989151 189.647392044067 404 1552540650873
123.950998191834 189.7896043396 400 1552540650881
124.069496383667 189.955503616333 404 1552540650889
124.188003616333 190.073992767334 404 1552540650898
124.401303977966 190.311007232666 400 1552540650906
124.496097106934 190.3821043396 400 1552540650914
124.733102531433 190.571708679199 392 1552540650923
124.9700989151 190.761294937134 392 1552540650931
125.325602531433 191.1878956604 396 1552540650948
125.4677967453 191.306402893066 396 1552540650956
125.728498191833 191.519694213867 388 1552540650964
125.894397468567 191.709298553467 392 1552540650973
125.941798553467 191.804100723267 396 1552540650981
126.084001808167 191.97 396 1552540650989
126.2499010849 192.183291320801 392 1552540650998
126.439496383667 192.420305786133 392 1552540651006
126.6053956604 192.633597106934 392 1552540651014
126.771303977966 192.823201446533 392 1552540651023
126.818696022034 192.9653956604 392 1552540651031
126.913498191834 193.131294937134 392 1552540651039
126.960899276733 193.202392044067 392 1552540651048
126.9846043396 193.273507232666 392 1552540651056
126.960899276733 193.3446043396 392 1552540651064
126.9846043396 193.3446043396 392 1552540651073
126.9846043396 193.368291320801 392 1552540651081
126.9846043396 193.368291320801 392 1552540651089
126.9846043396 193.368291320801 388 1552540651098
126.9846043396 193.3446043396 384 1552540651106
126.960899276733 193.3446043396 376 1552540651114
126.960899276733 193.3446043396 368 1552540651123
126.960899276733 193.3446043396 364 1552540651131
126.960899276733 193.3446043396 352 1552540651139
126.960899276733 193.320899276733 328 1552540651148
126.960899276733 193.320899276733 316 1552540651156
126.960899276733 193.297194213867 280 1552540651164
126.960899276733 193.273507232666 244 1552540651173
126.960899276733 193.178705062866 180 1552540651189
126.913498191834 193.107607955933 148 1552540651198
126.723902893066 192.918003616333 64 1552540651206
126.723902893066 192.918003616333 64 1552540651206
END STROKE
===NOTES===
Great Job
