1.00
USERID - 01/01/2000 01:00:00 AM - F - HS - EN - N/A
5/3/2019 15:56:47:116
5/3/2019 15:56:54:903
84.9882014465332 127.4349010849 472 1556917007116
84.9882014465332 127.458597106934 504 1556917007123
85.0118974685669 127.458597106934 559 1556917007138
85.0118974685669 127.4349010849 591 1556917007146
85.0118974685669 127.4349010849 609 1556917007153
85.0118974685669 127.505998191834 600 1556917007168
85.0118974685669 127.5771043396 634 1556917007183
85.0356025314331 127.624496383667 637 1556917007191
85.0118974685669 127.624496383667 645 1556917007198
85.0118974685669 127.648201446533 680 1556917007228
84.9882014465332 127.695602531433 683 1556917007243
85.0118974685669 127.695602531433 706 1556917007296
85.0118974685669 127.695602531433 710 1556917007304
85.0118974685669 127.719298553467 717 1556917007311
84.9882014465332 127.719298553467 726 1556917007341
85.0118974685669 127.719298553467 729 1556917007349
85.0118974685669 127.719298553467 731 1556917007356
85.0118974685669 127.743003616333 754 1556917007386
85.0118974685669 127.766699638367 754 1556917007394
85.0118974685669 127.766699638367 755 1556917007401
84.9882014465332 127.814100723267 762 1556917007446
84.9408003616333 127.8851978302 766 1556917007469
84.8697032546997 128.051097106934 775 1556917007484
84.8223021697998 128.0748021698 777 1556917007491
84.8223021697998 128.098498191834 776 1556917007499
84.7985971069336 128.145899276733 777 1556917007514
84.7511960220337 128.216996383667 779 1556917007521
84.7275 128.264397468567 778 1556917007536
84.6800989151001 128.264397468567 779 1556917007544
84.6564028930664 128.311798553467 778 1556917007551
84.6326978302002 128.406600723267 779 1556917007559
84.5616007232666 128.501402893066 782 1556917007566
84.5141996383667 128.596196022034 790 1556917007581
84.490503616333 128.6199010849 792 1556917007589
84.3957014465332 128.785800361633 794 1556917007596
84.2060971069336 129.046501808167 817 1556917007619
84.0639028930664 129.2598021698 818 1556917007626
83.7321043395996 129.7575 818 1556917007649
83.6373021697998 129.9471043396 818 1556917007657
83.4950989151001 130.018201446533 818 1556917007664
83.4950989151001 130.113003616333 818 1556917007672
83.4002967453003 130.278902893066 817 1556917007679
83.305503616333 130.3974010849 821 1556917007687
83.1633003616333 130.658102531433 834 1556917007702
83.0922032546997 130.7528956604 834 1556917007709
82.8551978302002 131.013597106934 833 1556917007724
82.6182014465332 131.416501808167 839 1556917007739
82.4997032546997 131.5824010849 841 1556917007747
82.4049010848999 131.6772032547 840 1556917007754
82.3338039779663 131.795701446533 839 1556917007769
82.2864028930664 131.819397468567 839 1556917007777
82.2864028930664 131.866798553467 839 1556917007784
82.2152967453003 131.914199638367 839 1556917007792
82.120503616333 132.103803977966 839 1556917007799
80.9828956604004 133.5021043396 845 1556917007844
80.8881025314331 133.668003616333 844 1556917007859
80.8643974685669 133.668003616333 844 1556917007874
80.7933003616333 133.7627967453 844 1556917007882
80.3192985534668 134.4975 844 1556917007897
79.6793974685669 135.1848021698 845 1556917007912
79.1816996383667 135.8721043396 846 1556917007927
78.8499010848999 136.393498191834 846 1556917007949
78.8025 136.701600723267 847 1556917007957
78.2574010848999 137.388902893066 847 1556917007972
77.4516007232666 138.810899276733 846 1556917008002
77.2383003616333 139.2849010849 846 1556917008009
76.8353956604004 139.9248021698 847 1556917008024
76.7168974685669 140.138102531433 847 1556917008032
76.5509981918335 140.398803977966 847 1556917008039
75.9822032546997 141.323102531433 847 1556917008062
75.8874010848999 141.536402893066 847 1556917008070
75.5792985534668 141.986699638367 847 1556917008085
75.3423021697998 142.318498191834 847 1556917008100
75.3186016273499 142.3896043396 848 1556917008107
75.1526978302002 142.6976978302 847 1556917008115
74.9394019889832 142.9821043396 847 1556917008122
74.7498021697998 143.3375989151 847 1556917008130
74.0150989151001 144.356699638367 846 1556917008167
73.9676978302002 144.5225989151 846 1556917008175
73.8254990959168 144.830701446533 847 1556917008182
73.5411016273499 145.280998191834 847 1556917008197
73.3278012657166 145.731303977966 847 1556917008212
73.1619019889832 145.991996383667 847 1556917008220
73.0670998191834 146.181600723267 847 1556917008227
72.90120054245 146.4423021698 847 1556917008242
72.7826978302002 146.703003616333 847 1556917008250
72.6167985534668 146.94 846 1556917008265
72.5930980110168 147.011097106934 847 1556917008287
72.5457014465332 147.0822032547 846 1556917008295
72.4983003616333 147.200701446533 846 1556917008302
72.4745998191834 147.248102531433 846 1556917008317
72.4034981918335 147.3902967453 846 1556917008370
72.1428012657166 147.769496383667 847 1556917008392
72.0954001808167 147.840602531433 846 1556917008407
72.0479990959168 147.864298553467 846 1556917008422
72.0954001808167 147.888003616333 846 1556917008430
72.0479990959168 147.888003616333 846 1556917008452
72.0005980110168 148.006501808167 845 1556917008490
71.9295009040833 148.053902893066 846 1556917008505
71.9058003616333 148.0775989151 846 1556917008543
71.9058003616333 148.0775989151 846 1556917008558
71.9058003616333 148.101303977966 845 1556917008565
71.9058003616333 148.0775989151 845 1556917008580
71.9058003616333 148.0775989151 845 1556917008588
71.9058003616333 148.0775989151 846 1556917008603
71.9058003616333 148.053902893066 845 1556917008610
71.9769019889832 148.0775989151 845 1556917008693
72.0479990959168 148.006501808167 844 1556917008723
72.0954001808167 147.9827967453 844 1556917008730
72.285 147.9353956604 844 1556917008745
72.4983003616333 147.9353956604 843 1556917008760
72.9959981918335 147.840602531433 843 1556917008783
73.3041007232666 147.840602531433 844 1556917008798
73.4462994575501 147.816897468567 843 1556917008805
73.6121987342835 147.864298553467 843 1556917008813
73.7070009040833 147.864298553467 844 1556917008820
73.9440018081665 147.864298553467 843 1556917008835
74.08620054245 147.840602531433 843 1556917008843
74.2520998191834 147.864298553467 844 1556917008850
75.0104990959168 147.888003616333 844 1556917008873
75.3186016273499 147.9353956604 843 1556917008881
76.2902967453003 147.840602531433 844 1556917008903
76.5273021697998 147.769496383667 844 1556917008911
76.8353956604004 147.769496383667 844 1556917008918
77.0960971069336 147.7221043396 844 1556917008926
77.7597032546997 147.6747032547 844 1556917008948
77.973003616333 147.603597106934 843 1556917008956
78.5417985534668 147.508803977966 844 1556917008971
78.8973021697998 147.3902967453 843 1556917008978
79.2053956604004 147.366600723267 843 1556917008986
79.5372032546997 147.271798553467 843 1556917008993
80.935503616333 147.248102531433 843 1556917009023
82.0493974685669 147.295503616333 844 1556917009053
82.3100989151001 147.271798553467 843 1556917009061
82.5471043395996 147.200701446533 843 1556917009068
83.0210971069336 147.200701446533 843 1556917009083
83.2581025314331 147.176996383667 843 1556917009091
83.8032014465332 147.105899276733 844 1556917009106
84.135 147.105899276733 844 1556917009113
84.6800989151001 147.105899276733 843 1556917009128
84.8697032546997 147.153300361633 843 1556917009136
85.3436960220337 147.248102531433 843 1556917009151
85.5333003616333 147.248102531433 843 1556917009158
86.3627967453003 147.271798553467 844 1556917009181
86.860503616333 147.176996383667 843 1556917009196
87.69 147.224397468567 843 1556917009211
89.3252967453003 146.9874010849 843 1556917009241
89.5859981918335 146.916303977966 843 1556917009249
90.1784981918335 146.963696022034 843 1556917009264
90.3443974685669 146.9874010849 843 1556917009279
90.3917985534668 147.011097106934 843 1556917009286
90.415503616333 147.011097106934 844 1556917009294
90.5102967453003 147.011097106934 844 1556917009316
90.5576978302002 146.9874010849 843 1556917009324
90.6761960220337 146.868902893066 844 1556917009339
90.7709981918335 146.7977967453 843 1556917009346
90.8421043395996 146.7977967453 844 1556917009354
90.9132014465332 146.774100723267 850 1556917009421
90.9132014465332 146.774100723267 849 1556917009436
90.889496383667 146.774100723267 850 1556917009444
90.9132014465332 146.7977967453 850 1556917009459
90.889496383667 146.7503956604 852 1556917009534
90.7709981918335 146.584496383667 852 1556917009586
90.7235971069336 146.465998191834 852 1556917009601
90.5814028930664 146.2526978302 852 1556917009616
90.5814028930664 146.2526978302 852 1556917009624
90.5340018081665 146.2052967453 852 1556917009631
90.5102967453003 146.110503616333 852 1556917009639
90.3681025314331 145.991996383667 852 1556917009647
90.3207014465332 145.8498021698 852 1556917009654
90.2496043395996 145.8024010849 852 1556917009662
90.0363039779663 145.541699638367 852 1556917009677
89.9651978302002 145.375800361633 852 1556917009684
89.8941007232666 145.280998191834 852 1556917009692
89.4675 144.925503616333 852 1556917009714
89.4438039779663 144.783300361633 852 1556917009722
89.2541996383667 144.57 852 1556917009729
89.230503616333 144.4751978302 852 1556917009737
88.7565018081665 143.621996383667 852 1556917009759
88.7091007232666 143.503498191834 852 1556917009767
88.5432014465332 143.2901978302 852 1556917009774
88.2825 142.816196022034 852 1556917009789
88.2350989151001 142.626600723267 852 1556917009797
87.69 141.394199638367 852 1556917009819
87.453003616333 140.659496383667 852 1556917009834
87.3108003616333 140.256600723267 852 1556917009849
87.2871043395996 140.209199638367 852 1556917009857
87.2397032546997 140.161798553467 852 1556917009864
87.1449010848999 139.9722032547 852 1556917009872
87.0738039779663 139.7351978302 852 1556917009887
86.860503616333 139.071600723267 852 1556917009902
86.7657014465332 138.8346043396 852 1556917009909
86.7657014465332 138.5027967453 852 1556917009917
86.6946043395996 138.431699638367 852 1556917009924
86.505 137.8628956604 852 1556917009947
86.3865018081665 137.696996383667 852 1556917009962
86.2916996383667 137.341501808167 852 1556917009977
86.1732014465332 136.796402893066 852 1556917009992
86.0783992767334 136.583102531433 852 1556917009999
86.0547032546997 136.038003616333 852 1556917010014
86.0073021697998 135.800998191834 852 1556917010022
85.8888039779663 135.350701446533 852 1556917010037
85.8888039779663 135.255899276733 852 1556917010044
85.8650989151001 134.734496383667 852 1556917010060
85.7940018081665 134.070899276733 852 1556917010090
85.7940018081665 133.928696022034 852 1556917010097
85.6517985534668 133.3599010849 852 1556917010112
85.6281025314331 133.051798553467 852 1556917010120
85.5807014465332 132.648902893066 852 1556917010157
85.6043974685669 132.2697032547 852 1556917010165
85.6043974685669 131.1321043396 852 1556917010202
85.5096043395996 130.9425 852 1556917010225
85.4858992767334 130.586996383667 852 1556917010240
85.3910971069336 130.373696022034 852 1556917010247
85.4148021697998 130.3025989151 852 1556917010255
85.4148021697998 129.8049010849 852 1556917010270
85.3910971069336 129.449397468567 852 1556917010285
85.3436960220337 129.330899276733 852 1556917010292
85.32 129.0701978302 852 1556917010307
85.2963039779663 128.999100723267 852 1556917010420
85.2725989151001 128.999100723267 852 1556917010435
85.2725989151001 128.951699638367 852 1556917010450
85.2725989151001 128.951699638367 852 1556917010458
85.2725989151001 128.951699638367 852 1556917010465
85.3436960220337 128.785800361633 852 1556917010495
85.3910971069336 128.6199010849 852 1556917010510
85.3910971069336 128.5725 852 1556917010518
85.4148021697998 128.596196022034 852 1556917010555
85.3910971069336 128.548803977966 852 1556917010578
85.4148021697998 128.5725 852 1556917010585
85.4384981918335 128.548803977966 852 1556917010608
85.3910971069336 128.5250989151 852 1556917010630
85.4384981918335 128.5725 852 1556917010728
85.4148021697998 128.548803977966 852 1556917010735
85.4148021697998 128.5725 852 1556917010750
85.4384981918335 128.5725 852 1556917010758
85.4858992767334 128.596196022034 852 1556917010795
86.0783992767334 128.7147032547 849 1556917010818
86.4813039779663 128.738399276733 849 1556917010833
86.8841996383667 128.7147032547 849 1556917010848
87.3582014465332 128.7621043396 848 1556917010863
87.5715018081665 128.785800361633 848 1556917010871
87.7610971069336 128.785800361633 848 1556917010878
88.2825 128.856897468567 849 1556917010893
88.5432014465332 128.856897468567 848 1556917010901
89.1593974685669 128.785800361633 849 1556917010916
89.5149010848999 128.690998191834 849 1556917010923
90.6525 128.3828956604 848 1556917010946
91.0791007232666 128.311798553467 849 1556917010953
92.2166996383667 128.145899276733 848 1556917010976
93.259496383667 128.1696043396 849 1556917010998
93.6624010848999 128.1696043396 849 1556917011006
94.8236960220337 127.9325989151 849 1556917011028
95.2266007232666 127.956303977966 848 1556917011036
95.6532014465332 127.908902893066 849 1556917011043
96.340503616333 127.8851978302 848 1556917011058
96.6723021697998 127.8851978302 849 1556917011066
97.4543974685669 127.956303977966 848 1556917011088
97.7150989151001 127.98 848 1556917011103
97.8573021697998 128.003696022034 848 1556917011111
97.999496383667 127.9325989151 848 1556917011118
98.1653956604004 127.9325989151 848 1556917011126
98.8526978302002 127.719298553467 848 1556917011141
99.6348021697998 127.648201446533 849 1556917011156
100.393201446533 127.5771043396 848 1556917011171
100.725 127.5771043396 848 1556917011178
101.696699638367 127.458597106934 848 1556917011201
102.146996383667 127.458597106934 848 1556917011224
102.146996383667 127.4823021698 848 1556917011231
102.146996383667 127.4823021698 848 1556917011239
102.123300361633 127.4823021698 848 1556917011246
102.146996383667 127.4823021698 849 1556917011261
102.0996043396 127.458597106934 849 1556917011269
102.123300361633 127.458597106934 849 1556917011336
102.0996043396 127.4823021698 849 1556917011351
102.0996043396 127.4823021698 849 1556917011359
102.0996043396 127.458597106934 849 1556917011374
102.0522032547 127.458597106934 849 1556917011389
102.0996043396 127.458597106934 849 1556917011396
102.075899276733 127.4349010849 849 1556917011411
102.0996043396 127.4349010849 849 1556917011419
102.0996043396 127.458597106934 849 1556917011434
102.075899276733 127.4349010849 849 1556917011441
102.123300361633 127.458597106934 849 1556917011464
102.075899276733 127.4823021698 848 1556917011486
102.075899276733 127.553399276733 849 1556917011539
102.0522032547 127.5297032547 849 1556917011546
102.028498191834 127.553399276733 849 1556917011561
102.028498191834 127.5771043396 849 1556917011569
102.0048021698 127.624496383667 849 1556917011576
101.838902893066 127.956303977966 848 1556917011584
101.625602531433 128.240701446533 849 1556917011592
101.530800361633 128.454001808167 849 1556917011599
101.199001808167 129.046501808167 849 1556917011622
101.080503616333 129.236097106934 848 1556917011629
101.033102531433 129.3546043396 849 1556917011637
100.985701446533 129.401996383667 848 1556917011644
100.9146043396 129.544199638367 849 1556917011652
100.8198021698 129.733803977966 848 1556917011659
100.701303977966 129.8997032547 849 1556917011667
100.393201446533 130.4448021698 849 1556917011682
100.0376978302 130.8950989151 849 1556917011697
99.9666007232666 131.060998191834 849 1556917011712
99.9428956604004 131.108399276733 848 1556917011719
99.895503616333 131.179496383667 848 1556917011727
99.8243974685669 131.3453956604 849 1556917011734
99.6348021697998 131.511303977966 849 1556917011742
99.184496383667 132.2223021698 849 1556917011764
99.1608003616333 132.340800361633 849 1556917011772
99.0185971069336 132.648902893066 849 1556917011787
98.9949010848999 132.7674010849 849 1556917011794
98.9475 132.7674010849 849 1556917011802
98.8764028930664 132.9096043396 849 1556917011809
98.6393974685669 133.3125 849 1556917011824
98.4972032546997 133.4547032547 849 1556917011832
98.1653956604004 134.023498191834 848 1556917011862
97.3358992767334 135.421798553467 849 1556917011914
97.2410971069336 135.753597106934 849 1556917011922
97.0989028930664 135.990602531433 848 1556917011937
96.9566996383667 136.346097106934 848 1556917011952
96.7671043395996 136.985998191833 849 1556917011967
96.5300989151001 137.46 849 1556917011982
96.4590018081665 137.744397468567 848 1556917011990
96.4352967453003 137.791798553467 848 1556917011997
96.3641996383667 137.839199638367 848 1556917012005
96.1746043395996 138.218399276733 849 1556917012020
96.0086960220337 138.431699638367 849 1556917012035
95.8427967453003 138.645 848 1556917012042
95.3688039779663 139.355998191833 849 1556917012065
95.2502967453003 139.6877967453 849 1556917012080
95.0607014465332 139.995899276733 849 1556917012095
95.0133003616333 140.066996383667 849 1556917012102
95.0133003616333 140.114397468567 849 1556917012110
94.8948021697998 140.304001808167 849 1556917012125
94.7289028930664 140.659496383667 849 1556917012132
94.6341007232666 140.754298553467 849 1556917012140
94.5156025314331 141.038696022034 849 1556917012147
94.3733992767334 141.275701446533 850 1556917012155
94.2785971069336 141.5126978302 850 1556917012162
94.1838039779663 141.868201446533 850 1556917012177
94.0890018081665 142.081501808167 850 1556917012185
94.0416007232666 142.271097106934 849 1556917012192
93.9231025314331 142.508102531433 849 1556917012200
93.970503616333 142.626600723267 850 1556917012207
93.8283003616333 142.674001808167 849 1556917012215
93.7098021697998 142.7925 849 1556917012222
93.6386960220337 142.8873021698 849 1556917012230
93.5439028930664 143.076897468567 849 1556917012252
93.4727967453003 143.1953956604 849 1556917012260
93.1883992767334 143.7878956604 849 1556917012282
92.9040018081665 144.238201446533 850 1556917012297
92.8328956604004 144.3803956604 850 1556917012305
92.785503616333 144.4277967453 849 1556917012320
92.7143974685669 144.451501808167 849 1556917012335
92.6196043395996 144.593696022034 851 1556917012342
92.3589028930664 144.996600723267 849 1556917012357
92.074496383667 145.470602531433 850 1556917012372
91.7900989151001 145.920899276733 850 1556917012387
91.6952967453003 146.039397468567 850 1556917012395
91.600503616333 146.229001808167 850 1556917012402
91.5057014465332 146.323803977966 851 1556917012425
91.4583003616333 146.323803977966 850 1556917012448
91.3872032546997 146.3949010849 852 1556917012478
91.0316996383667 146.821501808167 852 1556917012500
90.889496383667 146.916303977966 852 1556917012508
90.8183992767334 146.9874010849 852 1556917012523
90.7473021697998 147.0348021698 852 1556917012530
90.6999010848999 147.105899276733 852 1556917012538
90.4391996383667 147.3902967453 852 1556917012553
90.4866007232666 147.3902967453 852 1556917012583
90.5102967453003 147.366600723267 852 1556917012703
90.5102967453003 147.366600723267 852 1556917012718
90.5340018081665 147.366600723267 852 1556917012733
90.5340018081665 147.366600723267 851 1556917012748
90.5340018081665 147.366600723267 852 1556917012755
90.5576978302002 147.3428956604 852 1556917012770
90.5814028930664 147.3902967453 852 1556917012785
90.5576978302002 147.366600723267 852 1556917012793
90.5814028930664 147.366600723267 852 1556917012801
90.5814028930664 147.366600723267 852 1556917012816
90.6288039779663 147.3902967453 852 1556917012831
90.6050989151001 147.3902967453 852 1556917012838
90.6050989151001 147.366600723267 852 1556917012846
90.6525 147.3902967453 852 1556917012861
90.7235971069336 147.414001808167 852 1556917012876
90.8658003616333 147.508803977966 852 1556917012883
90.9842985534668 147.5325 852 1556917012891
91.245 147.5325 852 1556917012898
91.4346043395996 147.4850989151 852 1556917012906
91.5531025314331 147.4850989151 852 1556917012913
91.6241996383667 147.461402893066 852 1556917012921
92.074496383667 147.5325 852 1556917012936
92.2403956604004 147.556196022034 852 1556917012943
92.3825989151001 147.6273021698 852 1556917012951
92.5248021697998 147.650998191834 852 1556917012958
92.6433003616333 147.698399276733 852 1556917012966
93.2358003616333 147.816897468567 852 1556917012988
94.2785971069336 147.888003616333 852 1556917013018
95.3450989151001 147.888003616333 852 1556917013041
95.629496383667 147.911699638367 852 1556917013048
96.2457014465332 148.0301978302 852 1556917013063
96.6011960220337 148.0301978302 852 1556917013071
97.1936960220337 148.0301978302 852 1556917013086
97.525503616333 148.0775989151 852 1556917013093
98.3786960220337 148.101303977966 852 1556917013116
98.9711960220337 148.101303977966 852 1556917013131
99.3266996383667 148.101303977966 852 1556917013138
101.2226978302 148.053902893066 852 1556917013176
102.668399276733 148.053902893066 852 1556917013206
103.521600723267 148.006501808167 852 1556917013221
104.019298553467 148.0301978302 852 1556917013229
105.465 148.0775989151 852 1556917013251
106.436699638367 148.125 852 1556917013266
106.958102531433 148.101303977966 852 1556917013274
107.408399276733 148.196097106934 852 1556917013281
109.1148021698 148.3146043396 852 1556917013319
109.494001808167 148.385701446533 852 1556917013334
111.034496383667 148.338300361633 852 1556917013371
111.318902893066 148.338300361633 852 1556917013379
111.650701446533 148.290899276733 852 1556917013386
111.8402967453 148.361996383667 852 1556917013394
112.0299010849 148.338300361633 852 1556917013401
112.243201446533 148.385701446533 852 1556917013416
112.266897468567 148.385701446533 852 1556917013424
112.266897468567 148.385701446533 852 1556917013431
112.266897468567 148.361996383667 852 1556917013461
112.266897468567 148.361996383667 852 1556917013476
112.243201446533 148.361996383667 852 1556917013484
112.243201446533 148.361996383667 852 1556917013506
112.243201446533 148.361996383667 852 1556917013521
112.243201446533 148.338300361633 852 1556917013529
112.243201446533 148.338300361633 852 1556917013536
112.219496383667 148.338300361633 852 1556917013566
112.219496383667 148.338300361633 852 1556917013574
112.219496383667 148.338300361633 852 1556917013582
112.148399276733 148.3146043396 852 1556917013657
112.053597106934 148.243498191834 852 1556917013672
111.864001808167 148.0301978302 852 1556917013709
111.8402967453 147.959100723267 852 1556917013717
111.769199638367 147.911699638367 852 1556917013724
111.626996383667 147.650998191834 852 1556917013739
111.508498191834 147.224397468567 852 1556917013762
111.366303977966 146.9874010849 852 1556917013777
111.318902893066 146.916303977966 852 1556917013784
111.2951978302 146.8451978302 852 1556917013792
111.105602531433 146.560800361633 852 1556917013807
110.963399276733 146.418597106934 852 1556917013814
110.560503616333 145.755 852 1556917013837
110.2998021698 145.423201446533 852 1556917013852
109.968003616333 145.1625 852 1556917013867
109.849496383667 145.0202967453 852 1556917013874
109.778399276733 144.878102531433 852 1556917013882
109.730998191834 144.854397468567 852 1556917013889
109.351798553467 144.451501808167 852 1556917013904
108.9725989151 143.8352967453 852 1556917013919
108.498597106934 143.2901978302 852 1556917013934
108.3800989151 143.171699638367 852 1556917013942
108.143102531433 142.768803977966 852 1556917013957
108.071996383667 142.579199638367 852 1556917013964
107.906097106934 142.223696022034 852 1556917013980
107.669100723267 141.725998191834 852 1556917013995
107.574298553467 141.5600989151 852 1556917014002
107.360998191834 141.1572032547 852 1556917014017
107.313597106934 140.991303977966 852 1556917014025
107.076600723267 140.185503616333 852 1556917014047
106.981798553467 139.806303977966 852 1556917014055
106.958102531433 139.474496383667 852 1556917014062
106.8396043396 139.308597106934 852 1556917014070
106.815899276733 139.1900989151 852 1556917014077
106.721097106934 139.000503616333 852 1556917014085
106.626303977966 138.905701446533 852 1556917014100
106.626303977966 138.810899276733 852 1556917014107
106.578902893066 138.645 852 1556917014115
106.484100723267 138.5501978302 852 1556917014122
106.4603956604 138.479100723267 852 1556917014130
106.413003616333 138.384298553467 852 1556917014137
106.341897468567 138.123597106934 852 1556917014145
106.341897468567 137.768102531433 852 1556917014152
106.270800361633 137.5074010849 852 1556917014167
106.1997032547 137.341501808167 852 1556917014175
106.175998191834 137.294100723267 852 1556917014182
105.986402893066 136.9623021698 852 1556917014197
105.939001808167 136.891196022034 852 1556917014205
105.891600723267 136.796402893066 852 1556917014212
105.796798553467 136.346097106934 852 1556917014227
105.678300361633 136.156501808167 852 1556917014235
105.630899276733 136.014298553467 852 1556917014242
105.6546043396 135.800998191834 852 1556917014250
105.465 135.5402967453 852 1556917014257
105.393902893066 135.326996383667 852 1556917014265
104.706600723267 133.905 852 1556917014317
104.6828956604 133.786501808167 852 1556917014332
104.611798553467 133.4073021698 852 1556917014340
104.588102531433 133.1228956604 852 1556917014347
104.445899276733 132.648902893066 852 1556917014362
104.445899276733 132.483003616333 852 1556917014378
104.4222032547 132.388201446533 852 1556917014385
104.398498191834 132.340800361633 852 1556917014393
104.398498191834 132.293399276733 852 1556917014415
104.3274010849 132.0326978302 852 1556917014430
104.2325989151 131.5824010849 852 1556917014445
104.043003616333 131.108399276733 852 1556917014460
103.948201446533 131.013597106934 852 1556917014468
103.8771043396 130.824001808167 852 1556917014475
103.8297032547 130.7528956604 852 1556917014483
103.805998191834 130.681798553467 852 1556917014513
103.7349010849 130.563300361633 852 1556917014520
103.6875 130.3974010849 852 1556917014528
103.474199638367 130.018201446533 852 1556917014543
103.331996383667 129.686402893066 852 1556917014558
103.213498191833 129.378300361633 852 1556917014565
103.118696022034 129.188696022034 852 1556917014580
103.118696022034 129.165 852 1556917014588
103.095 129.165 852 1556917014595
103.095 129.165 852 1556917014603
103.118696022034 129.141303977966 852 1556917014618
103.095 129.141303977966 852 1556917014625
103.0001978302 129.046501808167 852 1556917014640
102.763201446533 128.5250989151 852 1556917014663
102.668399276733 128.216996383667 852 1556917014678
102.5973021698 128.0274010849 852 1556917014685
102.5499010849 127.956303977966 852 1556917014693
102.478803977966 127.8377967453 850 1556917014708
102.478803977966 127.8377967453 847 1556917014715
102.4550989151 127.814100723267 847 1556917014723
102.384001808167 127.861501808167 847 1556917014760
102.431402893066 127.8377967453 847 1556917014768
102.526196022034 127.814100723267 847 1556917014813
102.431402893066 127.814100723267 847 1556917014821
102.478803977966 127.814100723267 848 1556917014836
102.384001808167 127.8377967453 847 1556917014843
102.431402893066 127.814100723267 847 1556917014851
102.3602967453 127.861501808167 837 1556917014866
102.4076978302 127.814100723267 805 1556917014873
102.4076978302 127.8377967453 607 1556917014888
102.4550989151 127.9325989151 450 1556917014896
102.4550989151 128.0748021698 252 1556917014903
102.4550989151 128.0748021698 252 1556917014903
END STROKE
===NOTES===
Great Job
