1.00
USERID - 01/01/2000 01:00:00 AM - F - HS - EN - N/A
11/15/2019 11:9:24:412
11/15/2019 11:10:6:790
376.606443932475 560.282087540655 311 1573837855572
377.466512564911 559.093811406126 808 1573837855512
377.929738610792 557.664014188765 808 1573837855512
378.392964656672 556.234216971405 808 1573837855512
378.887099449484 554.818323525018 810 1573837855489
379.649645701073 553.523170380969 810 1573837855489
380.296206579483 552.174114237632 811 1573837855474
380.794543100691 550.756172361537 811 1573837855474
381.292879621898 549.338230485442 811 1573837855474
381.827886665543 547.93662677009 797 1573837855459
382.548854458653 546.617875886241 797 1573837855459
383.186379506163 545.261369585448 795 1573837855452
383.70104156089 543.849271351692 795 1573837855452
384.215703615617 542.437173117936 795 1573837855452
384.730365670344 541.02507488418 795 1573837855452
385.274892730215 539.625980505167 781 1573837855437
385.95800818975 538.287230445859 781 1573837855437
386.583660397356 536.923734739498 778 1573837855429
387.086921558688 535.507533251062 778 1573837855429
387.590182720019 534.091331762626 778 1573837855429
388.093443881351 532.675130274191 778 1573837855429
END STROKE
420.956835447438 583.889157004316 772 1573837856210
421.900172322841 582.607546480974 822 1573837856195
422.637507017287 581.163625638204 824 1573837856188
423.327974615714 579.696910381875 825 1573837856180
423.94980513406 578.193895556895 825 1573837856180
424.571635652406 576.690880731914 825 1573837856180
425.193466170752 575.187865906933 825 1573837856180
425.589821132157 573.619179175028 828 1573837856158
425.872312302078 572.017328527628 828 1573837856158
426.154803471999 570.415477880228 828 1573837856158
426.58548620087 568.856040184601 826 1573837856143
427.193260962518 567.347286859248 826 1573837856143
427.801035724165 565.838533533896 826 1573837856143
428.408810485813 564.329780208543 826 1573837856143
428.993715149759 562.812520265442 824 1573837856128
429.519637443125 561.273321610622 824 1573837856128
430.086031747438 559.74903903122 823 1573837856120
430.684770800656 558.236677201561 823 1573837856120
431.283509853874 556.724315371902 823 1573837856120
431.882248907093 555.211953542243 823 1573837856120
432.480987960311 553.699591712584 823 1573837856120
END STROKE
470.946434748511 597.630706186062 332 1573837856951
470.61795094856 596.670221184039 775 1573837856921
470.790637725806 595.327826276321 775 1573837856921
471.043058242281 594.003466689028 796 1573837856891
471.464907598144 592.717430946033 796 1573837856891
471.886756954007 591.431395203038 796 1573837856891
472.354491754778 590.161654433764 798 1573837856876
472.838238006112 588.897599697756 798 1573837856876
473.321984257446 587.633544961749 798 1573837856876
473.805730508779 586.369490225741 798 1573837856876
474.289476760113 585.105435489733 798 1573837856876
474.808769486789 583.856170060394 800 1573837856854
475.36441173833 582.622028050897 800 1573837856854
475.920053989872 581.387886041401 800 1573837856854
476.475696241414 580.153744031904 800 1573837856854
477.031338492955 578.919602022407 800 1573837856854
477.355516590674 577.607346864822 798 1573837856839
477.661311025603 576.288887697889 798 1573837856839
477.967105460532 574.970428530956 798 1573837856839
END STROKE
513.630558315153 619.462228550229 667 1573837857764
514.40091014986 618.06876941718 747 1573837857757
514.988624235853 616.587865015235 821 1573837857734
515.67928592919 615.141479260585 822 1573837857727
516.204042072466 613.621716436091 822 1573837857727
516.728798215742 612.101953611597 822 1573837857727
517.253554359018 610.582190787103 822 1573837857727
517.778310502294 609.062427962609 822 1573837857727
518.30306664557 607.542665138115 822 1573837857727
518.824517681749 606.02179798116 826 1573837857689
519.318761926859 604.491840243575 826 1573837857689
519.813006171968 602.96188250599 826 1573837857689
520.307250417078 601.431924768405 826 1573837857689
520.801494662188 599.90196703082 826 1573837857689
521.34296988915 598.389714212681 825 1573837857667
521.976226176568 596.911866274947 825 1573837857667
522.609482463986 595.434018337212 825 1573837857667
523.242738751403 593.956170399478 825 1573837857667
END STROKE
546.667199183776 636.408406901545 754 1573837858671
547.387313271948 634.772771272549 811 1573837858656
548.103520280883 633.135217842503 811 1573837858656
548.503028249175 631.394888936138 816 1573837858626
548.895912082008 629.652030933154 814 1573837858603
549.503349773874 627.971129497821 814 1573837858596
550.086721760161 626.281688512904 814 1573837858596
550.709211912979 624.607527256645 813 1573837858581
551.417833695865 622.966729523575 814 1573837858573
552.107234004993 621.317711352153 814 1573837858573
552.79663431412 619.668693180732 814 1573837858573
553.486034623248 618.019675009311 814 1573837858573
554.333590992192 616.447644077978 801 1573837858551
555.206197813923 614.887807211324 801 1573837858551
556.078804635653 613.327970344671 801 1573837858551
556.951411457384 611.768133478017 801 1573837858551
557.774709710219 610.184023888775 797 1573837858528
END STROKE
388.596705042683 531.258928785755 778 1573837855429
389.188521424433 529.879289717334 762 1573837855414
389.830967932901 528.520554667329 762 1573837855414
390.473414441368 527.161819617325 762 1573837855414
391.115860949835 525.80308456732 762 1573837855414
391.748830384813 524.44019406764 757 1573837855399
392.312977474308 523.047126763534 757 1573837855399
392.877124563803 521.654059459429 757 1573837855399
393.441271653298 520.260992155323 757 1573837855399
394.005418742793 518.867924851218 757 1573837855399
394.569565832288 517.474857547112 757 1573837855399
395.133712921783 516.081790243007 757 1573837855399
395.688391025828 514.684942097276 713 1573837855377
396.23888727539 513.286424191931 713 1573837855377
396.789383524952 511.887906286586 713 1573837855377
397.26522829155 510.463073516972 693 1573837855362
397.678642154594 509.021556206949 681 1573837855354
397.815001948653 507.52479154311 681 1573837855354
398.195254730924 506.07666158174 646 1573837855347
397.780632970212 504.765143584346 528 1573837855309
396.575621476681 505.540591418339 226 1573837855264
END STROKE
433.699424467927 550.684044337714 818 1573837856105
434.404605274741 549.218286244658 818 1573837856105
435.109786081554 547.752528151602 818 1573837856105
435.771519190684 546.267940984405 800 1573837856098
436.35890309022 544.751132851441 800 1573837856098
436.946286989757 543.234324718478 800 1573837856098
437.533670889293 541.717516585515 800 1573837856098
438.12105478883 540.200708452551 800 1573837856098
438.708438688366 538.683900319588 800 1573837856098
439.295822587903 537.167092186625 800 1573837856098
439.88320648744 535.650284053661 800 1573837856098
440.470590386976 534.133475920698 800 1573837856098
441.057974286513 532.616667787735 800 1573837856098
441.645358186049 531.099859654771 800 1573837856098
442.15124824307 529.554307618577 749 1573837856068
442.645451234506 528.004633407359 749 1573837856068
443.070838511698 526.438288700896 705 1573837856053
443.340617795532 524.834248210237 705 1573837856053
442.8067778449 524.44296004609 447 1573837856000
END STROKE
391.849561372462 533.250708695218 680 1573837809739
395.434350551286 535.025331625135 680 1573837809739
399.01913973011 536.799954555052 680 1573837809739
402.603928908934 538.574577484969 680 1573837809739
406.188718087758 540.349200414886 680 1573837809739
409.779427856372 542.111807413102 679 1573837809754
413.370795141066 543.873079971917 679 1573837809754
416.962162425759 545.634352530731 679 1573837809754
420.53917164961 547.424205468124 680 1573837809762
424.096089605854 549.254050995087 680 1573837809762
427.694770642533 550.999640631754 683 1573837809777
431.304840817225 552.722252989135 683 1573837809777
END STROKE
478.27289989546 573.651969364023 798 1573837856839
478.716095101266 572.375460324664 793 1573837856824
479.198885184435 571.11104008325 793 1573837856824
479.681675267603 569.846619841836 793 1573837856824
480.164465350772 568.582199600422 793 1573837856824
480.64725543394 567.317779359008 793 1573837856824
481.130045517108 566.053359117594 793 1573837856824
481.612835600277 564.78893887618 793 1573837856824
482.095625683445 563.524518634766 793 1573837856824
482.547048756327 562.248972551373 780 1573837856801
482.968901986576 560.962938079272 780 1573837856801
483.390755216825 559.676903607172 780 1573837856801
483.812608447074 558.390869135071 780 1573837856801
484.234461677323 557.10483466297 780 1573837856801
484.656314907572 555.81880019087 780 1573837856801
485.061182042595 554.528923533294 747 1573837856779
485.23386881984 553.186528625576 747 1573837856779
485.406555597085 551.844133717858 747 1573837856779
485.774551960304 550.546328835129 704 1573837856764
485.774551960304 549.192872219162 704 1573837856764
485.774551960304 547.839415603196 704 1573837856764
485.94827982826 546.516638750674 650 1573837856749
485.049409695205 545.832509072913 499 1573837856696
END STROKE
434.914910991917 554.444865346515 683 1573837809777
438.533835984652 556.148524408977 683 1573837809784
442.171531355272 557.812006416867 683 1573837809784
445.827762302964 559.433961962572 702 1573837809807
449.495066699525 561.031108938578 702 1573837809807
453.162371096086 562.628255914583 702 1573837809807
456.829675492647 564.225402890589 702 1573837809807
460.496979889208 565.822549866595 702 1573837809807
464.161317678968 567.426469319235 718 1573837809874
467.821805141008 569.039178697966 718 1573837809874
471.482292603048 570.651888076697 718 1573837809874
475.142780065088 572.264597455429 718 1573837809874
END STROKE
523.875995038821 592.478322461743 825 1573837857667
524.509251326238 591.000474524009 825 1573837857667
525.142507613656 589.522626586274 825 1573837857667
525.775763901073 588.04477864854 825 1573837857667
526.396201722544 586.563070031072 814 1573837857637
526.684441638595 584.98130968152 814 1573837857637
527.019646607953 583.413135698505 809 1573837857629
527.62041659483 581.921786150114 809 1573837857629
528.221186581707 580.430436601722 809 1573837857629
528.821956568584 578.93908705333 809 1573837857629
529.422726555462 577.447737504939 809 1573837857629
529.996456266018 575.945800654235 786 1573837857614
530.568006498857 574.443010454652 786 1573837857614
531.169974568593 572.952716964848 778 1573837857607
531.819979700824 571.482158778072 778 1573837857607
532.469984833054 570.011600591296 778 1573837857607
533.119989965284 568.54104240452 778 1573837857607
533.769995097514 567.070484217744 778 1573837857607
534.40004455619 565.592832715469 731 1573837857584
534.824027085245 564.041933986449 731 1573837857584
535.015060000274 562.449757129713 720 1573837857577
535.087822305047 560.845002701623 687 1573837857562
534.543948316239 559.428951884163 374 1573837857509
END STROKE
478.803267527128 573.87730683416 718 1573837809874
482.463754989168 575.490016212891 718 1573837809874
486.124242451208 577.102725591623 718 1573837809874
489.784729913248 578.715434970354 718 1573837809874
493.445217375288 580.328144349085 718 1573837809874
497.105704837328 581.940853727816 718 1573837809874
500.766192299368 583.553563106548 718 1573837809874
504.426679761408 585.166272485279 718 1573837809874
508.087167223448 586.77898186401 718 1573837809874
511.747654685488 588.391691242742 718 1573837809874
515.408142147528 590.004400621473 718 1573837809874
519.073264893619 591.606510219428 716 1573837809904
522.742546759159 593.199108910632 716 1573837809904
END STROKE
558.478666501766 608.541167062531 797 1573837858528
559.182623293314 606.898310236287 797 1573837858528
559.886580084861 605.255453410043 797 1573837858528
560.590536876409 603.612596583799 797 1573837858528
561.294493667956 601.969739757555 797 1573837858528
561.998450459504 600.326882931311 797 1573837858528
562.702407251051 598.684026105067 797 1573837858528
563.618222253894 597.153167969956 772 1573837858491
564.477339299927 595.590137443433 764 1573837858483
565.235744843716 593.971695369384 764 1573837858483
565.994150387505 592.353253295334 764 1573837858483
566.745597624903 590.731579196985 753 1573837858468
567.493039433095 589.108044639524 753 1573837858468
568.240481241287 587.484510082064 753 1573837858468
568.987923049479 585.860975524603 753 1573837858468
569.735364857671 584.237440967143 753 1573837858468
570.482806665863 582.613906409682 753 1573837858468
571.165522709185 580.962454953257 722 1573837858438
571.833380637908 579.304595036695 722 1573837858438
572.501238566631 577.646735120132 722 1573837858438
573.173998317926 575.991594042729 636 1573837858416
574.047817816326 574.459284309455 615 1573837858408
574.548131600053 572.743411402239 615 1573837858408
574.61094589136 571.035688327122 321 1573837858356
END STROKE
526.411828624698 594.791707601836 716 1573837809904
530.081110490237 596.384306293041 716 1573837809904
533.750392355776 597.976904984245 716 1573837809904
537.419674221315 599.569503675449 716 1573837809904
541.061387530412 601.2235739614 718 1573837809927
544.691100662573 602.904401905664 718 1573837809927
548.320813794733 604.585229849928 718 1573837809927
551.950526926894 606.266057794192 718 1573837809927
555.56274499336 607.983998959188 716 1573837809964
END STROKE
559.169155920335 609.714259120491 716 1573837809964
562.77556684731 611.444519281795 716 1573837809964
566.381977774285 613.174779443099 716 1573837809964
569.98838870126 614.905039604403 716 1573837809964
573.594799628235 616.635299765706 716 1573837809964
577.157800436654 618.451688398381 715 1573837809987
580.693933673318 620.321384024028 715 1573837809987
584.230066909981 622.191079649676 715 1573837809987
587.782896889043 624.028127993535 716 1573837810002
591.368664259513 625.800773577082 716 1573837810002
594.887670080149 627.696578913385 714 1573837810010
598.388628372518 629.628513128467 715 1573837810025
601.933707108461 631.481191394104 715 1573837810025
605.461251517307 633.36693692918 714 1573837810032
608.701852098224 635.705566570668 715 1573837810077
612.18044915666 637.680246925825 715 1573837810077
615.659046215096 639.654927280981 715 1573837810077
619.137643273532 641.629607636137 715 1573837810077
622.616240331968 643.604287991293 715 1573837810077
626.09981580048 645.570142785607 715 1573837810092
629.589058571422 647.525950773479 715 1573837810092
633.060709986409 649.512763356398 715 1573837810115
636.529423652227 651.504753693867 715 1573837810115
639.972963457676 653.539563844128 714 1573837810137
643.400369397237 655.601817108269 714 1573837810137
646.820495266778 657.676089761883 713 1573837810160
650.235754796036 659.758396739207 713 1573837810160
653.52141654616 662.024213305598 713 1573837810190
656.96379351725 664.061378195564 713 1573837810190
660.374297629854 666.150307890962 713 1573837810205
663.727219171923 668.331225339918 713 1573837810235
667.05151180922 670.555877776055 713 1573837810235
670.378773395533 672.776039829828 714 1573837810242
673.471609278702 675.300341467409 712 1573837810272
676.546388290811 677.845322200738 712 1573837810280
679.776760055524 680.188979836724 710 1573837810317
683.080644980562 682.443554619104 710 1573837810340
686.455498534205 684.59073032022 710 1573837810340
689.925729437435 686.578345208227 710 1573837810370
693.432108760651 688.502063286148 711 1573837810385
696.881636278719 690.512279195564 711 1573837810408
END STROKE
254.292608843954 468.597747692059 658 1573837809597
257.915247577954 470.293769096087 658 1573837809597
261.537886311954 471.989790500116 658 1573837809597
265.160525045954 473.685811904144 658 1573837809597
268.782395404249 475.38346986517 669 1573837809664
272.401314449511 477.087413803166 669 1573837809664
276.020233494774 478.791357741163 669 1573837809664
279.639152540036 480.49530167916 669 1573837809664
283.258071585299 482.199245617156 669 1573837809664
286.876990630562 483.903189555153 669 1573837809664
290.495909675824 485.607133493149 669 1573837809664
294.114828721087 487.311077431146 669 1573837809664
297.73374776635 489.015021369143 669 1573837809664
301.352666811612 490.718965307139 669 1573837809664
304.971585856875 492.422909245136 669 1573837809664
308.590504902137 494.126853183132 669 1573837809664
312.2094239474 495.830797121129 669 1573837809664
315.828342992663 497.534741059126 669 1573837809664
319.447262037925 499.238684997122 669 1573837809664
323.066181083188 500.942628935119 669 1573837809664
326.68510012845 502.646572873115 669 1573837809664
330.304019173713 504.350516811112 669 1573837809664
333.922938218976 506.054460749109 669 1573837809664
337.536580349984 507.769540235394 673 1573837809694
341.14699388467 509.491432830348 673 1573837809694
344.757407419356 511.213325425301 673 1573837809694
348.367820954042 512.935218020255 673 1573837809694
351.978234488728 514.657110615208 673 1573837809694
355.588648023414 516.379003210162 673 1573837809694
359.1990615581 518.100895805115 673 1573837809694
362.809475092786 519.822788400069 673 1573837809694
366.441817216542 521.496855106981 674 1573837809709
370.102608873061 523.108873856115 674 1573837809709
373.763400529581 524.720892605248 674 1573837809709
377.4241921861 526.332911354381 674 1573837809709
381.061713292142 527.995507475085 674 1573837809717
384.667594697127 529.726870895393 674 1573837809717
388.264772193638 531.476085765301 680 1573837809739
END STROKE
253.996671913505 467.013088651437 719 1573837806850
257.570494997658 465.2164839194 719 1573837806850
261.144318081811 463.419879187364 719 1573837806850
264.718141165963 461.623274455327 719 1573837806850
268.291964250116 459.82666972329 719 1573837806850
271.865787334269 458.030064991254 719 1573837806850
275.439610418422 456.233460259217 719 1573837806850
279.013433502575 454.436855527181 719 1573837806850
282.573075522883 452.612336093548 718 1573837806820
286.131596121964 450.785609199368 718 1573837806820
289.690116721045 448.958882305189 718 1573837806820
END STROKE
293.248637320125 447.132155411009 718 1573837806820
296.807157919206 445.30542851683 718 1573837806820
300.365678518287 443.478701622651 718 1573837806820
303.924199117367 441.651974728471 718 1573837806820
307.483213889677 439.826221443145 713 1573837806790
311.058309047645 438.032149367816 713 1573837806790
314.633404205612 436.238077292486 713 1573837806790
318.208499363579 434.444005217156 713 1573837806790
END STROKE
===NOTES===
Great Job
