1.00
USERID - 01/01/2000 01:00:00 AM - F - HS - EN - N/A
10/25/2019 13:4:16:43
10/25/2019 13:5:57:358
360.398251392818 170.397945101298 101 1572026755961
360.834310867648 173.516649354161 589 1572026756104
360.757569083158 177.496408281366 619 1572026756134
360.398251392818 181.453379855711 642 1572026756149
360.577944504407 185.394121205824 656 1572026756201
360.771101833225 189.388863616913 691 1572026756239
361.061487240368 193.3748922894 696 1572026756246
361.891554858749 197.24623229848 703 1572026756276
362.928251700251 201.104651102166 703 1572026756299
363.807799849609 204.975578513114 711 1572026756336
365.251278511684 208.692106653975 717 1572026756344
366.647509949127 212.429225728618 723 1572026756367
368.051172391698 216.172612527285 738 1572026756397
369.055398690482 220.041707087029 747 1572026756412
369.973031265305 223.924419374344 749 1572026756449
370.606406712249 227.872047966382 749 1572026756464
371.296068769556 231.805540874695 753 1572026756487
372.206947019931 235.690060113948 752 1572026756502
373.151965702867 239.560663011191 752 1572026756524
373.513038692387 243.51748797777 758 1572026756547
373.660682105168 247.477910508987 766 1572026756607
374.161374831633 251.446450138834 766 1572026756607
374.891874229286 255.333184512991 770 1572026756614
375.489251722826 259.204499413475 776 1572026756644
375.489251722826 263.204499413475 776 1572026756644
375.36520858297 267.202562651817 777 1572026756667
375.225018182066 271.200081679204 781 1572026756727
375.072546454746 275.197174669412 781 1572026756727
374.920074727426 279.194267659619 781 1572026756727
374.776179233495 283.191222131392 788 1572026756750
375.057655294816 287.181306244152 788 1572026756750
375.653079741194 291.120228147503 792 1572026756787
375.512051047604 295.117741237861 792 1572026756787
375.394462966636 299.113643184791 795 1572026756825
375.211572759997 303.097774384981 797 1572026756832
374.77935949001 307.047903316286 796 1572026756847
374.595454193293 311.003724151045 798 1572026756870
373.954665262713 314.914116604163 800 1572026756900
373.258044457746 318.820328407626 801 1572026756922
372.999146230317 322.809792154479 799 1572026756930
372.974096423304 326.808426944867 798 1572026756952
372.19303757355 330.696118780392 799 1572026756990
371.701595691008 334.656422851617 799 1572026757027
371.700181014281 338.588328022675 797 1572026757042
371.530100689912 342.476346896268 799 1572026757133
371.435039916685 346.365115478058 787 1572026757215
370.696198815581 350.044175121355 809 1572026757358
END STROKE
===NOTES===
Great Job
