1.00
USERID - 01/01/2000 01:00:00 AM - F - HS - EN - N/A
10/25/2019 13:4:16:43
10/25/2019 13:6:4:561
567.180819150157 314.166404940795 155 1572026758481
565.184920217012 312.523299221496 559 1572026758549
562.380386985153 312.343688348385 633 1572026758579
559.607595479314 312.969940741209 702 1572026758609
557.040203924283 314.215145471168 719 1572026758624
554.406533877961 315.326872286072 739 1572026758654
551.961400826294 316.8000386884 751 1572026758669
549.707323262767 318.543556538267 769 1572026758692
547.835005830086 320.71178750296 777 1572026758707
545.821368397207 322.750870310492 784 1572026758729
543.879952149195 324.859335605608 784 1572026758729
542.194947775956 327.167789694594 796 1572026758752
540.622755414086 329.564231666775 796 1572026758752
538.93018648669 331.870275699541 805 1572026758774
537.707105755719 334.448301665576 805 1572026758782
536.099019430558 336.797689666865 811 1572026758804
535.028066512799 339.456219861672 811 1572026758804
533.851959418152 342.069920097238 813 1572026758819
533.027075077149 344.81274579498 817 1572026758842
532.230228157056 347.565881813177 817 1572026758842
531.507568727312 350.339292629314 822 1572026758857
531.121649678587 353.176916584466 827 1572026758872
530.880173412742 356.032215741045 829 1572026758902
530.779121636445 358.896567585226 829 1572026758902
530.759401863562 361.760237604471 830 1572026758917
530.97160767269 364.613258966998 829 1572026758924
531.487262772331 367.42468532509 830 1572026758947
531.609190200742 370.286658522398 831 1572026758954
532.205983707965 373.088299138836 832 1572026758977
532.84229442259 375.878500667036 831 1572026758992
534.286297238017 378.246023719551 831 1572026759022
535.906246251364 380.371283062566 835 1572026759037
537.644389649925 382.64794916575 835 1572026759067
539.756321326537 384.571663061531 839 1572026759082
541.792484001241 386.573494273346 838 1572026759135
544.075763952554 388.282334974199 840 1572026759165
546.550246772532 389.678939478868 840 1572026759180
549.032703348245 390.814813033559 841 1572026759232
551.877418931183 391.056939689615 843 1572026759247
554.743174254174 391.06193493969 844 1572026759270
557.59877491025 391.195210120395 844 1572026759292
560.429325957831 391.645436414375 844 1572026759292
563.184624302041 391.683694277885 844 1572026759322
566.011616710992 391.461458398706 846 1572026759345
568.875808738421 391.554897994516 846 1572026759360
571.704658532944 391.264747859873 846 1572026759367
574.538663040587 390.946192521838 845 1572026759390
577.282398635233 390.143729999922 845 1572026759405
579.890227328178 389.0155534767 846 1572026759435
582.678121420003 388.350444852846 846 1572026759435
585.162746311596 387.168388096887 845 1572026759472
587.904309510379 386.332592562179 845 1572026759472
590.530921399678 385.257965068329 846 1572026759488
593.102687473987 384.028908070154 845 1572026759503
595.651933567748 382.725327108614 845 1572026759510
598.014761330002 381.123175230411 844 1572026759548
600.150531709746 379.311236232744 843 1572026759578
602.14373754938 377.257810958665 844 1572026759600
603.626252785495 374.873889725824 843 1572026759608
605.253015684147 373.650738851663 842 1572026759638
606.984228257784 371.479970617653 840 1572026759668
608.295584952764 368.931428570269 840 1572026759668
609.200349604761 366.220021753801 840 1572026759690
610.123608053046 363.522550880106 840 1572026759713
610.867260722746 360.759374675126 838 1572026759728
611.610246061276 357.998127866906 833 1572026759765
612.032899021519 355.163328504702 833 1572026759765
612.633444718933 352.380404220867 833 1572026759788
612.665956953762 349.545911100265 830 1572026759810
612.813137830529 346.692067970966 827 1572026759825
612.446693398802 343.866934839796 822 1572026759855
611.888831675791 341.056400189033 822 1572026759871
610.826092152519 338.432967057095 824 1572026759886
610.118289419411 335.70023193501 822 1572026759908
609.154107674038 333.051641529794 821 1572026759938
607.688647719583 330.589035126728 820 1572026759946
606.050413923121 328.247367447786 803 1572026759961
604.045105960649 326.231405835255 800 1572026759991
602.149876503492 324.082531705773 794 1572026760006
599.930990839627 322.304476056188 798 1572026760021
597.811588242087 320.418735723144 797 1572026760036
595.510507075222 318.74510792308 800 1572026760058
592.903921641024 317.624225653095 797 1572026760073
590.489410713282 316.538175619949 794 1572026760103
587.686986321252 315.973727214905 796 1572026760111
584.968133428723 315.197372579203 790 1572026760133
582.428761270991 313.945380625647 787 1572026760156
579.941500137096 312.555346482515 777 1572026760186
577.180132118554 312.030398844748 776 1572026760208
574.404108850186 312.523299221496 769 1572026760269
571.550421997425 312.359019988601 766 1572026760299
568.693760434774 312.453180284773 739 1572026760359
566.041843256603 313.372767558066 579 1572026760396
553.706782693087 340.619748901675 76 1572026761463
553.870135209949 340.619748901675 108 1572026761470
553.994946238156 340.520491896755 171 1572026761500
554.115493277046 340.410253717434 171 1572026761500
554.236040315937 340.300015538113 171 1572026761500
554.356587354827 340.189777358793 171 1572026761500
554.477134393717 340.079539179472 171 1572026761500
554.597681432608 339.969301000151 171 1572026761500
554.678606600768 339.827984877197 177 1572026761515
554.756954897495 339.684647550707 177 1572026761515
554.835318067332 339.541318355422 178 1572026761523
554.913689377008 339.397993610229 178 1572026761523
554.964360342856 339.247590048009 219 1572026761545
554.964360342856 339.084237531147 219 1572026761545
554.913594877762 338.999918667712 369 1572026761583
554.765036282508 339.067847958457 369 1572026761583
554.616477687253 339.135777249202 369 1572026761583
554.467919091999 339.203706539948 369 1572026761583
554.319360496744 339.271635830693 369 1572026761583
554.17080190149 339.339565121438 369 1572026761583
554.022243306235 339.407494412184 369 1572026761583
553.872872244308 339.473143113225 369 1572026761598
553.714826651202 339.514442450565 369 1572026761598
553.556781058095 339.555741787905 369 1572026761598
553.398735464988 339.597041125245 369 1572026761598
553.240689871882 339.638340462585 369 1572026761598
553.082644278775 339.679639799925 369 1572026761598
552.924598685669 339.720939137265 369 1572026761598
552.766553092562 339.762238474605 369 1572026761598
552.609728215028 339.806963833018 366 1572026761605
552.461176153686 339.874907411348 366 1572026761605
552.312624092344 339.942850989677 366 1572026761605
552.201211373388 340.056261787138 363 1572026761620
552.104984151407 340.188263175446 363 1572026761620
552.008756929427 340.320264563753 363 1572026761620
551.912529707446 340.45226595206 363 1572026761620
551.910194241398 340.614857566812 367 1572026761635
551.910194241398 340.778210083674 367 1572026761635
551.910194241398 340.941562600536 367 1572026761635
552.025705974365 341.054027033338 367 1572026761650
552.14624079595 341.164278570971 367 1572026761650
552.266775617536 341.274530108604 367 1572026761650
552.387310439122 341.384781646237 367 1572026761650
552.517073850194 341.482744864328 365 1572026761658
552.656555871011 341.567767276867 365 1572026761658
552.796037891829 341.652789689405 365 1572026761658
552.935519912646 341.737812101944 365 1572026761658
553.085442970327 341.799560336381 361 1572026761665
553.241692514895 341.847206160832 361 1572026761665
553.397942059462 341.894851985282 361 1572026761665
553.551281135218 341.948984326159 367 1572026761673
553.690751141441 342.034026445896 367 1572026761673
553.830221147664 342.119068565633 367 1572026761673
553.969691153887 342.204110685369 367 1572026761673
554.116546520027 342.262854620974 367 1572026761688
554.279899036889 342.262854620974 367 1572026761688
554.443251553751 342.262854620974 367 1572026761688
554.606604070613 342.262854620974 367 1572026761688
554.769956587475 342.262854620974 367 1572026761688
554.933309104337 342.262854620974 367 1572026761688
555.096661621199 342.262854620974 367 1572026761688
555.249504862244 342.214601940231 374 1572026761703
555.398061824096 342.146669077413 374 1572026761703
555.546618785947 342.078736214595 374 1572026761703
555.695175747798 342.010803351776 374 1572026761703
555.84373270965 341.942870488958 374 1572026761703
556.005204113622 341.934233477115 381 1572026761710
556.168556630484 341.934233477115 381 1572026761710
556.303088387607 341.860015768543 402 1572026761725
556.423630190577 341.749771863942 402 1572026761725
556.544171993548 341.639527959341 402 1572026761725
556.664713796519 341.52928405474 402 1572026761725
556.770729936424 341.409803485241 405 1572026761740
556.819438904465 341.25388209095 405 1572026761740
556.868147872507 341.09796069666 405 1572026761740
556.916856840548 340.942039302369 405 1572026761740
556.965565808589 340.786117908079 405 1572026761740
557.014274776631 340.630196513788 405 1572026761740
557.062983744672 340.474275119498 405 1572026761740
557.111692712713 340.318353725207 405 1572026761740
557.055501825483 340.172834630735 405 1572026761748
556.977119007213 340.029516179149 405 1572026761748
556.89875458479 339.886187669499 405 1572026761755
556.820406288066 339.742850343009 405 1572026761755
556.731923167613 339.607461493883 425 1572026761770
556.611388346026 339.497209956251 425 1572026761770
556.49085352444 339.386958418619 425 1572026761770
556.370318702853 339.276706880987 425 1572026761770
556.249783881266 339.166455343355 425 1572026761770
556.114679032067 339.075604512117 423 1572026761778
555.975197011249 338.990582099579 423 1572026761778
555.835714990431 338.905559687041 423 1572026761778
555.696232969614 338.820537274503 423 1572026761778
555.543151315249 338.764483240629 448 1572026761793
555.388635526258 338.711484035751 448 1572026761793
555.234119737267 338.658484830874 448 1572026761793
555.079603948276 338.605485625996 448 1572026761793
554.925088159285 338.552486421118 448 1572026761793
554.770572370294 338.49948721624 448 1572026761793
554.616056581303 338.446488011362 448 1572026761793
554.461540792312 338.393488806485 448 1572026761793
554.307025003321 338.340489601607 448 1572026761793
554.147178223871 338.319463572741 456 1572026761800
553.983825707009 338.319463572741 456 1572026761800
553.820473190147 338.319463572741 456 1572026761800
553.659279587188 338.333947050942 456 1572026761808
553.503028352578 338.381587332723 456 1572026761808
553.346777117969 338.429227614503 456 1572026761808
553.190525883359 338.476867896283 456 1572026761808
553.040844261166 338.541836508195 457 1572026761816
552.892282399254 338.609758654439 457 1572026761816
552.75592986915 338.696121889318 455 1572026761831
552.635388066179 338.806365793919 455 1572026761831
552.514846263208 338.91660969852 455 1572026761831
552.381560925949 339.007607158223 453 1572026761838
552.233003964099 339.075540021042 453 1572026761838
552.089887352987 339.146967276712 451 1572026761846
552.089887352987 339.310319793574 451 1572026761846
552.088815025653 339.473528362345 450 1572026761861
552.045734795911 339.631097834548 450 1572026761861
552.002654566168 339.788667306752 450 1572026761861
551.959574336425 339.946236778955 450 1572026761861
551.916494106682 340.103806251159 450 1572026761861
551.9770950487 340.249219454117 448 1572026761876
552.055454852659 340.392550490145 448 1572026761876
552.133814656618 340.535881526172 448 1572026761876
552.212174460577 340.679212562199 448 1572026761876
552.30185083217 340.813666997558 450 1572026761883
552.422392635141 340.923910902159 450 1572026761883
552.56473023113 341.001239396135 450 1572026761891
552.713282292472 341.069182974464 450 1572026761891
552.867152695229 341.1127119565 451 1572026761898
553.030505212091 341.1127119565 451 1572026761898
553.193857728953 341.1127119565 451 1572026761898
553.357210245815 341.1127119565 451 1572026761898
553.520562762677 341.1127119565 451 1572026761898
553.681355828303 341.084494503341 447 1572026761913
553.842042373921 341.055102687773 447 1572026761913
554.00272891954 341.025710872206 447 1572026761913
554.163415465158 340.996319056638 447 1572026761913
554.324102010777 340.966927241071 447 1572026761913
554.484788556395 340.937535425503 447 1572026761913
554.645475102014 340.908143609936 447 1572026761913
554.806161647632 340.878751794368 447 1572026761913
554.966848193251 340.849359978801 447 1572026761913
555.127534738869 340.819968163233 447 1572026761913
555.288221284488 340.790576347666 447 1572026761913
555.446849624515 340.751904498555 446 1572026761928
555.604895217621 340.710605161215 446 1572026761928
555.762940810728 340.669305823875 446 1572026761928
555.920986403835 340.628006486535 446 1572026761928
556.079031996941 340.586707149195 446 1572026761928
556.237077590048 340.545407811855 446 1572026761928
556.395123183155 340.504108474515 446 1572026761928
556.553168776261 340.462809137175 446 1572026761928
556.680366913894 340.364808228389 447 1572026761943
556.800898243578 340.254552873282 447 1572026761943
556.921429573261 340.144297518174 447 1572026761943
556.823107333058 340.05526515621 474 1572026761973
556.683637326836 339.970223036472 474 1572026761973
556.544167320613 339.885180916735 474 1572026761973
556.404697314391 339.800138796997 474 1572026761973
556.261572423644 339.721410869511 472 1572026761988
556.118363496505 339.642828123613 472 1572026761988
555.975154569366 339.564245377716 472 1572026761988
555.831945642227 339.485662631819 472 1572026761988
555.688736715087 339.407079885921 472 1572026761988
555.545527787948 339.328497140024 472 1572026761988
555.3931232716 339.271729559134 472 1572026761996
555.236873727033 339.224083734684 472 1572026761996
555.080624182465 339.176437910233 472 1572026761996
554.92255692153 339.140985093348 472 1572026762003
554.759204404668 339.140985093348 472 1572026762003
554.596083010759 339.138936929405 466 1572026762018
554.436838369274 339.102533784988 466 1572026762018
554.277593727789 339.066130640572 466 1572026762018
554.118349086304 339.029727496155 466 1572026762018
553.959104444818 338.993324351738 466 1572026762018
553.808575013273 339.019414598796 440 1572026762033
553.665366086134 339.097997344694 440 1572026762033
553.522157158995 339.176580090591 440 1572026762033
553.378948231856 339.255162836489 440 1572026762033
553.235739304717 339.333745582387 440 1572026762033
553.092530377578 339.412328328285 440 1572026762033
552.966899798638 339.508463499014 411 1572026762041
552.888528488959 339.651788244206 411 1572026762041
552.810157179281 339.795112989399 411 1572026762041
552.80845420082 339.958030310474 343 1572026762048
552.80845420082 340.121382827336 343 1572026762048
552.80845420082 340.284735344198 231 1572026762056
552.80845420082 340.44808786106 231 1572026762056
552.80845420082 340.611440377922 231 1572026762056
552.841581615999 340.771212475391 65 1572026762063
552.876484268712 340.930792704739 65 1572026762063
552.911386921424 341.090372934087 65 1572026762063
552.946289574137 341.249953163435 65 1572026762063
552.981192226849 341.409533392783 65 1572026762063
583.529465662772 340.291127757815 131 1572026762448
583.379448909302 340.428328564931 198 1572026762456
583.186692972343 340.455469668787 277 1572026762463
583.170079439595 340.642151703613 309 1572026762471
583.140659864389 340.837934137202 395 1572026762501
583.043182445031 341.016336044452 395 1572026762501
583.035341761689 341.194737951702 427 1572026762516
583.132819181045 341.373139858953 427 1572026762516
583.244068985186 341.542810209236 445 1572026762531
583.363840656035 341.70707777955 445 1572026762531
583.483612326883 341.871345349865 445 1572026762531
583.56255424491 342.055257679039 445 1572026762546
583.616168477031 342.251356128572 445 1572026762546
583.669782709153 342.447454578104 445 1572026762546
583.748994801251 342.627915546112 444 1572026762553
583.898998520504 342.765130603614 444 1572026762553
584.049002239757 342.902345661116 444 1572026762553
584.172659001367 343.063132432546 443 1572026762561
584.292400842062 343.227421748637 443 1572026762561
584.412142682758 343.391711064729 443 1572026762561
584.596927259902 343.464580738888 443 1572026762568
584.791393543868 343.523842465118 443 1572026762568
584.985858794151 343.583107582277 441 1572026762584
585.180314566588 343.642403790932 441 1572026762584
585.374770339025 343.701699999587 441 1572026762584
585.554701476875 343.696779390899 465 1572026762614
585.704711713746 343.559571458807 465 1572026762614
585.854721950616 343.422363526715 465 1572026762614
586.004732187487 343.285155594623 465 1572026762614
586.154742424357 343.147947662531 465 1572026762614
586.304752661228 343.010739730438 465 1572026762614
586.454762898098 342.873531798346 465 1572026762614
586.604773134969 342.736323866254 465 1572026762614
586.754783371839 342.599115934162 465 1572026762614
586.90479360871 342.46190800207 465 1572026762614
587.069879427632 342.344135455577 473 1572026762621
587.240083094441 342.232960819982 473 1572026762621
587.410286761251 342.121786184388 473 1572026762621
587.58049042806 342.010611548793 473 1572026762621
587.750694094869 341.899436913199 473 1572026762621
587.920897761679 341.788262277604 473 1572026762621
588.091101428488 341.67708764201 473 1572026762621
588.13029027091 341.587260549455 471 1572026762629
587.933597909038 341.53586791792 471 1572026762629
587.736905547166 341.484475286385 471 1572026762629
587.540213185294 341.43308265485 471 1572026762629
587.343520823421 341.381690023315 471 1572026762629
587.146828461549 341.33029739178 471 1572026762629
586.950136099677 341.278904760245 471 1572026762629
586.848927704167 341.105252057472 469 1572026762644
586.751412089646 340.926871025073 469 1572026762644
586.653896475126 340.748489992675 469 1572026762644
586.556380860605 340.570108960276 469 1572026762644
586.458865246085 340.391727927877 469 1572026762644
586.323254505205 340.254263450558 469 1572026762651
586.138372310203 340.16971960533 469 1572026762651
585.953490115201 340.085175760101 469 1572026762666
585.768607920199 340.000631914871 469 1572026762666
585.583725725197 339.916088069641 469 1572026762666
585.398843530195 339.831544224411 469 1572026762666
585.208156668605 339.762311023132 471 1572026762674
585.013694587692 339.703035506417 471 1572026762674
584.819232506778 339.643759989703 471 1572026762674
584.617399141073 339.633948148173 491 1572026762681
584.4141035735 339.633948148173 491 1572026762681
584.214183563334 339.649452186046 502 1572026762689
584.029289174767 339.733969361054 502 1572026762689
583.85275823987 339.831118460511 504 1572026762696
583.702754520619 339.968333518014 504 1572026762696
583.552750801368 340.105548575518 504 1572026762696
583.382836223944 340.216256123245 506 1572026762704
583.209262932151 340.322092790666 506 1572026762704
583.035689640357 340.427929458087 506 1572026762704
582.879533500035 340.556958327659 508 1572026762711
582.729503716403 340.694144886104 508 1572026762711
582.597560643249 340.845518691117 504 1572026762726
582.500054576264 341.023904942538 504 1572026762726
582.402548509279 341.202291193958 504 1572026762726
582.305042442293 341.380677445379 504 1572026762726
582.207508020922 341.559048193835 500 1572026762734
582.109958991166 341.737410955051 500 1572026762734
582.092194901415 341.936166153428 499 1572026762741
582.092194901415 342.139461721001 499 1572026762741
582.151151904075 342.316785207165 498 1572026762749
582.301155623328 342.454000264668 498 1572026762749
582.45115934258 342.591215322169 498 1572026762749
582.570988395728 342.755431545141 501 1572026762756
582.690760066578 342.919699115455 501 1572026762756
582.810531737427 343.083966685768 501 1572026762756
583.008518271095 343.129573138964 503 1572026762779
583.206700251477 343.174883076578 503 1572026762779
583.40488223186 343.220193014192 503 1572026762779
583.603064212243 343.265502951805 503 1572026762779
583.801246192625 343.310812889419 503 1572026762779
583.999428173008 343.356122827033 503 1572026762779
584.19761015339 343.401432764646 503 1572026762779
584.395792133773 343.44674270226 503 1572026762779
584.593974114156 343.492052639874 503 1572026762779
584.792156094538 343.537362577487 503 1572026762779
584.990947056116 343.577276518336 502 1572026762794
585.194242623689 343.577276518336 502 1572026762794
585.397538191262 343.577276518336 502 1572026762794
585.600833758835 343.577276518336 502 1572026762794
585.804129326409 343.577276518336 502 1572026762794
586.007424893982 343.577276518336 502 1572026762794
586.203503197901 343.528846374178 504 1572026762801
586.397965278814 343.469570857462 504 1572026762801
586.591205210798 343.407755775444 504 1572026762809
586.758855673608 343.292767036367 504 1572026762809
586.926506136418 343.177778297289 504 1572026762809
587.094156599227 343.062789558212 504 1572026762809
587.261807062037 342.947800819134 504 1572026762809
587.376234559074 342.78470063569 504 1572026762816
587.473769266149 342.606330041951 504 1572026762816
587.651373643491 342.513964378427 505 1572026762824
587.83625177244 342.429411642036 505 1572026762824
588.021129901389 342.344858905644 505 1572026762824
588.206008030338 342.260306169253 505 1572026762824
588.390886159287 342.175753432861 505 1572026762824
588.542637626955 342.094594837516 504 1572026762831
588.344454394792 342.049290375438 504 1572026762831
588.146271162629 342.003985913359 504 1572026762831
587.948087930465 341.95868145128 504 1572026762831
587.813237470259 341.844900203304 501 1572026762846
587.752625682407 341.650850470069 501 1572026762846
587.692013894556 341.456800736835 501 1572026762846
587.631402106704 341.2627510036 501 1572026762846
587.570790318852 341.068701270366 501 1572026762846
587.510178531001 340.874651537131 501 1572026762846
587.44476080581 340.682227304771 503 1572026762854
587.375137521282 340.491225508846 503 1572026762854
587.305514236753 340.300223712922 503 1572026762854
587.209295096719 340.121259051122 502 1572026762861
587.101057476241 339.956029056666 501 1572026762869
586.906601703803 339.896732848012 501 1572026762869
586.712145931366 339.837436639358 501 1572026762869
586.532744146164 339.751749775417 500 1572026762876
586.382727392692 339.614548968303 500 1572026762876
586.232710639221 339.477348161189 500 1572026762876
586.082693885748 339.340147354075 500 1572026762876
585.915099034758 339.226350745769 500 1572026762884
585.741525742965 339.120514078348 500 1572026762884
585.567952451171 339.014677410927 500 1572026762884
585.377447035347 338.95325586575 496 1572026762899
585.177467842257 338.91668524741 496 1572026762899
584.977488649166 338.88011462907 496 1572026762899
584.777509456075 338.84354401073 496 1572026762899
584.584980422307 338.832885353761 485 1572026762929
584.434963668834 338.970086160874 485 1572026762929
584.284946915361 339.107286967986 485 1572026762929
584.134930161888 339.244487775099 485 1572026762929
584.151916960155 339.381672719441 466 1572026762936
584.283091123832 339.533644628011 424 1572026762944
584.380568543185 339.712046535263 424 1572026762944
584.489570500413 339.883141998457 409 1572026762959
584.609342171263 340.047409568771 409 1572026762959
584.729113842113 340.211677139084 409 1572026762959
584.887447462934 340.321744413611 320 1572026762966
585.08190323537 340.381040622267 320 1572026762966
585.276359007807 340.440336830924 320 1572026762966
585.47081947875 340.499617628376 292 1572026762974
585.665281559664 340.558893145088 292 1572026762974
585.859743640578 340.6181686618 292 1572026762974
586.062803714163 340.619748901675 166 1572026762982
586.266099281736 340.619748901675 166 1572026762982
586.46939484931 340.619748901675 166 1572026762982
574.905978160327 364.608590978803 72 1572026763448
574.714747523747 364.696037870823 111 1572026763456
574.534483438017 364.79526479033 192 1572026763471
574.433599606979 364.979760231807 192 1572026763471
574.33271577594 365.164255673284 192 1572026763471
574.231831944901 365.348751114761 192 1572026763471
574.100618019836 365.509458627493 250 1572026763478
573.967268470338 365.668491167446 310 1572026763486
573.8663846393 365.852986608923 310 1572026763486
573.828093622155 366.053477630798 352 1572026763501
573.828093622155 366.263753914032 352 1572026763501
573.828093622155 366.474030197267 352 1572026763501
573.792454834483 366.678012789178 385 1572026763516
573.720432758701 366.875570213465 385 1572026763516
573.648410682919 367.073127637752 385 1572026763516
573.749270092837 367.257624924095 396 1572026763523
573.828093622155 367.447757871027 403 1572026763531
573.828093622155 367.658034154261 403 1572026763531
573.894259678283 367.851401715799 404 1572026763538
573.995143509322 368.035897157276 404 1572026763538
574.191710228706 368.059018972212 406 1572026763561
574.40198651194 368.059018972212 406 1572026763561
574.612262795175 368.059018972212 406 1572026763561
574.822539078409 368.059018972212 429 1572026763576
575.032815361644 368.059018972212 429 1572026763576
575.243091644878 368.059018972212 429 1572026763576
575.451154044564 368.053317895436 459 1572026763598
575.606322038238 367.911405919091 459 1572026763598
575.761490031912 367.769493942746 459 1572026763598
575.916658025587 367.627581966402 459 1572026763598
576.071826019261 367.485669990057 459 1572026763598
576.193001000075 367.321008172524 461 1572026763606
576.265023075858 367.123450748237 461 1572026763606
576.337045151641 366.92589332395 461 1572026763606
576.435442915863 366.740272761643 460 1572026763613
576.522942033273 366.552356859419 458 1572026763621
576.522942033273 366.342080576185 458 1572026763621
576.522942033273 366.13180429295 458 1572026763621
576.400563784534 365.975452667654 458 1572026763628
576.245382313274 365.833555429244 458 1572026763628
576.115895586823 365.671506521459 457 1572026763636
576.015071010637 365.486978691233 457 1572026763636
575.876643885618 365.331940526497 456 1572026763643
575.72146690699 365.190038375015 456 1572026763643
575.566289928363 365.048136223534 456 1572026763643
575.400261044637 364.926939386196 462 1572026763658
575.195273613957 364.880075022824 462 1572026763658
574.990286183278 364.833210659452 462 1572026763658
574.785298752598 364.786346296079 462 1572026763658
574.580311321919 364.739481932707 462 1572026763658
574.375323891239 364.692617569335 462 1572026763658
574.17033646056 364.645753205962 462 1572026763658
573.968195736485 364.626691892936 490 1572026763666
573.776958792279 364.714124989996 490 1572026763666
573.585721848073 364.801558087057 490 1572026763666
573.394484903867 364.888991184117 490 1572026763666
573.197072567383 364.958206581497 501 1572026763673
572.992088050449 365.005083687939 501 1572026763673
572.787103533515 365.05196079438 501 1572026763673
572.582119016581 365.098837900821 501 1572026763673
572.424118469282 365.235356573051 501 1572026763681
572.26893699802 365.37725381146 501 1572026763681
572.098475022146 365.49880394819 498 1572026763688
571.918941611246 365.608274810348 498 1572026763688
571.739408200346 365.717745672506 498 1572026763688
571.602483064853 365.870292333622 497 1572026763703
571.491059579644 366.048620464422 497 1572026763703
571.379636094435 366.226948595223 497 1572026763703
571.268212609226 366.405276726023 497 1572026763703
571.156789124016 366.583604856823 497 1572026763703
571.045365638807 366.761932987624 497 1572026763703
570.943799199593 366.94457556911 496 1572026763711
570.88838333557 367.147418358742 496 1572026763711
570.832967471547 367.350261148373 496 1572026763711
570.777551607523 367.553103938005 496 1572026763711
570.67959892095 367.738784147558 499 1572026763726
570.578729900698 367.92328768694 499 1572026763726
570.477860880446 368.107791226321 499 1572026763726
570.376991860194 368.292294765703 499 1572026763726
570.276122839942 368.476798305084 499 1572026763726
570.235053784453 368.676581155898 500 1572026763733
570.235053784453 368.886857439132 500 1572026763733
570.252957861764 369.093974565368 501 1572026763741
570.324923359961 369.291552606557 501 1572026763741
570.396888858158 369.489130647747 501 1572026763741
570.414609830358 369.696280082701 500 1572026763748
570.414609830358 369.906556365936 500 1572026763748
570.49701332881 370.055810799311 501 1572026763764
570.69814627809 370.117143107313 501 1572026763764
570.899279227371 370.178475415314 501 1572026763764
571.09318186251 370.13117447909 500 1572026763771
571.284412499091 370.043727587072 500 1572026763771
571.484073874751 369.978517983329 500 1572026763779
571.685213349126 369.917207077782 500 1572026763779
571.884654600146 369.851416863605 494 1572026763786
572.075885236728 369.763969971589 494 1572026763786
572.26711587331 369.676523079572 494 1572026763786
572.458346509892 369.589076187556 494 1572026763786
572.634667637518 369.479111598635 480 1572026763794
572.789835631193 369.337199622291 480 1572026763794
572.945003624867 369.195287645946 480 1572026763794
573.100171618541 369.053375669601 480 1572026763794
573.255339612215 368.911463693257 480 1572026763794
573.393433074567 368.753374573497 475 1572026763809
573.52676930674 368.590778249797 475 1572026763809
573.660105538914 368.428181926097 475 1572026763809
573.793441771087 368.265585602397 475 1572026763809
573.92677800326 368.102989278697 475 1572026763809
574.060114235433 367.940392954997 475 1572026763809
574.193450467606 367.777796631296 475 1572026763809
574.326786699779 367.615200307596 475 1572026763809
574.417311569137 367.428194266937 473 1572026763816
574.48932556173 367.230633896008 473 1572026763816
574.56719680853 367.035724201948 472 1572026763824
574.668080639569 366.851228760471 472 1572026763824
574.674180515149 366.672884727696 473 1572026763839
574.550296152674 366.502976575964 473 1572026763839
574.426411790199 366.333068424232 473 1572026763839
574.262299521083 366.219708503076 476 1572026763854
574.061160046708 366.15839759753 476 1572026763854
573.860020572332 366.097086691983 476 1572026763854
573.667217101917 366.013788375676 483 1572026763861
573.475986465336 365.926341483658 483 1572026763861
573.27523044097 365.982010610859 500 1572026763869
573.074097491689 366.04334291886 500 1572026763869
572.871351438116 366.09803865272 506 1572026763884
572.664506427773 366.135870609941 506 1572026763884
572.45766141743 366.173702567163 506 1572026763884
572.250816407087 366.211534524384 506 1572026763884
572.043971396744 366.249366481606 506 1572026763884
571.936736558179 366.42507133677 509 1572026763891
571.823357317301 366.597647288427 506 1572026763906
571.643823906401 366.707118150585 506 1572026763906
571.464290495502 366.816589012743 506 1572026763906
571.312938322625 366.941883233636 473 1572026763921
571.312938322625 367.15215951687 473 1572026763921
571.312938322625 367.362435800105 473 1572026763921
571.308072827245 367.561668759844 426 1572026763929
571.152904833573 367.419756783496 426 1572026763929
571.147484154368 367.579136137801 263 1572026763944
571.302679104159 367.721018634432 263 1572026763944
571.500781399067 367.673139902465 106 1572026763951
571.701920873443 367.611828996921 106 1572026763951
584.248101043451 342.262854620974 76 1572026764275
584.167258142345 342.188918137053 93 1572026764283
584.08641524124 342.114981653132 93 1572026764283
584.068407931862 342.013360905371 97 1572026764290
584.068407931862 341.903806451724 97 1572026764290
584.068407931862 341.794251998078 97 1572026764290
584.090877764532 341.687714148593 101 1572026764305
584.119772635229 341.582038868791 101 1572026764305
584.148667505926 341.476363588989 101 1572026764305
584.177562376624 341.370688309188 101 1572026764305
584.206457247321 341.265013029386 101 1572026764305
584.235352118018 341.159337749584 101 1572026764305
584.248101043451 341.051494855702 100 1572026764313
584.248101043451 340.941940402056 123 1572026764328
584.248101043451 340.832385948409 123 1572026764328
584.248101043451 340.722831494763 123 1572026764328
584.248101043451 340.613277041116 123 1572026764328
584.248101043451 340.50372258747 123 1572026764328
584.248101043451 340.394168133823 279 1572026764343
584.248101043451 340.297641835453 361 1572026764350
584.248101043451 340.4071962891 361 1572026764350
584.202876317813 340.496822954226 454 1572026764365
584.122026394851 340.570751759646 454 1572026764365
584.04117647189 340.644680565066 454 1572026764365
583.960326548928 340.718609370487 454 1572026764365
583.884430121281 340.795852765486 458 1572026764373
583.84693171287 340.898789870945 458 1572026764373
583.809433304459 341.001726976405 458 1572026764373
583.771934896048 341.104664081865 458 1572026764373
583.734436487637 341.207601187324 458 1572026764373
583.735503108731 341.252892857877 453 1572026764380
583.816338985794 341.178948694528 453 1572026764380
583.897174862856 341.10500453118 453 1572026764380
583.978010739918 341.031060367831 453 1572026764380
584.058846616981 340.957116204482 453 1572026764380
584.165004220569 340.948370045535 444 1572026764403
584.274558674216 340.948370045535 444 1572026764403
584.384113127862 340.948370045535 444 1572026764403
584.493667581509 340.948370045535 444 1572026764403
584.603222035155 340.948370045535 444 1572026764403
584.703233890221 340.904540599929 444 1572026764410
584.802872086782 340.858994929445 444 1572026764410
584.902510283344 340.813449258962 444 1572026764410
585.003979732121 340.772734055612 445 1572026764418
585.108770486597 340.740779774363 445 1572026764418
585.213561241074 340.708825493115 445 1572026764418
585.31835199555 340.676871211867 445 1572026764418
585.423142750026 340.644916930618 445 1572026764418
585.526075753442 340.60855560994 455 1572026764440
585.622118955191 340.555849996276 455 1572026764440
585.718162156939 340.503144382612 455 1572026764440
585.814205358687 340.450438768948 455 1572026764440
585.910248560436 340.397733155284 455 1572026764440
586.006291762184 340.34502754162 455 1572026764440
586.102334963933 340.292321927956 455 1572026764440
586.198378165681 340.239616314292 455 1572026764440
586.294421367429 340.186910700628 455 1572026764440
586.390464569178 340.134205086964 455 1572026764440
586.494037279851 340.099363963527 479 1572026764455
586.598831433918 340.067420833011 479 1572026764455
586.703625587986 340.035477702496 479 1572026764455
586.808419742053 340.00353457198 479 1572026764455
586.91321389612 339.971591441464 479 1572026764455
586.864200946637 339.962569292033 484 1572026764463
586.75464649299 339.962569292033 484 1572026764463
586.645092039344 339.962569292033 484 1572026764463
586.535537585697 339.962569292033 484 1572026764463
586.425983132051 339.962569292033 484 1572026764463
586.329212816626 339.9170468497 476 1572026764508
586.235675474041 339.860012264964 476 1572026764508
586.142138131456 339.802977680228 476 1572026764508
586.048600788872 339.745943095492 476 1572026764508
585.955063446287 339.688908510756 476 1572026764508
585.863016333136 339.630452382046 473 1572026764515
585.810455612442 339.534329809495 473 1572026764515
585.757894891749 339.438207236943 473 1572026764515
585.705334171055 339.342084664391 473 1572026764515
585.685234739117 339.372987392286 435 1572026764538
585.685234739117 339.456670628483 368 1572026764545
585.685234739117 339.347116174836 368 1572026764545
585.685234739117 339.373092287437 248 1572026764553
585.694859316426 339.460807245621 56 1572026764561
585.775716261733 339.386886120702 56 1572026764561
585.856573207041 339.312964995783 56 1572026764561
END STROKE
===NOTES===
Great Job
