1.00
USERID - 01/01/2000 01:00:00 AM - F - HS - EN - N/A
11/13/2019 10:52:8:138
11/13/2019 10:53:15:362
803.786293374838 639.322118591001 692 1573663996488
804.855076038538 635.69324335526 710 1573663996413
804.785067907796 631.703800717672 711 1573663996391
805.069569567294 627.713931195276 711 1573663996391
805.434471460248 623.734225116564 718 1573663996353
805.698324801961 619.744511682215 720 1573663996331
805.665417516432 615.755035162342 722 1573663996316
805.96831679604 611.7692169449 723 1573663996308
806.1043562502 607.771977253974 724 1573663996293
806.22400547483 603.773767479401 724 1573663996271
806.348472790836 599.7757671969 725 1573663996248
806.639284607694 595.78635264246 725 1573663996248
806.930096424552 591.79693808802 725 1573663996248
807.409006784676 587.828371669927 723 1573663996211
807.998864746668 583.872102267488 723 1573663996211
808.3584812465 579.889374996224 726 1573663996188
808.681406265645 575.902431375853 726 1573663996188
808.988539958259 571.914252959701 730 1573663996158
809.247595175099 567.922824544667 730 1573663996143
809.473447164051 563.929205774794 730 1573663996143
809.797109461509 559.945967011119 728 1573663996120
810.414484408274 555.993898163654 728 1573663996120
810.868652384097 552.02241624228 728 1573663996105
811.195565085122 548.035797614181 728 1573663996105
811.522477786146 544.049178986082 728 1573663996105
811.842427133349 540.062005681621 730 1573663996075
812.150752507904 536.073906452238 730 1573663996075
812.459077882459 532.085807222855 730 1573663996075
812.767403257015 528.097707993472 730 1573663996075
812.969182759596 524.10467429165 730 1573663996038
813.030789261377 520.105148739921 730 1573663996038
813.092395763158 516.105623188191 730 1573663996038
813.168768866943 512.106369629324 729 1573663996015
813.254492399772 508.107288300329 729 1573663996015
813.340215932601 504.108206971334 729 1573663996015
813.42593946543 500.109125642338 729 1573663996015
813.655363206734 496.117738400261 732 1573663995985
813.997148247576 492.132367277536 732 1573663995985
814.342519448827 488.147306778323 730 1573663995970
814.691087648285 484.162523194448 730 1573663995970
815.130139927785 480.187595061278 729 1573663995955
815.647606644615 476.221207763374 729 1573663995955
816.165073361444 472.25482046547 729 1573663995955
816.682540078273 468.288433167566 729 1573663995955
817.200006795102 464.322045869662 729 1573663995955
817.717473511931 460.355658571758 729 1573663995955
END STROKE
818.23494022876 456.389271273854 729 1573663995955
818.744227227345 452.421834394236 729 1573663995903
819.244931603566 448.453296234204 729 1573663995903
819.745635979787 444.484758074171 729 1573663995903
820.110386800471 440.505464992535 730 1573663995880
820.239886259723 436.507561805857 730 1573663995880
820.369385718976 432.509658619178 730 1573663995880
820.498885178228 428.5117554325 730 1573663995880
820.628384637481 424.513852245821 730 1573663995880
820.759908726925 420.516192824168 731 1573663995843
821.583047508523 416.601803657743 731 1573663995843
821.625890349724 412.606259542254 720 1573663995835
821.926961469252 408.618139093751 722 1573663995828
822.242131783617 404.630574965998 722 1573663995828
822.557302097982 400.643010838245 722 1573663995828
822.667845443485 396.647372616178 720 1573663995805
822.667845443485 392.647372616178 720 1573663995805
822.667845443485 388.647372616178 720 1573663995805
822.667845443485 384.647372616178 720 1573663995805
822.784488652097 380.654433639998 721 1573663995775
823.198774480307 376.678992645608 722 1573663995768
823.259479025031 372.679453302352 722 1573663995768
823.320183569756 368.679913959097 722 1573663995768
823.470833141385 364.685092641395 723 1573663995745
823.828898455743 360.701151222316 723 1573663995745
824.186963770101 356.717209803236 723 1573663995745
824.505290876147 352.730205214525 722 1573663995722
824.762021872353 348.738452567431 722 1573663995722
825.069164572197 344.75082526747 721 1573663995707
825.464818425846 340.770441111626 721 1573663995707
825.860472279495 336.790056955782 721 1573663995707
826.301797068034 332.81512783017 724 1573663995685
826.854749639005 328.853531756079 724 1573663995685
827.382174754797 324.888578686048 718 1573663995670
827.872251387692 320.918714092149 718 1573663995670
828.362328020588 316.948849498251 718 1573663995670
829.243364371607 313.048712275097 718 1573663995647
830.03199671452 309.134663462536 716 1573663995632
830.361638066642 305.148269530801 716 1573663995632
830.691279418765 301.161875599066 716 1573663995632
831.020920770888 297.175481667332 716 1573663995632
831.350562123011 293.189087735597 716 1573663995632
831.524861230903 289.196281995496 713 1573663995587
831.524861230903 285.196281995496 713 1573663995587
831.524861230903 281.196281995496 713 1573663995587
831.524861230903 277.196281995496 713 1573663995587
831.396978618256 273.201651779111 704 1573663995542
831.462058345372 269.211753655157 699 1573663995527
831.226095977462 265.218719500416 699 1573663995527
830.627964020711 261.277809777229 668 1573663995497
830.193178905484 257.301509750373 668 1573663995497
829.350128700392 253.402832575616 629 1573663995460
829.961928590268 250.420784643283 251 1573663995362
END STROKE
===NOTES===
Great Job
