1.00
USERID - 01/01/2000 01:00:00 AM - F - HS - EN - N/A
10/25/2019 13:4:16:43
10/25/2019 13:5:9:757
658.804705668395 425.89502405187 54 1572026708285
662.315064920442 425.831767030097 512 1572026708421
666.285531047296 426.000597252725 556 1572026708451
670.281182252477 425.934644173178 581 1572026708503
674.277807248237 425.770361967008 581 1572026708503
678.274432243997 425.606079760839 581 1572026708503
682.271057239757 425.441797554669 581 1572026708503
686.268833219809 425.309673179596 593 1572026708518
690.254840605942 425.032492138477 607 1572026708571
694.223389318865 424.531871410623 607 1572026708571
698.191938031787 424.031250682768 607 1572026708571
702.16048674471 423.530629954913 607 1572026708571
706.129035457633 423.030009227058 607 1572026708571
710.100903877823 422.562793257357 617 1572026708608
714.090360646324 422.272561122226 617 1572026708608
718.079817414825 421.982328987095 617 1572026708608
722.069274183325 421.692096851964 617 1572026708608
726.03847700779 421.273022047526 616 1572026708623
729.924565366633 420.325226042434 616 1572026708623
733.86147222178 419.628617296932 622 1572026708661
737.810372834502 418.991291673064 622 1572026708661
741.759273447225 418.353966049197 622 1572026708661
745.740344691691 418.014209850746 620 1572026708698
749.734213969605 417.792831913868 620 1572026708698
753.728083247519 417.571453976989 620 1572026708698
757.726529300794 417.515341578648 620 1572026708736
END STROKE
761.726529300794 417.515341578648 620 1572026708736
765.726529300794 417.515341578648 620 1572026708736
769.715738382239 417.2411773401 633 1572026708773
773.703364301773 416.926789799227 633 1572026708773
777.694056696379 416.676907316815 645 1572026708811
781.693523534738 416.611600281471 645 1572026708811
785.692990373097 416.546293246127 645 1572026708811
789.691838375984 416.451839975852 643 1572026708834
793.689718774893 416.328459396521 643 1572026708856
797.68394268139 416.113574811764 643 1572026708856
801.663804093127 415.732555654018 643 1572026708886
805.635645421412 415.258766182915 643 1572026708886
809.583621718564 414.630736191538 644 1572026708901
813.54424188911 414.155509798142 645 1572026708931
817.541084343871 413.996606079451 645 1572026708931
821.53802790726 413.840299164107 642 1572026708946
825.534411512932 413.671889438539 641 1572026708976
829.529258580969 413.468919236291 641 1572026708976
833.524105649005 413.265949034044 641 1572026708976
837.523268750428 413.286737818253 640 1572026709021
841.522971483183 413.335503068134 640 1572026709021
845.522674215937 413.384268318014 640 1572026709021
849.522531554118 413.407671297519 640 1572026709029
853.490249292228 413.88635124606 640 1572026709044
857.477794265759 414.017966636656 640 1572026709074
861.477175941606 413.947637333379 640 1572026709074
865.469435666154 413.761394492802 639 1572026709089
869.450130705086 413.378169924946 639 1572026709111
873.445738323967 413.190767267714 639 1572026709111
877.442039510397 413.138121422714 639 1572026709126
881.439848380516 413.218980275517 638 1572026709149
885.438899961925 413.131880050326 638 1572026709149
889.436052307773 412.994506705249 636 1572026709171
893.430276860899 412.779634140201 636 1572026709171
897.424961071887 412.576571609577 634 1572026709186
901.423803491684 412.480346344535 634 1572026709186
905.413545006935 412.24896470167 636 1572026709202
909.38918876781 411.808219098606 636 1572026709202
913.369600125566 412.116124898082 638 1572026709217
917.341309170972 412.586454253461 634 1572026709262
921.340263973325 412.677889961667 634 1572026709262
925.339218775679 412.769325669873 634 1572026709262
929.338173578032 412.86076137808 634 1572026709262
933.310838069723 412.620194011496 634 1572026709269
937.292850129958 412.421870544018 633 1572026709284
941.187042392649 413.041528396335 636 1572026709292
945.147676700861 413.425585914888 636 1572026709329
949.141901253986 413.640458479936 636 1572026709329
953.136077521039 413.775623663536 636 1572026709344
957.086770968716 413.743850968775 633 1572026709367
961.02752592075 414.376558936076 633 1572026709374
964.937186748005 414.886435105847 632 1572026709389
968.865646669546 415.51275578681 631 1572026709412
972.852343111309 415.697694179346 632 1572026709449
976.848204024293 415.543677393566 630 1572026709457
980.718351698877 416.450885010297 630 1572026709502
984.688940651945 416.758683233293 632 1572026709547
988.613954917037 417.051445922408 631 1572026709600
992.557190923852 417.586967714414 632 1572026709645
995.875026441254 418.515107715341 632 1572026709727
999.668941226134 419.419770874046 634 1572026709757
END STROKE
===NOTES===
Great Job
