1.00
USERID - 01/01/2000 01:00:00 AM - F - HS - EN - N/A
11/13/2019 10:52:8:138
11/13/2019 10:53:59:245
25.7134734686765 915.759325173005 295 1573664036486
29.6965782087625 915.462794412897 475 1573664036531
33.6767125526622 915.090187668313 563 1573664036561
37.6745030687059 914.957255392958 563 1573664036561
41.6722935847496 914.824323117603 563 1573664036561
45.6653308911783 915.021039974703 624 1573664036591
49.657626708749 915.26918127519 624 1573664036591
53.6499225263198 915.517322575677 624 1573664036591
57.6422183438905 915.765463876163 624 1573664036591
61.6288037653658 916.081296505094 666 1573664036644
65.6062490035566 916.505477335864 666 1573664036644
69.5836942417474 916.929658166634 666 1573664036644
73.5611394799382 917.353838997405 666 1573664036644
77.5385847181291 917.778019828175 666 1573664036644
81.5160299563199 918.202200658946 666 1573664036644
85.4934751945107 918.626381489716 666 1573664036644
89.4709204327015 919.050562320487 666 1573664036644
93.4483656708924 919.474743151257 666 1573664036644
97.4258109090832 919.898923982028 666 1573664036644
101.403256147274 920.323104812798 666 1573664036644
105.380701385465 920.747285643568 666 1573664036644
109.358700502879 921.163749560274 679 1573664036689
113.355954124685 921.311950379978 679 1573664036689
117.35320774649 921.460151199682 679 1573664036689
121.350461368296 921.608352019387 679 1573664036689
125.347714990102 921.756552839091 679 1573664036689
129.344968611907 921.904753658795 679 1573664036689
133.342222233713 922.052954478499 679 1573664036689
137.339475855519 922.201155298204 679 1573664036689
141.336729477325 922.349356117908 679 1573664036689
145.33398309913 922.497556937612 679 1573664036689
149.331236720936 922.645757757316 679 1573664036689
153.328490342742 922.793958577021 679 1573664036689
157.325743964547 922.942159396725 679 1573664036689
161.323313535196 923.079438728572 721 1573664036802
165.32244966801 923.162566288524 721 1573664036802
169.321585800823 923.245693848476 721 1573664036802
173.320721933637 923.328821408428 721 1573664036802
177.319858066451 923.411948968379 721 1573664036802
181.318994199265 923.495076528331 721 1573664036802
185.318130332078 923.578204088283 721 1573664036802
189.317266464892 923.661331648235 721 1573664036802
193.316402597706 923.744459208187 721 1573664036802
197.31553873052 923.827586768139 721 1573664036802
201.314674863333 923.91071432809 721 1573664036802
205.313810996147 923.993841888042 721 1573664036802
209.312947128961 924.076969447994 721 1573664036802
213.312083261774 924.160097007946 721 1573664036802
217.311219394588 924.243224567898 721 1573664036802
221.310355527402 924.32635212785 721 1573664036802
225.309491660216 924.409479687801 721 1573664036802
229.308627793029 924.492607247753 721 1573664036802
233.307763925843 924.575734807705 721 1573664036802
237.306900058657 924.658862367657 721 1573664036802
241.306036191471 924.741989927609 721 1573664036802
245.305172324284 924.825117487561 721 1573664036802
249.304308457098 924.908245047512 721 1573664036802
253.303444589912 924.991372607464 721 1573664036802
257.302580722726 925.074500167416 721 1573664036802
END STROKE
261.301716855539 925.157627727368 721 1573664036802
265.300852988353 925.24075528732 721 1573664036802
269.299989121167 925.323882847272 721 1573664036802
273.299125253981 925.407010407223 721 1573664036802
277.298261386794 925.490137967175 721 1573664036802
281.297397519608 925.573265527127 721 1573664036802
285.296533652422 925.656393087079 721 1573664036802
289.295669785236 925.739520647031 721 1573664036802
293.293671295078 925.862958332321 729 1573664036817
297.291151564837 926.004914286361 729 1573664036817
301.288631834596 926.1468702404 729 1573664036817
305.286112104355 926.28882619444 729 1573664036817
309.280669200974 926.477083458763 726 1573664036839
313.264262404241 926.839002221586 726 1573664036839
317.247855607508 927.200920984408 726 1573664036839
321.231448810776 927.56283974723 726 1573664036839
325.215042014043 927.924758510052 726 1573664036839
329.19863521731 928.286677272874 726 1573664036839
333.182228420578 928.648596035697 726 1573664036839
337.165076415843 929.018573043837 755 1573664036892
341.147482228565 929.393331556479 755 1573664036892
345.129888041288 929.768090069121 755 1573664036892
349.11229385401 930.142848581763 755 1573664036892
353.094699666732 930.517607094404 755 1573664036892
357.077105479454 930.892365607046 755 1573664036892
361.059511292176 931.267124119688 755 1573664036892
365.041917104898 931.64188263233 755 1573664036892
369.02432291762 932.016641144972 755 1573664036892
373.006728730342 932.391399657614 755 1573664036892
376.989134543064 932.766158170256 755 1573664036892
380.971540355786 933.140916682898 755 1573664036892
384.953946168508 933.51567519554 755 1573664036892
388.936616464245 933.887438719319 753 1573664036922
392.923066735171 934.216398044218 753 1573664036922
396.909517006097 934.545357369116 753 1573664036922
400.895967277022 934.874316694014 753 1573664036922
404.882417547948 935.203276018913 753 1573664036922
408.868867818873 935.532235343811 753 1573664036922
412.853999841475 935.8759417978 762 1573664036952
416.835592114502 936.259247121758 762 1573664036952
420.817184387529 936.642552445715 762 1573664036952
424.798776660556 937.025857769673 762 1573664036952
428.778412871882 937.426406170539 765 1573664036959
432.759394455531 937.573435633048 764 1573664036974
436.744394717203 937.33938569431 760 1573664037005
440.716025020154 937.04259795619 746 1573664037027
444.695383760361 937.04259795619 762 1573664037065
448.600784510244 936.635393756125 769 1573664037080
452.589768566297 936.545634297287 768 1573664037102
456.468728998213 936.664126915126 768 1573664037132
460.140663809038 937.836674867935 725 1573664037237
463.988603395044 937.743965809584 734 1573664037327
467.90641766995 938.428584122964 734 1573664037357
471.892780759394 938.634885510804 744 1573664037388
475.786689786274 939.476081206942 761 1573664037425
479.737039501271 940.104362297876 761 1573664037425
483.696478905175 940.662845718204 767 1573664037448
487.675982286496 941.067262382118 767 1573664037448
491.66211445433 941.368387777781 765 1573664037463
495.660667498054 941.475968243162 765 1573664037463
499.660338305563 941.521380060817 762 1573664037500
503.660174253645 941.557606962812 762 1573664037500
END STROKE
259.214075531572 911.850618603612 642 1573663943382
259.313801965339 908.188342530564 638 1573663942782
259.515355655127 904.197926517097 638 1573663942774
259.751165671743 900.204906353846 639 1573663942737
260.002393499864 896.212803577316 639 1573663942737
260.253621327985 892.220700800786 639 1573663942737
260.504849156106 888.228598024256 639 1573663942737
260.756076984227 884.236495247726 639 1573663942737
261.007304812348 880.244392471196 639 1573663942737
261.138770561937 876.246742950107 639 1573663942677
261.25761278072 872.248508773994 639 1573663942677
261.376454999502 868.250274597881 639 1573663942677
261.495297218285 864.252040421769 639 1573663942677
261.614139437068 860.253806245656 639 1573663942677
261.732981655851 856.255572069544 639 1573663942677
261.851823874633 852.257337893431 639 1573663942677
261.970666093416 848.259103717318 639 1573663942677
262.089508312199 844.260869541206 639 1573663942677
262.208350530982 840.262635365093 639 1573663942677
262.327192749764 836.26440118898 639 1573663942677
262.446034968547 832.266167012868 639 1573663942677
262.56487718733 828.267932836755 639 1573663942677
262.683719406113 824.269698660642 639 1573663942677
262.802561624895 820.27146448453 639 1573663942677
262.921403843678 816.273230308417 639 1573663942677
263.040246062461 812.274996132304 639 1573663942677
263.159088281243 808.276761956192 639 1573663942677
263.277930500026 804.278527780079 639 1573663942677
263.396772718809 800.280293603966 639 1573663942677
263.450835424044 796.281309982718 653 1573663942579
263.424525126623 792.281396512622 653 1573663942579
263.398214829202 788.281483042527 653 1573663942579
263.371904531781 784.281569572432 653 1573663942579
263.34559423436 780.281656102336 653 1573663942579
263.319283936939 776.281742632241 653 1573663942579
263.292973639518 772.281829162146 653 1573663942579
263.266663342097 768.28191569205 653 1573663942579
263.240353044676 764.282002221955 653 1573663942579
263.214042747255 760.28208875186 653 1573663942579
263.187732449834 756.282175281765 653 1573663942579
263.161422152413 752.282261811669 653 1573663942579
263.135111854992 748.282348341574 653 1573663942579
263.108801557571 744.282434871479 653 1573663942579
263.08249126015 740.282521401383 653 1573663942579
263.056180962729 736.282607931288 653 1573663942579
263.029870665308 732.282694461193 653 1573663942579
263.003560367887 728.282780991098 653 1573663942579
262.977250070466 724.282867521002 653 1573663942579
262.950939773045 720.282954050907 653 1573663942579
END STROKE
507.660010201728 941.593833864807 762 1573664037500
511.65984614981 941.630060766801 762 1573664037500
515.652699058855 941.814245715351 761 1573664037538
519.638167520233 942.154893837848 761 1573664037538
523.623635981611 942.495541960345 761 1573664037538
527.609104442989 942.836190082842 761 1573664037538
531.594572904367 943.17683820534 761 1573664037538
535.590251857626 943.12939452903 746 1573664037560
539.588118892979 942.998783780473 746 1573664037560
543.585265924275 942.988915393499 767 1573664037598
547.581291002821 943.16719486969 767 1573664037598
551.577316081367 943.345474345881 767 1573664037598
555.573341159913 943.523753822071 767 1573664037598
559.557428376946 943.871620355786 774 1573664037628
563.539021677657 944.254915004492 774 1573664037628
567.524921324897 944.580795269342 773 1573664037658
571.519142860093 944.795723926752 773 1573664037658
575.512859883126 945.018780031114 765 1573664037688
579.502998569246 945.299481412526 765 1573664037688
583.445260924486 945.878056590911 761 1573664037718
END STROKE
506.831942429124 940.681149465439 767 1573664038975
506.787396460632 937.544213632108 767 1573664038975
506.742850492141 934.407277798777 767 1573664038975
506.698304523649 931.270341965446 767 1573664038975
506.653758555158 928.133406132115 767 1573664038975
506.609212586666 924.996470298784 767 1573664038975
506.652657148427 921.860078051646 723 1573664038900
506.73595684048 918.723932020759 723 1573664038900
506.819256532533 915.587785989872 723 1573664038900
506.902556224585 912.451639958985 723 1573664038900
506.985855916638 909.315493928098 723 1573664038900
507.069155608691 906.179347897211 723 1573664038900
507.152455300744 903.043201866324 723 1573664038900
507.235754992797 899.907055835437 723 1573664038900
507.31905468485 896.77090980455 723 1573664038900
507.402354376903 893.634763773663 723 1573664038900
507.485654068956 890.498617742776 723 1573664038900
507.568953761009 887.362471711889 723 1573664038900
507.569627718271 884.230226978518 630 1573664038862
507.116303190716 883.040399675277 397 1573664038825
END STROKE
506.876488397615 943.81808529877 767 1573664038975
506.921034366106 946.9550211321 767 1573664038975
506.965580334598 950.091956965431 767 1573664038975
507.010126303089 953.228892798762 767 1573664038975
507.054672271581 956.365828632093 767 1573664038975
507.099218240072 959.502764465424 767 1573664038975
507.143764208564 962.639700298755 767 1573664038975
507.188310177055 965.776636132086 767 1573664038975
507.232856145547 968.913571965417 767 1573664038975
507.277402114038 972.050507798748 767 1573664038975
507.321948082529 975.187443632078 767 1573664038975
507.366494051021 978.324379465409 767 1573664038975
507.411040019512 981.46131529874 767 1573664038975
507.455585988004 984.598251132071 767 1573664038975
507.500131956495 987.735186965402 767 1573664038975
507.544677924986 990.872122798733 767 1573664038975
507.589223893478 994.009058632064 767 1573664038975
507.633769861969 997.145994465395 767 1573664038975
507.780547407721 1000.27966541976 757 1573664038990
507.718359454381 1003.40155352973 751 1573664039013
508.302734896975 1006.41110475363 750 1573664039028
508.303143041882 1005.86998413619 226 1573664039245
END STROKE
===NOTES===
Great Job
