1.00
USERID - 01/01/2000 01:00:00 AM - F - HS - EN - N/A
11/12/2019 16:0:28:226
11/12/2019 16:6:54:178
968.541602051997 512.478598074477 143 1573596410490
970.772783781545 510.057655554022 406 1573596410663
973.841386218513 507.532904506645 472 1573596410701
976.52922976191 504.575718763341 499 1573596410716
978.910608370348 501.369422116378 540 1573596410738
980.956800669349 497.965097114178 534 1573596410746
982.877919371836 494.490148709811 530 1573596410761
985.254359058201 491.277257742161 532 1573596410776
987.787385322348 488.181507101189 533 1573596410791
990.301624780855 485.070462269419 533 1573596410791
992.497678866274 481.728727235546 541 1573596410806
994.539044895515 478.291044591033 549 1573596410828
996.49735275303 474.803204237004 549 1573596410828
998.681199762595 471.45346636622 569 1573596410843
1001.15589777534 468.316716830394 565 1573596410858
1003.6632975647 465.243147910148 567 1573596410873
1005.91729996474 461.942550385931 613 1573596410896
1008.01750448361 458.549670105295 611 1573596410911
1010.28563188842 455.268693209763 612 1573596410949
1012.36938770966 451.854317472174 612 1573596410949
1014.55761897085 448.516083772934 614 1573596410964
1016.64645747552 445.154838616117 612 1573596410986
1018.96556539634 441.931971283738 612 1573596411009
1021.20437235895 438.698493425413 612 1573596411031
1023.15093835407 435.260807124329 609 1573596411076
1024.50366172003 431.502822586686 605 1573596411106
1026.59359042718 428.108648813947 607 1573596411151
1028.5559682694 424.644163476464 607 1573596411174
1028.84569469822 424.469225026118 622 1573596411422
1028.35374064033 428.31791221746 619 1573596411489
1029.64904046116 432.098648179054 620 1573596411534
1030.78619902872 435.933601945688 620 1573596411534
1031.92335759629 439.768555712322 620 1573596411534
1033.70695339757 443.344828212439 619 1573596411564
1035.27500851255 447.01966445132 620 1573596411594
1037.0829877606 450.587746714751 620 1573596411594
1038.90554691299 454.148359469932 620 1573596411609
1040.53370238733 457.788825907527 620 1573596411632
1041.68928374745 461.568774994084 621 1573596411669
1042.55334408755 465.473515812773 619 1573596411684
1043.21716570647 469.394761283303 619 1573596411714
1044.358713581 473.186638311261 621 1573596411737
1046.49101385263 476.547848388002 622 1573596411760
1048.8116055263 479.801621010376 621 1573596411790
1050.89862595967 483.185017820114 622 1573596411820
1052.95379779861 486.586716872601 625 1573596411850
1055.09776374755 489.954561244593 624 1573596411887
1057.30928141306 493.215516849616 623 1573596411947
1059.34111027489 496.64698758752 625 1573596411985
1061.32814103133 500.093177673835 624 1573596412030
1062.83671806474 503.750272683731 647 1573596412082
1061.49808828559 507.391283517067 648 1573596412405
1060.47769425513 511.226866104534 650 1573596412435
1059.64574370013 515.13753269918 653 1573596412450
1058.2611726503 518.817585573551 671 1573596412480
1056.57662173068 522.407384414235 666 1573596412526
1055.18122834397 526.156101167514 666 1573596412526
1053.87102908517 529.934633187188 668 1573596412556
1052.62434307182 533.735392846007 668 1573596412556
1051.28772131183 537.503732125657 670 1573596412571
1049.96695994432 541.272535276546 667 1573596412593
1048.97030202695 545.14638000701 667 1573596412593
1047.73491558506 548.908154195281 669 1573596412623
1046.91913902057 552.82267583532 670 1573596412638
1045.87788160539 556.68340130476 668 1573596412653
1044.80309780817 560.523926502605 665 1573596412668
1043.01948126644 564.077682866986 666 1573596412691
1041.71849718327 567.855582486678 666 1573596412713
1040.53330416742 571.67229077598 666 1573596412743
1039.14076557065 575.393048135761 667 1573596412758
1038.24966179893 579.286791429224 665 1573596412781
1037.35796691993 583.141335477715 665 1573596412811
1036.62063427538 587.072736183894 665 1573596412826
1035.15152449594 590.739988608931 662 1573596412871
1033.84904029585 594.508551671481 663 1573596412893
1032.48708527716 598.248510512458 663 1573596412916
1031.06918310841 601.978664929982 664 1573596412939
1029.61907969109 605.618996234158 663 1573596413006
1028.42073316729 609.422761775327 661 1573596413051
1026.50925525987 610.7880409791 701 1573596413299
1025.15348488954 607.111771135354 695 1573596413329
1023.23279725324 603.636516828841 694 1573596413352
1021.47918675596 600.108797015823 696 1573596413404
1019.4087429621 596.698790515439 695 1573596413412
1016.88611578725 593.665887026895 698 1573596413434
1014.84364622098 590.258356487771 699 1573596413464
1012.51346041705 587.124365144564 724 1573596413502
1010.78261875482 583.676005910573 751 1573596413532
1009.42744545165 579.919965272772 744 1573596413562
1008.21783755285 576.111927407688 744 1573596413569
1006.53234754843 572.521086353665 741 1573596413599
1004.91888268981 568.863243656326 740 1573596413622
1002.62496617957 565.650279910211 739 1573596413659
1000.27791653023 562.436736177421 739 1573596413690
998.557441947911 558.846585614563 738 1573596413712
996.868963697761 555.236977631501 739 1573596413750
995.325202799685 551.567009922887 738 1573596413772
993.5828781006 547.985315361195 738 1573596413787
991.201928612506 544.850020565389 738 1573596413832
989.304593096553 541.337660178276 738 1573596413847
987.934525373682 537.587491476703 737 1573596413855
986.360725767914 533.92496891208 738 1573596413877
983.651000946284 531.018099724762 736 1573596413922
981.469184438126 527.740918138627 738 1573596413967
979.406845162869 524.523208017465 737 1573596413997
977.25084667028 521.180270766059 733 1573596414035
976.191212172772 517.452124401948 737 1573596414088
973.896230330461 514.21238146114 739 1573596414118
972.148456070894 510.659753917561 737 1573596414148
970.969932234807 506.876277828132 737 1573596414178
END STROKE
===NOTES===
Great Job
