1.00
USERID - 01/01/2000 01:00:00 AM - F - HS - EN - N/A
11/14/2019 12:59:1:932
11/14/2019 13:0:50:577
764.939849572398 520.406325492129 828 1573758050577
765.165712091252 516.412707317769 828 1573758050577
765.391574610106 512.419089143409 828 1573758050577
765.461343184104 508.421060479232 804 1573758050517
765.461343184104 504.421060479232 804 1573758050517
765.461343184104 500.421060479232 802 1573758050502
765.461343184104 496.421060479232 802 1573758050502
765.461343184104 492.421060479232 802 1573758050502
765.461343184104 488.421060479232 802 1573758050502
765.461343184104 484.421060479232 802 1573758050502
765.461343184104 480.421060479232 802 1573758050502
765.609025173522 476.424212844483 783 1573758050472
765.779712450233 472.427856272107 783 1573758050472
765.950399726945 468.431499699732 783 1573758050472
766.121087003656 464.435143127356 783 1573758050472
766.291774280368 460.438786554981 783 1573758050472
766.462461557079 456.442429982605 783 1573758050472
766.63314883379 452.44607341023 783 1573758050472
766.803836110502 448.449716837854 783 1573758050472
767.120078622728 444.463694675885 794 1573758050426
767.485988655218 440.480843181913 795 1573758050419
767.751621948736 436.489673058581 795 1573758050419
768.017255242254 432.49850293525 795 1573758050419
768.282888535772 428.507332811918 795 1573758050419
768.54852182929 424.516162688587 795 1573758050419
768.814155122808 420.524992565255 795 1573758050419
769.079788416326 416.533822441924 795 1573758050419
769.345421709844 412.542652318592 795 1573758050419
769.719712197228 408.56049603967 777 1573758050381
770.115372844168 404.580112559092 777 1573758050381
770.511033491109 400.599729078513 777 1573758050381
770.760565240455 396.607521875764 776 1573758050366
771.009991225632 392.615306115322 776 1573758050366
771.259417210809 388.623090354881 776 1573758050366
771.508843195985 384.630874594439 776 1573758050366
771.758269181162 380.638658833997 776 1573758050366
772.007695166339 376.646443073556 776 1573758050366
772.216652680359 372.652518320995 777 1573758050329
772.304698735077 368.653487451866 777 1573758050329
772.392744789796 364.654456582736 777 1573758050329
772.480790844515 360.655425713607 777 1573758050329
772.568836899234 356.656394844478 777 1573758050329
772.656882953952 352.657363975349 777 1573758050329
772.744929008671 348.65833310622 777 1573758050329
772.83297506339 344.65930223709 777 1573758050329
772.921021118109 340.660271367961 777 1573758050329
773.009067172827 336.661240498832 777 1573758050329
773.101235423537 332.662303465444 778 1573758050276
773.19525041271 328.663408470347 778 1573758050276
773.289265401885 324.664513475251 778 1573758050276
773.383280391059 320.665618480154 778 1573758050276
773.477295380233 316.666723485057 778 1573758050276
773.571310369407 312.66782848996 778 1573758050276
773.812443276028 308.676142561189 762 1573758050239
774.109847296961 304.687214027317 762 1573758050239
774.407251317894 300.698285493446 762 1573758050239
774.308916023321 296.701840781985 755 1573758050216
774.163193287949 292.704496052744 755 1573758050216
END STROKE
748.514764789212 771.003499060104 615 1573758051132
748.614899833223 767.370049035562 822 1573758051050
748.58366577344 763.370170983233 822 1573758051050
748.552431713657 759.370292930903 822 1573758051050
748.521197653874 755.370414878573 822 1573758051050
748.489963594091 751.370536826243 822 1573758051050
748.458729534308 747.370658773913 822 1573758051050
748.427495474524 743.370780721584 822 1573758051050
748.396261414741 739.370902669254 822 1573758051050
748.365027354958 735.371024616924 822 1573758051050
748.409618480895 731.372187044303 826 1573758050922
748.550593454618 727.374672059118 826 1573758050922
748.979459773819 723.410629769264 827 1573758050900
749.341269858893 719.435231620427 826 1573758050892
749.818554380861 715.478887048334 826 1573758050877
750.454640972408 711.541437294072 826 1573758050870
750.766099637689 707.553581541939 826 1573758050870
751.132988242466 703.570644790038 826 1573758050855
751.528652286139 699.590261647105 826 1573758050855
751.924316329812 695.609878504172 826 1573758050855
752.665070362695 691.682427018726 827 1573758050832
753.246619535868 687.733698594789 828 1573758050817
753.836591214297 683.789940764179 827 1573758050810
754.340902111334 679.838786329373 826 1573758050802
754.513828263783 675.843108608406 828 1573758050787
754.350801756889 671.863309928409 827 1573758050779
754.876805389115 667.900898402293 826 1573758050772
755.158284897008 663.910814532669 826 1573758050772
755.533271044423 659.931312479342 827 1573758050757
756.150578121822 655.979233030217 827 1573758050757
756.766253762844 652.026955043704 825 1573758050742
757.114821962302 648.042171459828 825 1573758050742
757.46339016176 644.057387875952 825 1573758050742
757.811958361218 640.072604292076 825 1573758050742
758.477627867675 636.131911427379 826 1573758050719
759.229377559199 632.203187410437 826 1573758050719
759.884049747488 628.262875010052 827 1573758050697
760.078208756859 624.267590004063 827 1573758050697
760.272367766231 620.272304998074 827 1573758050697
760.486509077169 616.278167544806 828 1573758050674
760.751004193549 612.286921832824 828 1573758050674
761.015499309928 608.295676120842 828 1573758050674
761.279994426307 604.304430408861 828 1573758050674
761.549882976264 600.313631293155 828 1573758050644
761.945468896808 596.333240385284 828 1573758050644
762.148387977602 592.341213951622 828 1573758050637
762.234697169642 588.342145219608 828 1573758050637
762.321006361683 584.343076487594 828 1573758050637
762.407315553723 580.344007755581 828 1573758050637
762.493624745763 576.344939023567 828 1573758050637
762.579933937804 572.345870291553 828 1573758050637
762.666243129844 568.346801559539 828 1573758050637
762.752552321885 564.347732827526 828 1573758050637
762.838861513925 560.348664095512 828 1573758050637
762.925170705965 556.349595363498 828 1573758050637
763.132949421564 552.355270887007 828 1573758050577
763.358811940419 548.361652712647 828 1573758050577
763.584674459273 544.368034538287 828 1573758050577
763.810536978127 540.374416363927 828 1573758050577
764.036399496981 536.380798189568 828 1573758050577
764.262262015835 532.387180015208 828 1573758050577
764.48812453469 528.393561840848 828 1573758050577
764.713987053544 524.399943666488 828 1573758050577
END STROKE
===NOTES===
Great Job
