1.00
USERID - 01/01/2000 01:00:00 AM - F - HS - EN - N/A
11/15/2019 11:9:24:412
11/15/2019 11:12:2:983
563.189108006518 351.83439874565 315 1573837916579
564.278300329486 348.405734006301 509 1573837916632
566.546865092364 345.418604554077 540 1573837916647
569.076529521846 342.649401293405 611 1573837916669
571.89769052094 340.195569484652 642 1573837916699
574.937928215641 337.994284616217 642 1573837916699
578.150174620475 336.058675285621 651 1573837916722
581.294925179626 334.029632966618 666 1573837916730
584.610228907435 332.365603650164 685 1573837916745
588.055623523076 330.880466446577 699 1573837916767
591.543491706783 329.493572129994 699 1573837916767
595.197186865929 328.639691827933 709 1573837916782
598.779392114927 327.897888402739 711 1573837916797
602.494771184677 327.502092944921 715 1573837916812
606.230725038352 327.368578695433 745 1573837916850
609.982473711963 327.482956151017 745 1573837916850
613.734222385574 327.597333606601 745 1573837916850
617.460457792968 328.013352931823 767 1573837916880
621.178118709416 328.530747967171 767 1573837916880
624.824653426094 329.361586546552 768 1573837916895
628.316586823134 330.703294783993 768 1573837916910
631.436746745941 332.763819116207 777 1573837916932
634.405177701336 335.0610169691 777 1573837916932
637.033914625105 337.731444460122 795 1573837916955
640.007673410803 340.021741165086 795 1573837916955
642.340898846311 342.959421310588 793 1573837916970
644.361959027364 346.10724166331 806 1573837916992
646.162487275133 349.400689452675 806 1573837916992
647.818222185468 352.764774470869 807 1573837917015
649.305624591443 356.210980267827 807 1573837917015
650.153537743444 359.832583742339 808 1573837917030
650.698846288616 363.541700905559 819 1573837917052
651.732195648931 367.150147858449 819 1573837917052
652.592284130643 370.785761503288 820 1573837917067
652.712956450024 374.537312982825 820 1573837917067
652.788825298845 378.289916032149 829 1573837917105
652.84429214051 382.042997931304 829 1573837917105
652.899758982175 385.796079830459 829 1573837917105
652.58498008934 389.510446217134 832 1573837917135
651.754304992779 393.170866848187 832 1573837917135
650.924118851037 396.831396423874 832 1573837917150
650.122200534363 400.498224388978 832 1573837917150
648.53742471187 403.887752244114 842 1573837917173
646.910525739323 407.261222326738 841 1573837917180
645.145415327828 410.517129270683 841 1573837917203
643.08650093569 413.65553202338 841 1573837917203
640.624055430539 416.4709035953 840 1573837917240
637.759636031481 418.896558521003 840 1573837917240
634.747213728398 421.106924647835 840 1573837917248
631.879805277851 423.461482883487 839 1573837917278
628.423887200818 424.926177581069 839 1573837917278
624.967969123785 426.390872278651 839 1573837917278
621.607897790032 428.063133864305 841 1573837917300
618.25179108289 429.743981294194 841 1573837917300
614.70524143914 430.918805155852 838 1573837917323
611.073691456687 431.867775670267 838 1573837917323
607.477729711029 432.929319831485 840 1573837917345
603.744968294946 433.323264653622 840 1573837917345
599.998948783097 433.539184609315 836 1573837917368
596.249011702954 433.702500889143 836 1573837917368
592.498263017621 433.644025184617 836 1573837917413
588.747231130318 433.508157260802 836 1573837917413
584.996199243015 433.372289336988 836 1573837917413
581.245167355711 433.236421413174 836 1573837917413
577.494135468408 433.100553489359 836 1573837917413
573.969966706465 431.896481435749 833 1573837917443
570.371438913932 430.829102384686 833 1573837917443
566.766251803328 429.785052379155 834 1573837917450
563.383974138266 428.211956663597 834 1573837917473
560.367281534972 425.97851401837 834 1573837917473
557.636239371075 423.407205067787 833 1573837917488
555.15560905341 420.599444958743 833 1573837917503
552.941761167386 417.572299084072 833 1573837917518
550.912713773772 414.416084775545 833 1573837917533
549.203266709339 411.088006040449 833 1573837917548
548.137090411035 407.515793274546 833 1573837917571
547.628790815802 403.7968778636 833 1573837917571
547.053534178705 400.124882898891 833 1573837917593
547.234428401435 396.38480219589 833 1573837917608
547.597408167513 392.658220860754 832 1573837917623
547.888273501983 388.939560342272 833 1573837917631
548.317318883537 385.213213722255 833 1573837917646
548.734732470756 381.48393990566 832 1573837917676
549.261798338154 377.769426825795 834 1573837917691
550.45871093428 374.211885462786 834 1573837917691
551.904867703357 370.769919028759 834 1573837917721
553.579984107678 367.476207656775 834 1573837917728
555.598506370674 364.323969706557 833 1573837917758
557.526744371279 361.103628338734 833 1573837917758
559.638761572755 358.014198175434 833 1573837917773
562.00076179659 355.124757317971 833 1573837917788
564.559543879895 352.402203556083 834 1573837917803
566.973400541418 349.534129273947 833 1573837917826
569.77159641431 347.068520668017 834 1573837917848
572.454656950168 344.458319939155 834 1573837917878
575.521926224492 342.297441689102 834 1573837917893
582.769401523386 362.280467869478 266 1573837919509
582.982236766476 362.028085778094 360 1573837919539
583.097930955634 361.710694864171 360 1573837919539
583.272395558108 361.424631173396 379 1573837919547
583.471397386593 361.151646906625 379 1573837919547
583.596787309159 360.839428113352 401 1573837919554
583.754705289532 360.550299654177 446 1573837919562
584.0039906654 360.32231075308 446 1573837919562
584.209936527108 360.055542596505 476 1573837919569
584.413180856351 359.787760769792 504 1573837919577
584.720412859468 359.647294994934 504 1573837919577
584.902898009234 359.372840774889 511 1573837919584
585.172429276356 359.191881289268 525 1573837919592
585.496794263183 359.130094182056 541 1573837919607
585.834613945329 359.130094182056 541 1573837919607
586.172433627474 359.130094182056 541 1573837919607
586.51025330962 359.130094182056 541 1573837919607
586.776941675019 359.313267817459 551 1573837919622
587.026227050887 359.541256718557 551 1573837919622
587.275512426755 359.769245619654 551 1573837919622
587.516394463738 360.00475410371 565 1573837919629
587.715396292223 360.277738370482 565 1573837919629
587.93174078947 360.5352048378 584 1573837919637
588.181011727548 360.763209524319 584 1573837919637
588.408493374971 361.00579570584 603 1573837919644
588.524200550193 361.323181885827 603 1573837919644
588.570954603953 361.652744957642 620 1573837919652
588.521958997496 361.984697397883 656 1573837919667
588.442194766065 362.31296528396 656 1573837919667
588.362430534635 362.641233170037 656 1573837919667
588.282666303205 362.969501056114 656 1573837919667
588.196125092256 363.294916304207 664 1573837919682
588.017117522891 363.581409633545 664 1573837919682
587.838109953526 363.867902962883 664 1573837919682
587.659102384161 364.154396292221 664 1573837919682
587.478402364027 364.439268038367 664 1573837919689
587.199823255777 364.630359163466 664 1573837919689
586.921244147526 364.821450288564 664 1573837919689
586.65478650073 365.027810347108 665 1573837919697
586.405486688237 365.255783462049 665 1573837919697
586.13904998919 365.453712248459 681 1573837919704
585.815919544093 365.552245761015 681 1573837919704
585.533327836758 365.471528219454 702 1573837919719
585.307572351138 365.233172459833 709 1573837919727
585.307572351138 364.895352777687 709 1573837919727
585.2521792796 364.564966267488 711 1573837919734
585.163119220054 364.239097515628 711 1573837919734
585.126304074854 363.906218041652 710 1573837919742
585.126304074854 363.568398359506 710 1573837919742
585.13725785133 363.231939247842 710 1573837919757
585.219904054854 362.904385065014 710 1573837919757
585.302550258378 362.576830882186 710 1573837919757
585.385196461903 362.249276699358 710 1573837919757
585.467842665427 361.92172251653 710 1573837919757
585.550488868952 361.594168333702 710 1573837919757
585.633135072476 361.266614150874 710 1573837919757
585.74487558858 360.94901679574 711 1573837919764
585.880249096958 360.639507262972 711 1573837919764
586.015622605336 360.329997730203 711 1573837919764
586.199220571756 360.047203277044 711 1573837919779
586.389819399353 359.768287116588 711 1573837919779
586.58041822695 359.489370956132 711 1573837919779
586.771017054548 359.210454795675 711 1573837919779
586.974375133621 358.945898170538 710 1573837919794
587.273772026366 358.789425686504 710 1573837919794
587.573168919112 358.632953202471 710 1573837919794
587.872565811857 358.476480718438 710 1573837919794
588.171962704602 358.320008234404 710 1573837919794
588.498716798979 358.239711398111 711 1573837919809
588.829255622368 358.169953073321 711 1573837919809
589.159794445758 358.10019474853 711 1573837919809
589.490333269147 358.03043642374 711 1573837919809
589.820872092537 357.960678098949 711 1573837919809
590.151410915926 357.890919774159 711 1573837919809
590.481949739315 357.821161449368 711 1573837919809
590.795047898881 357.908663562927 711 1573837919817
591.102269768475 358.049151500091 711 1573837919817
591.418054357471 358.164379423696 710 1573837919824
591.747377225514 358.239669437837 710 1573837919824
592.061851785411 358.343287677479 728 1573837919839
592.311137161279 358.571276578577 728 1573837919839
592.560422537147 358.799265479674 728 1573837919839
592.740816558108 359.057606708061 732 1573837919855
592.740816558108 359.395426390207 732 1573837919855
592.740816558108 359.733246072353 732 1573837919855
592.740816558108 360.071065754499 732 1573837919855
592.740816558108 360.408885436645 732 1573837919855
592.601623575498 360.711139341104 739 1573837919870
592.439568331779 361.007551614177 739 1573837919870
592.277513088059 361.30396388725 739 1573837919870
592.115457844339 361.600376160322 739 1573837919870
591.953402600619 361.896788433395 739 1573837919870
591.791347356899 362.193200706467 739 1573837919870
591.623889155671 362.486187129366 757 1573837919877
591.424901096954 362.75918143358 757 1573837919877
591.225913038237 363.032175737794 757 1573837919877
591.02692497952 363.305170042008 757 1573837919877
590.827936920803 363.578164346222 757 1573837919877
590.628948862086 363.851158650436 757 1573837919877
590.395763996549 364.093554084502 757 1573837919885
590.14647862068 364.321542985599 757 1573837919885
589.897193244812 364.549531886695 757 1573837919885
589.647907868943 364.777520787792 757 1573837919885
589.398622493075 365.005509688889 757 1573837919885
589.149337117206 365.233498589985 757 1573837919885
588.846684884124 365.3782499519 755 1573837919900
588.535458116662 365.509627411383 755 1573837919900
588.2242313492 365.641004870867 755 1573837919900
587.913004581738 365.77238233035 755 1573837919900
587.601777814276 365.903759789833 755 1573837919900
587.290551046814 366.035137249316 755 1573837919900
586.979324279352 366.166514708799 755 1573837919900
586.662007975888 366.27749724475 771 1573837919907
586.329699169297 366.338267259617 771 1573837919907
585.997390362705 366.399037274485 771 1573837919907
585.679145080661 366.346950621973 774 1573837919915
585.393974873303 366.173165943284 777 1573837919922
585.144711156619 365.945153362074 777 1573837919922
584.976219605511 365.653790111664 779 1573837919930
584.814168327851 365.357375670292 779 1573837919930
584.652117050192 365.060961228919 781 1573837919937
584.490065772534 364.764546787546 781 1573837919937
584.401092649797 364.449460363801 783 1573837919952
584.401092649797 364.111640681655 783 1573837919952
584.401092649797 363.773820999509 783 1573837919952
584.401092649797 363.436001317363 783 1573837919952
584.406797768209 363.099723582376 782 1573837919967
584.576974638777 362.807898342945 782 1573837919967
584.747151509345 362.516073103514 782 1573837919967
584.917328379914 362.224247864084 782 1573837919967
585.087505250482 361.932422624653 782 1573837919967
585.25768212105 361.640597385223 782 1573837919967
585.427858991619 361.348772145792 782 1573837919967
585.598035862187 361.056946906361 782 1573837919967
585.768212732756 360.765121666931 782 1573837919967
585.910547800163 360.460232521647 782 1573837919975
586.026229005983 360.142836875386 782 1573837919975
586.141910211802 359.825441229125 782 1573837919975
586.318905105646 359.555587949068 781 1573837919982
586.597492714484 359.364509217004 781 1573837919982
586.876080323322 359.17343048494 781 1573837919982
587.132000228085 358.953800536569 781 1573837919990
587.381271166165 358.725795850051 781 1573837919990
587.653705697727 358.528632355581 781 1573837919997
587.942147795949 358.352782153369 781 1573837919997
588.230589894171 358.176931951156 781 1573837919997
588.519031992394 358.001081748944 781 1573837919997
588.845627738758 357.933532214294 781 1573837920005
589.180599273011 357.889757691052 781 1573837920005
589.515570807265 357.84598316781 781 1573837920005
589.850631639169 357.803581102122 779 1573837920012
590.188451321315 357.803581102122 779 1573837920012
590.526271003461 357.803581102122 779 1573837920012
590.853441766723 357.852474945252 780 1573837920020
591.160663636316 357.992962882417 780 1573837920020
591.467885505909 358.133450819582 780 1573837920020
591.775107375502 358.273938756746 779 1573837920027
592.082329245096 358.41442669391 779 1573837920027
592.331235724271 358.630608690431 779 1573837920035
592.54544114315 358.891833069401 779 1573837920035
592.740816558108 359.159790657394 778 1573837920050
592.740816558108 359.49761033954 778 1573837920050
592.740816558108 359.835430021686 778 1573837920050
592.740816558108 360.173249703832 778 1573837920050
592.740816558108 360.511069385977 778 1573837920050
592.740816558108 360.848889068123 778 1573837920050
592.629187196606 361.158184276753 776 1573837920057
592.467124020272 361.454592212749 776 1573837920057
592.325998097602 361.760474024728 778 1573837920065
592.210321220057 362.077871248482 778 1573837920065
592.094644342513 362.395268472236 778 1573837920065
591.978967464969 362.71266569599 778 1573837920065
591.863290587424 363.030062919744 778 1573837920065
591.676702399511 363.307734109797 777 1573837920080
591.466439482817 363.572142210105 777 1573837920080
591.256176566122 363.836550310413 777 1573837920080
591.045913649428 364.100958410721 777 1573837920080
590.835650732734 364.365366511028 777 1573837920080
590.62538781604 364.629774611336 777 1573837920080
590.415124899345 364.894182711644 777 1573837920080
590.157515019378 365.110913641332 780 1573837920087
589.891652001816 365.319333874366 780 1573837920087
589.625788984254 365.527754107401 780 1573837920087
589.359925966692 365.736174340435 780 1573837920087
589.091217289794 365.940093690495 778 1573837920102
588.788921229678 366.090889014306 778 1573837920102
588.486625169561 366.241684338117 778 1573837920102
588.184329109445 366.392479661927 778 1573837920102
587.882033049328 366.543274985738 778 1573837920102
587.579736989211 366.694070309548 778 1573837920102
587.277440929095 366.844865633359 778 1573837920102
586.958060065612 366.923137146009 777 1573837920110
586.620240383466 366.923137146009 777 1573837920110
586.292649391927 366.876164606821 779 1573837920117
585.994351101333 366.722205269251 781 1573837920132
585.745065725465 366.494216368153 781 1573837920132
585.495780349597 366.266227467056 781 1573837920132
585.267868188747 366.021473633266 782 1573837920140
585.105816911087 365.725059191894 782 1573837920140
584.943765545243 365.428644798735 780 1573837920147
584.781702368909 365.132236862738 780 1573837920147
584.619639192575 364.835828926742 780 1573837920147
584.613737991043 364.509434318791 782 1573837920162
584.654488646068 364.174081487045 782 1573837920162
584.695239301092 363.838728655298 782 1573837920162
584.735989956117 363.503375823552 782 1573837920162
584.805610738319 363.175687666321 780 1573837920177
584.936566434616 362.864283197418 780 1573837920177
585.067522130913 362.552878728516 780 1573837920177
585.19847782721 362.241474259613 780 1573837920177
585.329433523507 361.93006979071 780 1573837920177
585.460389219804 361.618665321808 780 1573837920177
585.591344916101 361.307260852905 780 1573837920177
585.75543538885 361.01582889575 780 1573837920185
585.969640807728 360.75460451678 780 1573837920185
586.183846226606 360.493380137809 780 1573837920185
586.373239337108 360.213922193414 781 1573837920192
586.558559198022 359.931470982059 781 1573837920192
586.743879058936 359.649019770704 781 1573837920192
586.988292068135 359.416882378885 780 1573837920200
587.237577444001 359.188893477786 780 1573837920200
587.541662935405 359.056972876481 781 1573837920207
587.865260364054 358.960281708285 780 1573837920222
588.19631180684 358.892998130241 780 1573837920222
588.527363249626 358.825714552197 780 1573837920222
588.858414692412 358.758430974152 780 1573837920222
589.189466135198 358.691147396108 780 1573837920222
589.520292010826 358.642421112112 781 1573837920230
589.849610197785 358.717731598651 781 1573837920230
590.178928384745 358.793042085189 781 1573837920230
590.395605466172 359.045533837524 777 1573837920245
590.603540595128 359.311776433273 777 1573837920245
590.811475724084 359.578019029022 777 1573837920245
591.01941085304 359.844261624771 777 1573837920245
591.186091410157 360.135103436294 775 1573837920253
591.321464918535 360.444612969063 775 1573837920253
591.456838426912 360.754122501831 775 1573837920253
591.446536853052 361.087770252504 774 1573837920268
591.418228277405 361.424401745668 774 1573837920268
591.389919701759 361.761033238832 774 1573837920268
591.361611126113 362.097664731997 774 1573837920268
591.333302550466 362.434296225161 774 1573837920268
591.30499397482 362.770927718325 774 1573837920268
591.247108710569 363.102318476309 775 1573837920275
591.158028890208 363.428181826887 775 1573837920275
591.068949069847 363.754045177464 775 1573837920275
590.979869249486 364.079908528042 775 1573837920275
590.824124996501 364.365044547895 775 1573837920290
590.574839620633 364.593033448992 775 1573837920290
590.325554244764 364.821022350089 775 1573837920290
590.076268868896 365.049011251185 775 1573837920290
589.826983493027 365.277000152282 775 1573837920290
589.577698117159 365.504989053379 775 1573837920290
589.328412741291 365.732977954475 775 1573837920290
589.070830031788 365.94843546742 775 1573837920298
588.763608162194 366.088923404584 775 1573837920298
588.456386292601 366.229411341748 775 1573837920298
588.176228320768 366.416062136853 775 1573837920305
587.903585475336 366.615531474046 775 1573837920305
587.630942629904 366.815000811239 775 1573837920305
587.328456620258 366.923137146009 775 1573837920313
586.990636938113 366.923137146009 775 1573837920313
586.657386302478 366.892473655305 777 1573837920320
586.334241881729 366.79398598611 777 1573837920320
586.112288819231 366.57117994767 779 1573837920328
585.905819901022 366.309609028315 781 1573837920335
585.665302671538 366.076263399746 781 1573837920350
585.576222851177 365.750400049168 781 1573837920350
585.487143030816 365.424536698591 781 1573837920350
585.398063210454 365.098673348013 781 1573837920350
585.308983390093 364.772809997436 781 1573837920350
585.307572351138 364.435179705542 781 1573837920358
585.307572351138 364.097360023396 781 1573837920358
585.304747861581 363.759845521799 781 1573837920365
585.232588767831 363.429822488005 781 1573837920365
585.160429674081 363.099799454212 781 1573837920365
585.201856176456 362.782490636507 779 1573837920373
585.345197493128 362.476589664655 779 1573837920373
585.4885388098 362.170688692804 779 1573837920373
585.631880126472 361.864787720952 779 1573837920373
585.82715605085 361.591629910969 692 1573837920395
586.041366898629 361.330409983822 692 1573837920395
586.255577746409 361.069190056674 692 1573837920395
586.469788594188 360.807970129527 692 1573837920395
586.683999441968 360.54675020238 692 1573837920395
586.898210289747 360.285530275233 692 1573837920395
587.112421137527 360.024310348086 692 1573837920395
587.337382897102 359.809530451577 505 1573837920403
587.644594632242 359.950040548856 505 1573837920403
587.966704751113 360.051258288972 348 1573837920410
588.281091431476 360.169270652023 124 1573837920418
588.569521105386 360.345141231863 124 1573837920418
588.857954422659 360.521005836169 9 1573837920425
589.146394035797 360.696860114531 9 1573837920425
625.918513075038 356.642913782984 350 1573837920841
625.884257250231 356.217321371558 493 1573837920864
625.737936396608 355.81178796595 493 1573837920871
625.885778765865 355.406254560342 493 1573837920871
625.918513075038 354.980393454317 518 1573837920879
626.048126713693 354.581863231695 539 1573837920886
626.099781351322 354.163417269842 557 1573837920894
626.290295330298 353.815712524175 583 1573837920909
626.608814389469 353.524404580313 583 1573837920909
626.872478768604 353.196389987678 589 1573837920916
627.036457488441 352.801670315725 598 1573837920924
627.354994993703 352.510382542289 598 1573837920924
627.710056418225 352.283128374146 624 1573837920931
628.119831119014 352.150324114989 616 1573837920939
628.488365968085 351.925609241801 616 1573837920939
628.883242373794 351.909196106432 623 1573837920946
629.301310882872 352.000244506453 637 1573837920954
629.732835513918 352.001537062021 651 1573837920969
630.157432316518 352.079204715736 651 1573837920969
630.582029119117 352.156872369451 651 1573837920969
631.006625921717 352.234540023166 651 1573837920969
631.431222724317 352.312207676881 651 1573837920969
631.715563431894 352.601391534542 660 1573837920976
631.952351921948 352.962287530903 660 1573837920976
632.225889388614 353.291894258861 676 1573837920991
632.544408447785 353.583202202722 676 1573837920991
632.862927506955 353.874510146584 676 1573837920991
633.181446566126 354.165818090445 676 1573837920991
633.499965625296 354.457126034307 676 1573837920991
633.643567309733 354.858072042752 701 1573837921006
633.766911254415 355.271715585578 701 1573837921006
633.890255199097 355.685359128404 701 1573837921006
634.01359914378 356.09900267123 701 1573837921006
634.044476544844 356.518891167339 707 1573837921014
633.97787186254 356.945363353427 707 1573837921014
633.911267180236 357.371835539515 707 1573837921014
633.782521311522 357.782293724393 729 1573837921022
633.634712124108 358.187839225327 729 1573837921022
633.508882428087 358.599346396514 738 1573837921029
633.431510927211 359.023997264951 738 1573837921029
633.354139426336 359.448648133387 738 1573837921029
633.15106732914 359.828794928187 738 1573837921037
632.944002172446 360.207527987339 738 1573837921037
632.736937015752 360.586261046491 738 1573837921037
632.457831099756 360.898386392304 743 1573837921044
632.096462496023 361.134452996141 743 1573837921044
631.73509389229 361.370519599979 743 1573837921044
631.373725288557 361.606586203817 743 1573837921044
631.096062982128 361.935946064732 758 1573837921052
630.822345779046 362.269702865334 758 1573837921052
630.456863036386 362.497924701963 772 1573837921067
630.088321837057 362.722629160328 772 1573837921067
629.719780637729 362.947333618692 772 1573837921067
629.3512394384 363.172038077057 772 1573837921067
628.982698239071 363.396742535421 772 1573837921067
628.614157039743 363.621446993786 772 1573837921067
628.245615840414 363.84615145215 772 1573837921067
627.839919851223 363.938545967776 768 1573837921074
627.408277975113 363.938545967776 768 1573837921074
626.977119804758 363.943877529447 770 1573837921082
626.552525624368 364.021559517002 770 1573837921082
626.127931443978 364.099241504558 770 1573837921082
625.69675682177 364.10439172858 768 1573837921089
625.265114945661 364.10439172858 768 1573837921089
624.861640282796 364.008153460003 770 1573837921104
624.498114664363 363.775422211661 770 1573837921104
624.134589045931 363.542690963319 770 1573837921104
623.771063427499 363.309959714976 770 1573837921104
623.407537809067 363.077228466634 770 1573837921104
623.11072384419 362.782246179532 778 1573837921112
622.903666288897 362.403508964557 778 1573837921112
622.736606168796 362.006673744213 775 1573837921127
622.588792833622 361.601129755037 775 1573837921127
622.440979498448 361.195585765862 775 1573837921127
622.293166163274 360.790041776686 775 1573837921127
622.1453528281 360.384497787511 775 1573837921127
622.156137485745 359.96194625387 775 1573837921134
622.214600204989 359.534281876501 775 1573837921134
622.273062924234 359.106617499132 775 1573837921134
622.373130487905 358.687811769287 775 1573837921149
622.493959849428 358.273426713325 775 1573837921149
622.614789210952 357.859041657362 775 1573837921149
622.735618572475 357.444656601399 775 1573837921149
622.856447933999 357.030271545436 775 1573837921149
622.977277295522 356.615886489473 775 1573837921149
623.126652625114 356.211484044045 774 1573837921157
623.290398321686 355.812106958991 774 1573837921157
623.454144018258 355.412729873938 774 1573837921157
623.666196454531 355.045399745775 773 1573837921172
623.970491803019 354.739264073074 773 1573837921172
624.274787151508 354.433128400373 773 1573837921172
624.579082499996 354.126992727673 773 1573837921172
624.883377848484 353.820857054972 773 1573837921172
625.187673196972 353.514721382271 773 1573837921172
625.516757355488 353.240006284232 774 1573837921179
625.885304904191 353.015312239904 774 1573837921179
626.285517621994 352.85521224082 772 1573837921194
626.688866095437 352.701508896085 772 1573837921194
627.09221456888 352.54780555135 772 1573837921194
627.495563042323 352.394102206615 772 1573837921194
627.898911515766 352.24039886188 772 1573837921194
628.314319915576 352.132460209168 772 1573837921202
628.74103427842 352.06742512822 772 1573837921202
629.167748641264 352.002390047271 772 1573837921202
629.594463599637 352.063130139024 772 1573837921209
630.021178578326 352.128161179102 772 1573837921209
630.44995165375 352.166027015635 771 1573837921217
630.88159352986 352.166027015635 771 1573837921217
631.31323540597 352.166027015635 771 1573837921217
631.690850767476 352.30515326186 769 1573837921224
632.009369826646 352.596461205722 769 1573837921224
632.261370465028 352.94366953024 767 1573837921239
632.493486936777 353.307588000167 767 1573837921239
632.725603408526 353.671506470094 767 1573837921239
632.957719880276 354.035424940021 767 1573837921239
633.189836352025 354.399343409949 767 1573837921239
633.396457022231 354.775850525445 766 1573837921254
633.544266209646 355.181396026378 766 1573837921254
633.692075397061 355.586941527312 766 1573837921254
633.839884584475 355.992487028245 766 1573837921254
633.98769377189 356.398032529178 766 1573837921254
634.135502959305 356.803578030112 766 1573837921254
634.208162198821 357.193752812097 767 1573837921262
633.912989118394 357.508693380781 767 1573837921262
633.617816037968 357.823633949465 767 1573837921262
633.322642957541 358.138574518149 767 1573837921262
633.067097352318 358.482712777484 764 1573837921284
632.853749850702 358.857942777305 764 1573837921284
632.640402349087 359.233172777126 764 1573837921284
632.427054847471 359.608402776947 764 1573837921284
632.213707345855 359.983632776768 764 1573837921284
632.000359844239 360.35886277659 764 1573837921284
631.787012342623 360.734092776411 764 1573837921284
631.573664841008 361.109322776232 764 1573837921284
631.360317339392 361.484552776053 764 1573837921284
631.146969837776 361.859782775874 764 1573837921284
630.93362233616 362.235012775695 764 1573837921284
630.67431358597 362.573568838109 763 1573837921292
630.355802432721 362.86488542615 763 1573837921292
630.037291279473 363.15620201419 763 1573837921292
629.718780126224 363.447518602231 763 1573837921292
629.362536776243 363.678273696538 765 1573837921299
628.960660729006 363.835786717805 765 1573837921299
628.558784681769 363.993299739072 765 1573837921299
628.148136277325 364.10439172858 767 1573837921314
627.716494401215 364.10439172858 767 1573837921314
627.284852525105 364.10439172858 767 1573837921314
626.853210648996 364.10439172858 767 1573837921314
626.45986427232 363.934590667111 780 1573837921344
626.22774780057 363.570672197184 780 1573837921344
625.995631328821 363.206753727257 780 1573837921344
625.763514857072 362.842835257329 780 1573837921344
625.531398385322 362.478916787402 780 1573837921344
625.299281913573 362.114998317475 780 1573837921344
625.099306354447 361.733934627668 781 1573837921352
624.926335748471 361.338465439639 781 1573837921352
624.84027346275 360.927062170907 780 1573837921374
624.861696110169 360.495952232041 780 1573837921374
624.883118757587 360.064842293174 780 1573837921374
624.904541405006 359.633732354308 780 1573837921374
624.925964052425 359.202622415442 780 1573837921374
624.947386699843 358.771512476576 780 1573837921374
624.968809347262 358.34040253771 780 1573837921374
624.99023199468 357.909292598844 780 1573837921374
625.011654642099 357.478182659978 780 1573837921374
625.26256016844 357.128193413073 781 1573837921382
625.51683050003 356.779393602746 781 1573837921382
625.771099423172 356.430592765711 780 1573837921389
626.0253591984 356.081785260183 780 1573837921389
626.279618973628 355.732977754655 780 1573837921389
626.533881717049 355.384172412831 779 1573837921397
626.788152048638 355.035372602503 779 1573837921397
627.191705208641 354.942902670183 779 1573837921419
627.620552477367 354.893864630681 779 1573837921419
628.049399746092 354.844826591178 779 1573837921419
628.474429802964 354.86451751246 775 1573837921427
628.895209075367 354.960743876456 775 1573837921427
629.27682415085 355.153289597713 771 1573837921435
629.631664684246 355.396238364888 769 1573837921442
629.950194811248 355.687534206609 769 1573837921442
630.26872493825 355.978830048329 769 1573837921442
630.568074190047 356.288298939985 769 1573837921450
630.841770584198 356.622072805109 769 1573837921450
631.086107342577 356.975657410414 770 1573837921457
631.293180101146 357.354386313285 770 1573837921457
631.357460443073 357.769602735677 767 1573837921465
631.272506192653 358.192064103365 767 1573837921480
631.180293024627 358.613741042329 767 1573837921480
631.088079856601 359.035417981293 767 1573837921480
630.995866688575 359.457094920257 767 1573837921480
630.848659413645 359.862814459005 767 1573837921487
630.700841930492 360.268356936295 767 1573837921487
630.471010314848 360.622441522426 765 1573837921510
630.170170574266 360.931973685049 765 1573837921510
629.869330833685 361.241505847673 765 1573837921510
629.568491093103 361.551038010296 765 1573837921510
629.267651352522 361.86057017292 765 1573837921510
628.96681161194 362.170102335543 765 1573837921510
628.665971871359 362.479634498167 765 1573837921510
628.365132130777 362.78916666079 765 1573837921510
628.064292390196 363.098698823414 765 1573837921510
627.763452649614 363.408230986037 765 1573837921510
627.380651287654 363.601550239514 765 1573837921517
626.988100796241 363.781046258698 765 1573837921517
626.593059884212 363.953974250897 766 1573837921525
626.180186866678 364.07987333987 766 1573837921525
625.752200157369 364.10439172858 766 1573837921532
625.327218652571 364.078408759624 766 1573837921540
624.948804097513 363.870762103663 766 1573837921540
624.570389542455 363.663115447702 766 1573837921540
624.317007912421 363.330630278771 775 1573837921547
624.109950357126 362.951893063796 775 1573837921547
624.105484512386 362.521392242416 779 1573837921555
624.064746796621 362.094151996481 778 1573837921562
623.97254705738 361.672472121107 778 1573837921562
623.972708676115 361.251859282848 782 1573837921570
624.074625717426 360.832422009943 782 1573837921570
624.176542758737 360.412984737038 782 1573837921570
624.278459800048 359.993547464133 782 1573837921570
624.286821948635 359.562906958394 782 1573837921577
624.286821948635 359.131265082285 782 1573837921577
624.334235393146 358.711737336684 782 1573837921592
624.54128788078 358.332997351238 782 1573837921592
624.748340368414 357.954257365791 782 1573837921592
624.955392856049 357.575517380345 782 1573837921592
625.162445343683 357.196777394898 782 1573837921592
625.369497831317 356.818037409452 782 1573837921592
625.685286331487 356.524587672363 783 1573837921600
626.003805390658 356.233279728501 783 1573837921600
626.265206178311 355.893342312021 783 1573837921607
626.501973620707 355.532432506899 783 1573837921607
626.812641751748 355.27782648331 782 1573837921622
627.23342501162 355.18161755741 782 1573837921622
627.654208271493 355.085408631511 782 1573837921622
628.074991531365 354.989199705611 782 1573837921622
628.506140862443 354.984835684686 782 1573837921630
628.937782738553 354.984835684686 782 1573837921630
629.369424614662 354.984835684686 782 1573837921630
629.777829665021 355.091544622335 783 1573837921637
630.137347807895 355.326140489862 782 1573837921645
630.480655063246 355.587779243938 782 1573837921645
630.823962318598 355.849417998015 782 1573837921645
631.191996043784 356.069812729954 783 1573837921652
631.584537902873 356.249327626479 783 1573837921652
631.977079761962 356.428842523005 783 1573837921652
632.268521400093 356.732122280493 781 1573837921660
632.519500915491 357.083245809789 781 1573837921675
632.763055073761 357.439610905163 781 1573837921675
633.006609232031 357.795976000537 781 1573837921675
633.250163390302 358.15234109591 781 1573837921675
633.244997631557 358.52880831813 781 1573837921682
633.061835417 358.919661631241 781 1573837921682
632.878673202443 359.310514944352 781 1573837921682
632.656654126667 359.678961400958 786 1573837921697
632.410117830024 360.033269972191 786 1573837921697
632.163581533381 360.387578543424 786 1573837921697
631.917045236738 360.741887114657 786 1573837921697
631.670508940095 361.096195685889 786 1573837921697
631.390475172687 361.421188532402 788 1573837921705
631.071974561092 361.712516645746 788 1573837921705
630.715554702622 361.95336084995 790 1573837921712
630.334508928678 362.150189178918 779 1573837921727
629.9216236331 362.276047996278 779 1573837921727
629.508738337523 362.401906813638 779 1573837921727
629.095853041945 362.527765630998 779 1573837921727
628.682967746367 362.653624448358 779 1573837921727
628.270082436558 362.776274078247 738 1573837921735
627.85719602472 362.650418922887 738 1573837921735
627.475156164039 362.455806746284 675 1573837921742
627.104449005714 362.234844901988 547 1573837921750
626.726027769847 362.027210421576 547 1573837921750
626.347606533979 361.819575941164 547 1573837921750
626.018574658716 361.542959590539 383 1573837921757
625.730790590004 361.222529594041 143 1573837921765
625.457073386922 360.888772793438 143 1573837921765
604.16265444295 382.34350381636 453 1573837922134
604.255439329339 381.919147742786 521 1573837922141
604.35199250838 381.496014505422 549 1573837922149
604.526060875123 381.098035465747 549 1573837922149
604.700129241867 380.700056426072 549 1573837922149
605.004631422206 380.39182138679 565 1573837922171
605.314111683534 380.087011478535 565 1573837922171
605.623591944861 379.782201570281 565 1573837922171
605.933072206188 379.477391662027 565 1573837922171
606.242552467516 379.172581753772 565 1573837922171
606.552032728843 378.867771845518 565 1573837922171
606.86151299017 378.562961937264 565 1573837922171
607.200729325904 378.301306614079 590 1573837922179
607.595766801918 378.120661921754 590 1573837922179
607.952680201977 377.88243878136 592 1573837922186
608.273220747548 377.589282046889 592 1573837922186
608.654466682077 377.387800930875 596 1573837922194
609.084797421668 377.369206269837 633 1573837922201
609.518345359102 377.382014584714 657 1573837922209
609.949064401348 377.43830151897 657 1573837922209
610.379783443594 377.494588453227 657 1573837922209
610.806226027971 377.570656915438 664 1573837922217
611.221732830149 377.697310812596 664 1573837922217
611.637239632327 377.823964709754 664 1573837922217
611.989761294033 378.061049458582 674 1573837922224
612.27589295862 378.384994512034 682 1573837922232
612.509131258602 378.745134465135 681 1573837922239
612.567945738361 379.175515655816 681 1573837922239
612.626760218121 379.605896846496 681 1573837922239
612.680605041951 380.036080544559 693 1573837922254
612.587823533465 380.460437356693 693 1573837922254
612.495042024979 380.884794168827 693 1573837922254
612.402260516493 381.309150980961 693 1573837922254
612.290385712986 381.72526877877 694 1573837922269
612.045296190234 382.083902628481 694 1573837922269
611.800206667483 382.442536478193 694 1573837922269
611.555117144731 382.801170327904 694 1573837922269
611.310027621979 383.159804177615 694 1573837922269
611.064938099228 383.518438027326 694 1573837922269
610.819848576476 383.877071877037 694 1573837922269
610.574759053725 384.235705726748 694 1573837922269
610.295108662582 384.567001761289 690 1573837922277
610.002541909459 384.888080890613 690 1573837922277
609.709975156335 385.209160019938 690 1573837922277
609.368104863892 385.470462991111 692 1573837922292
608.997225989878 385.696595636103 692 1573837922292
608.626347115863 385.922728281095 692 1573837922292
608.255468241849 386.148860926086 692 1573837922292
607.884589367834 386.374993571078 692 1573837922292
607.51371049382 386.60112621607 692 1573837922292
607.142831619805 386.827258861061 692 1573837922292
606.755198963628 387.009443596042 705 1573837922299
606.327904812105 387.087589743709 705 1573837922299
605.899366649682 387.152018853701 723 1573837922307
605.464985351372 387.152018853701 723 1573837922307
605.076228264213 386.966219390359 737 1573837922322
604.691252438783 386.765021164332 737 1573837922322
604.306276613354 386.563822938306 737 1573837922322
603.938075834196 386.334727480709 738 1573837922329
603.57985737146 386.089031234754 738 1573837922329
603.283295352945 385.779883312968 737 1573837922337
603.02742191391 385.428862094924 737 1573837922337
602.771548474875 385.077840876879 737 1573837922337
602.652406354162 384.66819098534 733 1573837922352
602.5745270415 384.240848119505 733 1573837922352
602.496647728838 383.813505253669 733 1573837922352
602.418768416175 383.386162387834 733 1573837922352
602.349625880291 382.958029925746 735 1573837922359
602.349625880291 382.523648627437 735 1573837922359
602.349625880291 382.089267329127 735 1573837922359
602.542744371648 381.711631041823 733 1573837922374
602.777729034636 381.346296509535 733 1573837922374
603.012713697624 380.980961977248 733 1573837922374
603.247698360611 380.61562744496 733 1573837922374
603.482683023599 380.250292912673 733 1573837922374
603.717667686587 379.884958380385 733 1573837922374
603.952652349575 379.519623848098 733 1573837922374
604.196732949996 379.161962952189 736 1573837922389
604.517273495565 378.868806217714 736 1573837922389
604.837814041133 378.57564948324 736 1573837922389
605.158354586702 378.282492748765 736 1573837922389
605.494723180209 378.021662741783 734 1573837922404
605.922855741161 377.9482486929 734 1573837922404
606.350988302114 377.874834644017 734 1573837922404
606.779120863066 377.801420595133 734 1573837922404
607.207253424019 377.72800654625 734 1573837922404
607.635385984972 377.654592497367 734 1573837922404
608.063518545924 377.581178448484 734 1573837922404
608.493973730981 377.535052030647 735 1573837922412
608.92835502929 377.535052030647 735 1573837922412
609.360258101429 377.559692869587 752 1573837922419
609.785939762531 377.646192787061 752 1573837922419
610.211621423632 377.732692704535 752 1573837922419
610.637303084734 377.819192622008 752 1573837922419
611.056300518545 377.93027972046 752 1573837922427
611.467185561564 378.071207339274 752 1573837922427
611.878070604583 378.212134958089 752 1573837922427
612.288955647601 378.353062576903 752 1573837922427
612.448776497638 378.743580136379 762 1573837922442
612.587281866364 379.155288012372 762 1573837922442
612.72578723509 379.566995888366 762 1573837922442
612.864292603815 379.97870376436 762 1573837922442
613.002797972541 380.390411640354 762 1573837922442
612.988126133726 380.811957520373 764 1573837922457
612.903426429963 381.23800103048 764 1573837922457
612.8187267262 381.664044540586 764 1573837922457
612.734027022438 382.090088050692 764 1573837922457
612.618621982431 382.507057931683 766 1573837922464
612.458141822434 382.910707817808 766 1573837922464
612.297661662436 383.314357703933 766 1573837922464
612.137181502439 383.718007590057 766 1573837922464
611.976701342442 384.121657476182 766 1573837922464
611.721445311912 384.470949305873 774 1573837922479
611.454068139443 384.813289136982 774 1573837922479
611.186690966974 385.155628968091 774 1573837922479
610.919313794505 385.4979687992 774 1573837922479
610.651936622036 385.840308630309 774 1573837922479
610.384559449568 386.182648461418 774 1573837922479
610.115213324473 386.523360399714 773 1573837922487
609.829229314266 386.850316449096 773 1573837922487
609.54324530406 387.177272498478 773 1573837922487
609.257261293853 387.50422854786 773 1573837922487
608.971277283646 387.831184597241 773 1573837922487
608.6833727295 388.156113868519 775 1573837922494
608.341507753674 388.424097917718 775 1573837922494
607.999642777849 388.692081966917 775 1573837922494
607.657777802023 388.960066016116 775 1573837922494
607.300826409381 389.204188246312 781 1573837922509
606.912127649552 389.398096437033 781 1573837922509
606.523428889723 389.592004627755 781 1573837922509
606.134730129895 389.785912818476 781 1573837922509
605.746031370066 389.979821009198 781 1573837922509
605.349536885799 390.149137702558 781 1573837922517
604.920113753544 390.214581463192 781 1573837922517
604.49069062129 390.280025223826 781 1573837922517
604.099793282631 390.15356251285 785 1573837922524
603.738563007973 389.91458738109 786 1573837922532
603.418041027056 389.621410349127 786 1573837922532
603.153022423468 389.284697471388 786 1573837922539
602.944630375215 388.903567747348 786 1573837922539
602.736238326962 388.522438023309 786 1573837922539
602.639418084782 388.101151599381 784 1573837922554
602.557124350305 387.674636824037 784 1573837922554
602.474830615829 387.248122048692 784 1573837922554
602.392536881352 386.821607273348 784 1573837922554
602.310243146875 386.395092498004 784 1573837922554
602.227949412398 385.968577722659 784 1573837922554
602.192790885956 385.542410254045 784 1573837922569
602.281360728369 385.117154454159 784 1573837922569
602.369930570782 384.691898654274 784 1573837922569
602.458500413194 384.266642854389 784 1573837922569
602.547070255607 383.841387054503 784 1573837922569
602.63564009802 383.416131254618 784 1573837922569
602.724209940433 382.990875454732 784 1573837922569
602.812779782846 382.565619654847 784 1573837922569
602.911873587483 382.14423907227 783 1573837922584
603.120242177085 381.763096522574 783 1573837922584
603.328610766687 381.381953972878 783 1573837922584
603.536979356289 381.000811423182 783 1573837922584
603.745347945891 380.619668873486 783 1573837922584
603.953716535493 380.238526323791 783 1573837922584
604.162085125094 379.857383774095 783 1573837922584
604.370453714696 379.476241224399 783 1573837922584
604.578822304298 379.095098674703 783 1573837922584
604.830614262887 378.748016692884 784 1573837922592
605.151154808456 378.45485995841 784 1573837922592
605.471695354026 378.161703223936 784 1573837922592
605.792235899595 377.868546489463 784 1573837922592
606.196110355494 377.70914763589 783 1573837922600
606.600536915614 377.550634955667 783 1573837922600
607.004963475733 377.392122275445 783 1573837922600
607.435014250154 377.369206269837 784 1573837922615
607.869395548464 377.369206269837 784 1573837922615
608.303776846774 377.369206269837 784 1573837922615
608.738158145083 377.369206269837 784 1573837922615
609.172539443393 377.369206269837 784 1573837922615
609.6009133984 377.435421155699 784 1573837922622
610.028202272673 377.513596153258 784 1573837922622
610.437442212796 377.653720424678 771 1573837922630
610.839854548453 377.817279051575 771 1573837922630
611.24226688411 377.980837678471 771 1573837922630
611.644679219767 378.144396305368 771 1573837922630
612.025945115606 378.349919038475 784 1573837922637
612.356642833164 378.61112896544 783 1573837922645
612.530683329839 379.009120193784 783 1573837922645
612.696067638254 379.410031026095 783 1573837922652
612.798631497728 379.832130264486 783 1573837922652
612.901195357202 380.254229502878 783 1573837922652
613.003759216676 380.67632874127 783 1573837922652
612.979172944605 381.096619013521 786 1573837922667
612.864642606865 381.515629650688 786 1573837922667
612.750112269125 381.934640287854 786 1573837922667
612.635581931386 382.35365092502 786 1573837922667
612.521051593646 382.772661562186 786 1573837922667
612.327980008744 383.159976796246 788 1573837922675
612.119608359303 383.541117673128 788 1573837922675
611.911236709862 383.92225855001 788 1573837922675
611.702865060421 384.303399426892 788 1573837922675
611.450901165833 384.652884419004 799 1573837922705
611.152954380836 384.96897748383 799 1573837922705
610.855007595838 385.285070548655 799 1573837922705
610.557060810841 385.601163613481 799 1573837922705
610.259114025844 385.917256678307 799 1573837922705
609.961167240847 386.233349743133 799 1573837922705
609.663220455849 386.549442807959 799 1573837922705
609.365273670852 386.865535872784 799 1573837922705
609.067326885855 387.18162893761 799 1573837922705
608.769380100857 387.497722002436 799 1573837922705
608.47143331586 387.813815067262 799 1573837922705
608.173486530863 388.129908132088 799 1573837922705
607.875539745865 388.446001196913 799 1573837922705
607.577592960868 388.762094261739 799 1573837922705
607.279646175871 389.078187326565 799 1573837922705
606.945044026355 389.321102544818 806 1573837922712
606.513472682043 389.370430904713 806 1573837922712
606.081901337731 389.419759264608 806 1573837922712
605.650329993419 389.469087624503 806 1573837922712
605.233440102005 389.589074681145 806 1573837922720
604.817940039004 389.715750685057 806 1573837922720
604.397516407133 389.792002786461 808 1573837922727
603.965359934866 389.748094976234 808 1573837922727
603.533203462599 389.704187166006 808 1573837922727
603.101046990332 389.660279355778 808 1573837922727
602.769690007242 389.450372545247 809 1573837922742
602.531415679975 389.087174999431 809 1573837922742
602.293141352707 388.723977453616 809 1573837922742
602.05486702544 388.3607799078 809 1573837922742
601.816592698172 387.997582361985 809 1573837922742
601.682113598116 387.585303171072 811 1573837922750
601.552581983333 387.170684462988 811 1573837922750
601.44314617895 386.752999744596 817 1573837922757
601.44314617895 386.318618446286 817 1573837922757
601.44314617895 385.884237147977 817 1573837922757
601.550514470981 385.465523972267 816 1573837922780
601.674648467613 385.049257395178 816 1573837922780
601.798782464245 384.632990818089 816 1573837922780
601.922916460876 384.216724241 816 1573837922780
602.047050457508 383.800457663911 816 1573837922780
602.17118445414 383.384191086822 816 1573837922780
602.295318450772 382.967924509733 816 1573837922780
602.419452447404 382.551657932644 816 1573837922780
602.556063511368 382.141373702416 815 1573837922795
602.802895170321 381.78393665277 815 1573837922795
603.049726829275 381.426499603124 815 1573837922795
603.296558488229 381.069062553479 815 1573837922795
603.543390147183 380.711625503833 815 1573837922795
603.790221806136 380.354188454188 815 1573837922795
604.03705346509 379.996751404542 815 1573837922795
604.283885124044 379.639314354897 815 1573837922795
604.530716782998 379.281877305251 815 1573837922795
604.798756442177 378.942935405937 817 1573837922802
605.119296987748 378.649778671464 817 1573837922802
605.439837533319 378.356621936992 817 1573837922802
605.806780638236 378.149915235485 816 1573837922810
606.22825018673 378.044793724776 816 1573837922810
606.649719735223 377.939672214067 816 1573837922810
607.071189283717 377.834550703358 816 1573837922810
607.49265883221 377.729429192648 816 1573837922810
607.922613802909 377.676807362341 816 1573837922825
608.355739395122 377.643802306798 816 1573837922825
608.788864987335 377.610797251255 816 1573837922825
609.221990579548 377.577792195712 816 1573837922825
609.655116171761 377.544787140169 816 1573837922825
610.078213501541 377.616080537778 816 1573837922832
610.497115452741 377.731007765197 816 1573837922832
610.91601740394 377.845934992616 816 1573837922832
611.33491935514 377.960862220035 816 1573837922832
611.739463273754 378.111240736436 815 1573837922840
612.120279442952 378.320205225282 815 1573837922840
612.50109561215 378.529169714128 815 1573837922840
612.502378351261 378.962791719684 816 1573837922847
612.617659720556 379.378749614195 816 1573837922855
612.753041195182 379.791495260628 816 1573837922855
612.888422669808 380.204240907061 816 1573837922855
613.023804144434 380.616986553493 816 1573837922855
612.950724084139 381.034961454823 817 1573837922862
612.817273436612 381.446858260277 819 1573837922877
612.627409581552 381.83754845578 819 1573837922877
612.437545726491 382.228238651284 819 1573837922877
612.24768187143 382.618928846788 819 1573837922877
612.05781801637 383.009619042291 819 1573837922877
611.867954161309 383.400309237795 819 1573837922877
611.678090306248 383.790999433299 819 1573837922877
611.488226451188 384.181689628803 819 1573837922877
611.239537025838 384.533374703616 825 1573837922885
610.953554561212 384.860332104889 825 1573837922885
610.663026481343 385.182426514863 823 1573837922892
610.3175404209 385.445725763555 823 1573837922892
609.972054360458 385.709025012246 823 1573837922892
609.626568300015 385.972324260937 823 1573837922892
609.235111648281 386.158941970155 824 1573837922900
608.840074172266 386.339586662479 824 1573837922900
608.445036696251 386.520231354803 824 1573837922900
608.049999220236 386.700876047128 824 1573837922900
607.646886006895 386.859281952292 828 1573837922915
607.227984055695 386.974209179711 828 1573837922915
606.809082104495 387.089136407131 828 1573837922915
606.390180153296 387.20406363455 828 1573837922915
605.971313341956 387.316490492517 832 1573837922922
605.555806539777 387.189836595363 832 1573837922922
605.176664112172 386.985388814072 827 1573837922937
604.813002076707 386.747824009686 827 1573837922937
604.449340041242 386.510259205301 827 1573837922937
604.082046985849 386.278748237109 808 1573837922945
603.701230816649 386.069783748266 808 1573837922945
603.32041464745 385.860819259424 808 1573837922945
603.132519666462 385.486295396538 753 1573837922960
602.983772405633 385.078176094474 753 1573837922960
602.835025144804 384.67005679241 753 1573837922960
602.686277883975 384.261937490346 753 1573837922960
602.537530623146 383.853818188282 753 1573837922960
602.564453988671 383.427600154906 579 1573837922975
602.738522355414 383.029621115231 579 1573837922975
602.928596782785 382.643096757159 349 1573837922983
603.249137328355 382.349940022685 349 1573837922983
603.569677873924 382.056783288212 349 1573837922983
END STROKE
===NOTES===
Great Job
