1.00
USERID - 01/01/2000 01:00:00 AM - F - HS - EN - N/A
11/12/2019 16:0:28:226
11/12/2019 16:2:45:490
506.887919770191 292.664125024914 255 1573596158104
503.595181135678 292.079880900153 564 1573596158277
500.134528485534 293.934157234415 585 1573596158330
496.977116786036 296.192038006935 579 1573596158397
493.801970387375 298.558182423584 579 1573596158397
490.950268720048 301.305151201169 578 1573596158420
488.171012351989 303.767807393969 576 1573596158442
486.063656933569 307.074156993099 575 1573596158472
483.967963383525 310.426190923648 572 1573596158510
482.161273680164 313.942563635653 568 1573596158540
480.860017922722 317.653907833623 565 1573596158555
480.098916130304 321.539845542221 568 1573596158593
479.335259667809 325.424135068677 565 1573596158600
478.918439724346 329.311254122854 566 1573596158623
478.830922441033 333.253942693874 568 1573596158653
478.548097551986 337.203627655162 575 1573596158675
478.322348763149 341.154786017734 577 1573596158690
478.601050222942 345.061085048785 583 1573596158728
479.804735224844 348.828308080348 586 1573596158735
480.289713107352 352.712954928093 580 1573596158750
481.809684395338 356.335318939863 575 1573596158773
483.108918087492 360.055761699955 588 1573596158818
484.090622498646 363.891964314845 588 1573596158818
485.730344043992 367.410927621441 589 1573596158855
488.090498769652 370.588924651236 588 1573596158870
490.260452087958 373.88028527706 590 1573596158900
492.194290509866 377.315419665734 656 1573596158915
495.086295975498 379.877623237036 654 1573596158938
498.577851303681 381.655971300687 654 1573596158968
502.160975065906 383.305533140461 660 1573596159006
505.874527125251 384.680205885482 660 1573596159006
509.637264461115 385.905061048471 701 1573596159036
513.442989831448 386.998975331663 701 1573596159036
517.228008693185 388.102239897373 697 1573596159066
521.186923089394 388.114221313068 694 1573596159118
525.146745566901 388.114221313068 694 1573596159118
529.076111455244 388.327106289489 692 1573596159141
533.021305175344 388.220709574681 694 1573596159163
536.914654791802 387.6300251155 695 1573596159186
540.783978074834 387.292804641172 694 1573596159223
544.582698072715 386.267418443604 701 1573596159253
548.295373112626 384.920092260584 702 1573596159283
552.031520515487 383.609578264449 702 1573596159298
555.731018827848 382.31836309355 706 1573596159328
558.806162153821 379.895665621316 711 1573596159351
561.846000539276 377.360883190913 711 1573596159374
564.989824310388 374.956992125741 711 1573596159381
567.922339667703 372.315796237705 708 1573596159404
571.018474605967 369.849624606899 708 1573596159419
573.848237562521 367.114734358754 708 1573596159456
575.966021223821 363.7821603763 708 1573596159479
577.980899496899 360.406456651073 711 1573596159509
580.055193978316 357.123977042635 709 1573596159546
581.645083548773 353.513184661128 708 1573596159576
583.269479920697 349.926844507928 706 1573596159614
585.079978926799 346.40656008728 705 1573596159621
585.908089072862 342.570567820261 687 1573596159674
587.512804975673 338.950473771118 687 1573596159674
588.881079102361 335.246199863733 689 1573596159689
589.427890300245 331.513921078375 690 1573596159726
590.151231842885 327.684760717669 683 1573596159757
590.529869580558 323.781440441288 680 1573596159779
590.411849408373 319.866011306547 679 1573596159809
589.556009607616 316.061279077619 679 1573596159832
588.340264320088 312.311074469669 680 1573596159869
586.965057572366 308.605131918866 693 1573596159892
585.600205028397 304.971671848741 691 1573596159907
583.425104112377 301.71583781181 692 1573596159922
581.241054020968 298.417315710339 694 1573596159967
578.829274123646 295.305138842557 694 1573596159997
575.91499221001 292.656309028052 719 1573596160012
572.742370963728 290.302331412332 721 1573596160049
569.383195760701 288.220837692993 720 1573596160057
566.277606194978 285.831948449863 719 1573596160094
562.97183377282 283.708996513214 719 1573596160132
559.217228725448 282.481554504421 717 1573596160155
555.48931749766 281.328424544561 728 1573596160162
551.626179439462 280.55516943013 725 1573596160177
547.795275404224 279.676687534666 723 1573596160230
543.900086336629 278.964159513423 723 1573596160230
540.111068343019 277.935984689772 722 1573596160267
536.31100743066 276.916492571607 721 1573596160290
532.395049807663 277.369775672966 716 1573596160327
528.490062174733 278.023574723991 717 1573596160342
524.63332895104 278.717307974866 718 1573596160372
520.855608308347 279.746754707105 716 1573596160402
517.293444877926 281.328424544561 701 1573596160432
513.634260898167 282.733940426752 700 1573596160455
510.204454184374 284.610192875522 699 1573596160485
506.845796659333 286.706966000024 698 1573596160515
503.906411290517 289.334389439967 698 1573596160538
501.17381511504 292.140093770451 701 1573596160568
498.433349956494 294.97500459482 699 1573596160590
495.215671666538 297.260653221214 699 1573596160613
492.35112087187 299.929152250399 696 1573596160650
489.64267721215 302.817637783342 693 1573596160658
487.846923843657 306.273935019424 596 1573596160688
509.043482235279 315.335588655695 183 1573596162232
509.043482235279 315.043216989846 222 1573596162240
509.166381586096 314.782252227193 277 1573596162247
509.223152413098 314.504388334219 352 1573596162255
509.223152413098 314.212016668369 447 1573596162270
509.130733409285 314.063541724723 495 1573596162285
508.864851900544 314.185148526759 495 1573596162285
508.724149807951 314.441196150579 507 1573596162307
508.583906697862 314.697736714748 507 1573596162307
508.443663587773 314.954277278918 507 1573596162307
508.316938081099 315.215603768484 521 1573596162322
508.264515614722 315.503237347905 521 1573596162322
508.212093148344 315.790870927326 521 1573596162322
508.159670681967 316.078504506747 521 1573596162322
508.107248215589 316.366138086168 521 1573596162322
508.054825749212 316.653771665589 521 1573596162322
508.002403282835 316.94140524501 521 1573596162322
507.949980816457 317.229038824431 521 1573596162322
507.89755835008 317.516672403852 521 1573596162322
507.845135883703 317.804305983273 521 1573596162322
507.792713417325 318.091939562694 521 1573596162322
507.683769026087 318.362319041488 516 1573596162330
507.566615273378 318.63019249896 516 1573596162330
507.44946152067 318.898065956432 516 1573596162330
507.426793255443 319.185697425128 508 1573596162345
507.426793255443 319.478069090978 508 1573596162345
507.426793255443 319.770440756828 508 1573596162345
507.470369637895 320.055117897795 506 1573596162352
507.570499099264 320.329809146214 506 1573596162352
507.77685730315 320.506375984343 507 1573596162360
508.046741990362 320.617432278171 507 1573596162367
508.326400611552 320.70270974639 507 1573596162367
508.610671085978 320.757051496348 507 1573596162382
508.903042751828 320.757051496348 507 1573596162382
509.195414417678 320.757051496348 507 1573596162382
509.411139322525 320.570793875272 506 1573596162405
509.618830376267 320.365013367965 506 1573596162405
509.826521430009 320.159232860659 506 1573596162405
510.034212483751 319.953452353353 506 1573596162405
510.241903537493 319.747671846047 506 1573596162405
510.449594591235 319.541891338741 506 1573596162405
510.657285644977 319.336110831435 506 1573596162405
510.864976698718 319.130330324129 506 1573596162405
511.07266775246 318.924549816822 506 1573596162405
511.280358806202 318.718769309516 506 1573596162405
511.465553296632 318.494241480095 500 1573596162412
511.63051022389 318.252848847354 500 1573596162412
511.795467151148 318.011456214614 500 1573596162412
511.960424078405 317.770063581874 500 1573596162412
512.125381005663 317.528670949133 500 1573596162412
512.28504054292 317.28455741571 498 1573596162435
512.38516157712 317.009863095597 498 1573596162435
512.485282611319 316.735168775484 498 1573596162435
512.585403645519 316.460474455371 498 1573596162435
512.685524679719 316.185780135258 498 1573596162435
512.785645713918 315.911085815144 498 1573596162435
512.885766748118 315.636391495031 498 1573596162435
512.985887782318 315.361697174918 498 1573596162435
513.086008816517 315.087002854805 498 1573596162435
513.186129850717 314.812308534692 498 1573596162435
513.286250884917 314.537614214579 498 1573596162435
513.386371919116 314.262919894466 498 1573596162435
513.486492953316 313.988225574353 498 1573596162435
513.586613987516 313.71353125424 498 1573596162435
513.686735021716 313.438836934127 498 1573596162435
513.713947521086 313.151269900626 497 1573596162442
513.713947521086 312.858898234776 497 1573596162442
513.713947521086 312.566526568927 497 1573596162442
513.686445273584 312.27784677581 499 1573596162450
513.609339399872 311.995825721222 499 1573596162450
513.52855858549 311.716049891537 500 1573596162457
513.312810408381 311.518733102931 500 1573596162457
513.06938048604 311.392700892487 516 1573596162472
512.777008820191 311.392700892487 516 1573596162472
512.493859190986 311.444750259102 513 1573596162480
512.219285237878 311.545200919957 513 1573596162480
511.94471128477 311.645651580812 513 1573596162480
511.692174807197 311.777145528598 532 1573596162495
511.506782464127 312.003222661724 532 1573596162495
511.321390121057 312.22929979485 532 1573596162495
511.135997777987 312.455376927976 532 1573596162495
510.950605434916 312.681454061102 532 1573596162495
510.765213091846 312.907531194229 532 1573596162495
510.579820748776 313.133608327355 532 1573596162495
510.394428405705 313.359685460481 532 1573596162495
510.209036062635 313.585762593607 532 1573596162495
510.017571778984 313.806589975767 528 1573596162503
509.820652092719 314.022700660724 528 1573596162503
509.623732406453 314.238811345681 528 1573596162503
509.426812720187 314.454922030638 528 1573596162503
509.229893033922 314.671032715596 528 1573596162503
509.068254390884 314.914514681652 528 1573596162510
508.907866233193 315.158966783022 528 1573596162510
508.747478075502 315.403418884391 528 1573596162510
508.656893472066 315.674767754055 528 1573596162518
508.611781338368 315.963638116649 528 1573596162518
508.566669204671 316.252508479242 528 1573596162518
508.521557070974 316.541378841836 528 1573596162518
508.504608750036 316.832435091933 525 1573596162525
508.504608750036 317.124806757783 525 1573596162525
508.30209611586 316.957530976474 520 1573596162533
508.086347938751 316.760214187868 520 1573596162533
507.870599761642 316.562897399262 520 1573596162533
507.880287261291 316.636382759252 521 1573596162540
508.035212341211 316.884333178899 521 1573596162540
508.190137421131 317.132283598546 521 1573596162540
508.345062501052 317.380234018194 521 1573596162540
508.499987580972 317.628184437841 521 1573596162540
508.64065530958 317.884476053551 518 1573596162555
508.86752149516 318.047969022952 518 1573596162563
509.142374703994 318.128417874159 514 1573596162570
509.431849646094 318.115115441315 502 1573596162578
509.697748696094 317.993546998861 502 1573596162578
509.978145960703 317.914754806693 482 1573596162585
510.263165267434 317.849599716465 482 1573596162585
510.538983378652 317.762504470595 485 1573596162600
510.785216648691 317.604864476565 485 1573596162600
511.031449918729 317.447224482534 485 1573596162600
511.277683188767 317.289584488504 485 1573596162600
511.523916458805 317.131944494474 485 1573596162600
511.770149728844 316.974304500443 485 1573596162600
512.016382998882 316.816664506413 485 1573596162600
512.26261626892 316.659024512383 485 1573596162600
512.444278781206 316.431162364423 472 1573596162615
512.62197671011 316.198988642709 472 1573596162615
512.799674639015 315.966814920994 472 1573596162615
512.977372567919 315.73464119928 472 1573596162615
513.155070496824 315.502467477566 472 1573596162615
513.332768425728 315.270293755851 472 1573596162615
513.510466354632 315.038120034137 472 1573596162615
513.641722390241 314.777742929561 478 1573596162630
513.765792452879 314.513001904126 478 1573596162630
513.889862515517 314.24826087869 478 1573596162630
514.013932578155 313.983519853255 478 1573596162630
513.999976956714 313.723068544381 478 1573596162638
513.82939626769 313.499103811882 482 1573596162645
513.56349721769 313.377535369428 482 1573596162645
513.274034650277 313.364176109128 502 1573596162653
512.982499440725 313.368897085866 535 1573596162660
512.707925487617 313.469347746722 535 1573596162660
512.433351534509 313.569798407577 535 1573596162660
512.158777581401 313.670249068432 535 1573596162660
511.874094956677 313.73356882262 545 1573596162668
511.586493479876 313.786167126143 545 1573596162668
511.298892003074 313.838765429665 545 1573596162668
511.052791642582 313.979680989472 544 1573596162683
510.828738301625 314.167514137232 544 1573596162683
510.604684960667 314.355347284992 544 1573596162683
510.38063161971 314.543180432752 544 1573596162683
510.156578278753 314.731013580512 544 1573596162683
509.932524937795 314.918846728272 544 1573596162683
509.708471596838 315.106679876033 544 1573596162683
509.48441825588 315.294513023793 544 1573596162683
509.260364914923 315.482346171553 544 1573596162683
509.038815080677 315.672277957918 573 1573596162705
508.892985911571 315.925684833179 573 1573596162705
508.747156742465 316.17909170844 573 1573596162705
508.601327573359 316.4324985837 573 1573596162705
508.455498404253 316.685905458961 573 1573596162705
508.309669235147 316.939312334222 573 1573596162705
508.163840066041 317.192719209483 573 1573596162705
508.018010896935 317.446126084744 573 1573596162705
507.872181727828 317.699532960004 573 1573596162705
507.726352558722 317.952939835265 573 1573596162705
507.580523389616 318.206346710526 573 1573596162705
507.43469422051 318.459753585787 573 1573596162705
507.288865051404 318.713160461048 573 1573596162705
507.14703542608 318.968810875074 570 1573596162713
507.128373849137 319.225358945037 558 1573596162720
507.287791732791 319.461296973074 485 1573596162728
507.553690782791 319.582865415529 485 1573596162728
507.830625831144 319.538664247619 432 1573596162735
508.110293524936 319.453416537733 432 1573596162735
508.371986497777 319.324281810379 383 1573596162743
508.631104521114 319.188860095084 383 1573596162743
508.890222544451 319.05343837979 383 1573596162743
509.149340567789 318.918016664495 383 1573596162743
509.408174991356 318.782105904176 231 1573596162750
509.654410991995 318.624470175417 231 1573596162750
509.900646992633 318.466834446658 231 1573596162750
510.146882993271 318.3091987179 231 1573596162750
510.39311899391 318.151562989141 231 1573596162750
510.639354994548 317.993927260382 231 1573596162750
510.885590995186 317.836291531624 231 1573596162750
511.131826995824 317.678655802865 231 1573596162750
511.363986060663 317.50155041509 40 1573596162758
511.590852109979 317.317124314282 40 1573596162758
511.817718159295 317.132698213474 40 1573596162758
512.044584208611 316.948272112666 40 1573596162758
512.271450257928 316.763846011858 40 1573596162758
512.498316307244 316.57941991105 40 1573596162758
512.72518235656 316.394993810242 40 1573596162758
559.520043917732 314.514171983799 142 1573596163393
559.3763894338 314.284259631367 238 1573596163401
559.232734949869 314.054347278936 238 1573596163401
559.089080465937 313.824434926505 238 1573596163401
558.945425982006 313.594522574074 238 1573596163401
558.801771498074 313.364610221643 238 1573596163401
558.671717892661 313.126740739457 334 1573596163408
558.679157926322 313.192719852681 361 1573596163416
558.771982260765 313.447435269351 361 1573596163416
558.700081910276 313.373840168855 372 1573596163423
558.551374999741 313.147162963752 372 1573596163423
558.402668089207 312.920485758649 372 1573596163423
558.250969103211 312.696355952965 398 1573596163431
558.050916322488 312.513393701451 398 1573596163431
557.832221095029 312.378438500807 440 1573596163438
557.561119083686 312.378438500807 440 1573596163438
557.457091828075 312.139729332269 462 1573596163446
557.363883711432 311.885783210719 525 1573596163476
557.104558671924 311.964820065654 525 1573596163476
556.845233632415 312.043856920589 525 1573596163476
556.739774190642 312.28523410722 540 1573596163491
556.646960274999 312.539953320506 540 1573596163491
556.389480698905 312.464556908351 542 1573596163498
556.130166874929 312.385483263887 542 1573596163498
555.961592182952 312.577992448097 551 1573596163513
555.801892204488 312.797063709181 551 1573596163513
555.584770679026 312.945837601154 549 1573596163521
555.353456344067 313.078357959322 547 1573596163528
555.181555407066 313.287991850696 547 1573596163528
555.009654470066 313.49762574207 547 1573596163528
554.84469995702 313.710848372242 548 1573596163536
554.773197089699 313.972351030965 548 1573596163536
554.701694222378 314.233853689687 548 1573596163536
554.597616245259 314.482208943873 545 1573596163543
554.467569271574 314.72008303912 545 1573596163543
554.337522297889 314.957957134367 545 1573596163543
554.310705146682 315.222207175033 541 1573596163551
554.310705146682 315.493309186376 541 1573596163551
554.310705146682 315.764411197719 536 1573596163566
554.310705146682 316.035513209061 536 1573596163566
554.310705146682 316.306615220404 536 1573596163566
554.310705146682 316.577717231747 536 1573596163566
554.310705146682 316.848819243089 536 1573596163566
554.378581994194 317.102578242672 537 1573596163573
554.508628967879 317.340452337919 537 1573596163573
554.638675941564 317.578326433165 537 1573596163573
554.768722915249 317.454960281659 536 1573596163581
554.898769888934 317.217086186413 536 1573596163581
555.028816862619 316.979212091166 536 1573596163581
555.18840513366 317.196775255512 535 1573596163588
555.348091852226 317.415856182267 535 1573596163588
555.590986224204 317.471322138686 540 1573596163603
555.862088235546 317.471322138686 540 1573596163603
556.133190246889 317.471322138686 540 1573596163603
556.404292258232 317.471322138686 540 1573596163603
556.675394269575 317.471322138686 540 1573596163603
556.935540688807 317.421020224675 538 1573596163611
557.182087800113 317.308277941299 538 1573596163611
557.428634911419 317.195535657923 538 1573596163611
557.662960277879 317.061200959781 539 1573596163626
557.886522943771 316.907851571216 539 1573596163626
558.110085609663 316.754502182651 539 1573596163626
558.333648275555 316.601152794086 539 1573596163626
558.557210941447 316.447803405521 539 1573596163626
558.780773607339 316.294454016955 539 1573596163626
559.004336273232 316.14110462839 539 1573596163626
559.227898939124 315.987755239825 539 1573596163626
559.451461605016 315.83440585126 539 1573596163626
559.675024270908 315.681056462695 539 1573596163626
559.877666231475 315.501355521363 541 1573596163641
560.077719012197 315.318393269848 541 1573596163641
560.27777179292 315.135431018334 541 1573596163641
560.477824573643 314.952468766819 541 1573596163641
560.677877354365 314.769506515305 541 1573596163641
560.877930135088 314.58654426379 541 1573596163641
561.07798291581 314.403582012276 541 1573596163641
561.278035696533 314.220619760761 541 1573596163641
561.391413523686 313.979650252378 540 1573596163649
561.484269119692 313.724946230336 540 1573596163649
561.728976335251 313.650131794563 540 1573596163656
561.995651888942 313.601341942982 540 1573596163656
562.262327442634 313.552552091401 540 1573596163656
562.375588115998 313.392605485766 542 1573596163664
562.338881370517 313.123999984351 542 1573596163664
562.302174625035 312.855394482937 542 1573596163664
562.265467879554 312.586788981522 542 1573596163664
562.228761134072 312.318183480107 542 1573596163664
562.157652591071 312.058094518847 544 1573596163671
562.064807416444 311.8033866978 544 1573596163671
561.867801540834 311.64489301915 573 1573596163679
561.631499082123 311.516682619355 606 1573596163686
561.4314463014 311.333720367841 606 1573596163686
561.201226507496 311.228442626137 636 1573596163701
560.930124496153 311.228442626137 636 1573596163701
560.65902248481 311.228442626137 636 1573596163701
560.387920473468 311.228442626137 636 1573596163701
560.132869474969 311.168015807901 631 1573596163709
559.897502811912 311.033483899137 631 1573596163709
559.662136148856 310.898951990373 631 1573596163709
559.426769485799 310.76442008161 631 1573596163709
559.191402822742 310.629888172846 631 1573596163709
558.956036159685 310.495356264083 631 1573596163709
558.769616704507 310.494499598371 627 1573596163716
558.676776738756 310.749209318078 627 1573596163716
558.583936773006 311.003919037786 627 1573596163716
558.491096807255 311.258628757493 627 1573596163716
558.337956966629 311.467630127065 618 1573596163739
558.117802082693 311.625832932454 618 1573596163739
557.897647198757 311.784035737844 618 1573596163739
557.677492314821 311.942238543234 618 1573596163739
557.457337430885 312.100441348624 618 1573596163739
557.237182546949 312.258644154014 618 1573596163739
557.017027663013 312.416846959403 618 1573596163739
556.796872779077 312.575049764793 618 1573596163739
556.576717895141 312.733252570183 618 1573596163739
556.356563011205 312.891455375573 618 1573596163739
556.136408127269 313.049658180963 618 1573596163739
555.919313219814 313.210941708554 616 1573596163746
555.759626501251 313.430022635311 616 1573596163746
555.599939782687 313.649103562068 616 1573596163746
555.481130412021 313.89164811875 614 1573596163754
555.372492483732 314.140031091377 614 1573596163754
555.263854555443 314.388414064005 614 1573596163754
555.25469266531 314.639917697482 610 1573596163769
555.347548261316 314.894621719524 610 1573596163769
555.500300459502 315.109239910018 607 1573596163776
555.700353240224 315.292202161533 607 1573596163776
555.900406020945 315.475164413048 607 1573596163776
556.13299646924 315.612681027454 550 1573596163791
556.370660916645 315.743110744137 550 1573596163791
556.608325364049 315.87354046082 550 1573596163791
556.848867021319 315.992747061243 556 1573596163806
557.119969032662 315.992747061243 556 1573596163806
557.391071044004 315.992747061243 556 1573596163806
557.662173055347 315.992747061243 556 1573596163806
557.93327506669 315.992747061243 556 1573596163806
558.204377078032 315.992747061243 556 1573596163806
558.45619905552 315.904226554218 550 1573596163821
558.702744811343 315.791481306691 550 1573596163821
558.949290567165 315.678736059163 550 1573596163821
559.195836322988 315.565990811636 550 1573596163821
559.44238207881 315.453245564109 550 1573596163821
559.688927834633 315.340500316581 550 1573596163821
559.935473590455 315.227755069054 550 1573596163821
560.182019346278 315.115009821527 550 1573596163821
560.426141238482 314.998827879902 524 1573596163836
560.615092457532 314.804421765353 524 1573596163836
560.804043676581 314.610015650805 524 1573596163836
560.99299489563 314.415609536256 524 1573596163836
561.181946114679 314.221203421708 524 1573596163836
561.370897333729 314.026797307159 524 1573596163836
561.559848552778 313.83239119261 524 1573596163836
561.748799771827 313.637985078062 524 1573596163836
561.900168298415 313.418948282924 527 1573596163851
562.003016521245 313.168112592451 527 1573596163851
562.105864744075 312.917276901979 527 1573596163851
562.208712966904 312.666441211506 527 1573596163851
562.311561189734 312.415605521034 527 1573596163851
562.358991185264 312.173984656695 555 1573596163874
562.180504543107 311.969928735131 555 1573596163874
562.002017900949 311.765872813567 555 1573596163874
561.823531258792 311.561816892003 555 1573596163874
561.62918634722 311.392700892487 563 1573596163881
561.358084335877 311.392700892487 563 1573596163881
561.115270494395 311.503044396793 588 1573596163896
560.877606046991 311.633474113476 588 1573596163896
560.639941599586 311.763903830159 588 1573596163896
560.404795324097 311.897850698979 600 1573596163904
560.204742543375 312.080812950494 600 1573596163904
560.004689762653 312.263775202009 600 1573596163904
559.838761718767 312.471158702722 599 1573596163911
559.730123790478 312.719541675349 599 1573596163911
559.621485862189 312.967924647976 599 1573596163911
559.503713074033 313.207323021742 596 1573596163919
559.257165962727 313.320065305118 596 1573596163919
559.010618851421 313.432807588494 596 1573596163919
558.781760618589 313.564547817378 594 1573596163934
558.651732742463 313.802432352362 594 1573596163934
558.722092335577 314.040316887345 595 1573596163941
558.897484409795 314.229476519003 564 1573596163964
559.144039653306 314.342201017013 564 1573596163964
559.390594896816 314.244776579726 520 1573596163979
559.581803194025 314.07260488059 469 1573596163986
559.71839341978 313.839867360495 338 1573596163994
559.918446200502 313.65690510898 338 1573596163994
560.097654888273 313.457591611313 111 1573596164001
560.227720956999 313.219727956418 111 1573596164001
537.604941863047 353.285640530038 159 1573596164987
537.488817208594 353.015115480089 402 1573596165010
537.19992104019 352.888323321082 483 1573596165025
536.892221268129 352.794495147927 483 1573596165025
536.570795321091 352.79274039084 515 1573596165032
536.261196817251 352.87384197888 585 1573596165047
535.965211039475 352.985160949345 585 1573596165070
535.76123472105 353.233910898742 585 1573596165070
535.557258402624 353.48266084814 585 1573596165070
535.356095075675 353.733662081163 579 1573596165085
535.15808961765 353.987190608938 579 1573596165085
534.960084159624 354.240719136713 579 1573596165085
534.762078701598 354.494247664488 579 1573596165085
534.564073243572 354.747776192263 579 1573596165085
534.438827189383 355.043254126341 575 1573596165100
534.318626166733 355.341640771414 575 1573596165100
534.198425144083 355.640027416487 575 1573596165100
534.078224121434 355.93841406156 575 1573596165100
533.958023098784 356.236800706632 575 1573596165100
533.837822076134 356.535187351705 575 1573596165100
533.717621053485 356.833573996778 575 1573596165100
533.597420030835 357.131960641851 575 1573596165100
533.477219008185 357.430347286923 575 1573596165100
533.357017985536 357.728733931996 575 1573596165100
533.334032920745 358.032773422508 572 1573596165107
533.418840033284 358.343080737064 572 1573596165107
533.473418586591 358.657444408709 569 1573596165115
533.473418586591 358.979131952459 569 1573596165115
533.521847004517 359.288443624216 568 1573596165122
533.688608747554 359.560942879925 565 1573596165137
533.925989825372 359.778044468353 565 1573596165137
534.187083455336 359.963574193894 541 1573596165145
534.461739546288 360.131046303532 541 1573596165145
534.711266395029 360.0392550409 513 1573596165160
534.948647472847 359.822153452472 513 1573596165160
535.186028550664 359.605051864044 513 1573596165160
535.44753383651 359.636844511024 515 1573596165167
535.722189927463 359.804316620661 515 1573596165167
535.942622024503 359.682001830899 516 1573596165182
536.138142288746 359.426551831733 516 1573596165182
536.333662552989 359.171101832567 516 1573596165182
536.529182817232 358.915651833401 516 1573596165182
536.724703081476 358.660201834235 516 1573596165182
536.920223345719 358.404751835068 516 1573596165182
537.105272219482 358.142489365069 515 1573596165190
537.259577396357 357.860225679496 515 1573596165190
537.413882573232 357.577961993923 515 1573596165190
537.568187750108 357.29569830835 515 1573596165190
537.68887929045 356.998224245387 517 1573596165197
537.784612040858 356.693442786832 517 1573596165205
537.784612040858 356.371755243082 517 1573596165205
537.718609582362 356.061722121535 520 1573596165212
537.608440218339 355.759487796822 520 1573596165212
537.671497375319 355.445611849882 519 1573596165220
537.740235625257 355.131354107257 519 1573596165220
537.757692416503 354.817686770105 516 1573596165235
537.681737221931 354.505094888859 516 1573596165235
537.605782027358 354.192503007612 516 1573596165235
537.529826832786 353.879911126366 516 1573596165235
537.453871638213 353.567319245119 516 1573596165235
537.242675645701 353.366384972281 515 1573596165243
536.938570926558 353.285640530038 514 1573596165250
536.630028892435 353.332449762975 512 1573596165265
536.355372801483 353.499921872613 512 1573596165265
536.092547575098 353.683147118452 534 1573596165280
535.855152750056 353.900233674569 534 1573596165280
535.628981051671 354.122265368528 535 1573596165303
535.628981051671 354.443952912278 535 1573596165303
535.628981051671 354.765640456028 535 1573596165303
535.628981051671 355.087327999778 535 1573596165303
535.628981051671 355.409015543528 535 1573596165303
535.628981051671 355.730703087277 535 1573596165303
535.628981051671 356.052390631027 535 1573596165303
535.628981051671 356.374078174777 535 1573596165303
535.875495263405 356.557342381289 533 1573596165310
536.15016081895 356.724798967906 533 1573596165310
536.389953032437 356.938690082645 533 1573596165318
536.657002265427 357.103774963343 532 1573596165325
536.964712019793 357.19757039432 532 1573596165325
537.281795426674 357.228465623171 527 1573596165340
537.603482970424 357.228465623171 527 1573596165340
537.841246388446 357.01234861718 507 1573596165363
538.031983716387 356.760433426241 509 1573596165378
538.172590223662 356.471101979773 509 1573596165378
538.313196730937 356.181770533304 509 1573596165378
538.453803238211 355.892439086835 509 1573596165378
538.594409745486 355.603107640366 509 1573596165378
538.714280218107 355.305980906077 508 1573596165385
538.799094856834 354.99567564853 508 1573596165385
538.840810439467 354.685369868319 511 1573596165393
538.756003326927 354.375062553764 511 1573596165393
538.650396903868 354.077461304994 513 1573596165400
538.41301582605 353.860359716566 513 1573596165400
538.158255638356 353.665149493341 512 1573596165408
537.892971617493 353.483195476956 512 1573596165408
537.62768759663 353.301241460571 512 1573596165408
537.314193586406 353.329953164795 525 1573596165415
536.996178345384 353.378421528514 525 1573596165415
536.678163104362 353.426889892233 525 1573596165415
536.365562876503 353.499173388598 624 1573596165423
536.057856449257 353.592979733989 624 1573596165423
535.750150022011 353.686786079379 624 1573596165423
535.442785133016 353.78149326556 622 1573596165430
535.150231026545 353.915265350056 622 1573596165430
534.857676920074 354.049037434553 622 1573596165430
534.565122813603 354.18280951905 622 1573596165430
534.293366532831 354.347040253662 617 1573596165445
534.062274896716 354.570824818638 617 1573596165445
533.831183260602 354.794609383615 617 1573596165445
533.600091624487 355.018393948591 617 1573596165445
533.368999988373 355.242178513567 617 1573596165445
533.137908352258 355.465963078544 617 1573596165445
532.906816716144 355.68974764352 617 1573596165445
532.675725080029 355.913532208497 617 1573596165445
532.444633443915 356.137316773473 617 1573596165445
532.2135418078 356.36110133845 617 1573596165445
531.982450171686 356.584885903426 617 1573596165445
531.751358535571 356.808670468403 617 1573596165445
531.520266899457 357.032455033379 617 1573596165445
531.297405446443 357.262754910303 615 1573596165453
531.132627254215 357.539035606642 615 1573596165453
530.967849061986 357.815316302981 615 1573596165453
530.803070869758 358.091596999321 615 1573596165453
530.63829267753 358.36787769566 615 1573596165453
530.473514485302 358.644158392 615 1573596165453
530.308736293073 358.920439088339 615 1573596165453
530.190582098355 359.216558781244 597 1573596165468
530.105762441136 359.526862667061 597 1573596165468
530.020942783917 359.837166552878 597 1573596165468
529.936123126698 360.147470438695 597 1573596165468
529.851303469479 360.457774324512 597 1573596165468
529.76648381226 360.768078210329 597 1573596165468
529.74473587272 361.066806224909 518 1573596165475
529.934218894297 361.326765953209 518 1573596165475
530.152138759245 361.55584672006 410 1573596165483
530.426794850198 361.723318829697 410 1573596165483
530.718940890897 361.828511791927 270 1573596165490
531.040628434647 361.828511791927 270 1573596165490
531.362315978397 361.828511791927 270 1573596165490
END STROKE
===NOTES===
Great Job
