1.00
USERID - 01/01/2000 01:00:00 AM - F - HS - EN - N/A
11/13/2019 10:52:8:138
11/13/2019 10:52:52:906
355.853016393972 151.469749471947 115 1573663971997
354.984698399708 151.174177255977 530 1573663972102
354.715285447973 155.138092855965 574 1573663972140
354.909445278361 159.133377822055 574 1573663972140
355.094360926853 163.129094529065 637 1573663972185
355.273426160784 167.125084474247 637 1573663972185
355.452491394715 171.121074419429 637 1573663972185
355.631556628646 175.117064364612 637 1573663972185
355.810621862577 179.113054309794 637 1573663972185
356.010518312905 183.108039477502 663 1573663972222
356.216876496736 187.102712968536 663 1573663972222
356.423234680568 191.097386459569 663 1573663972222
356.629592864399 195.092059950603 663 1573663972222
356.83595104823 199.086733441636 663 1573663972222
357.049330618107 203.081035548921 676 1573663972252
357.265527233084 207.075188653607 676 1573663972252
357.481723848062 211.069341758293 676 1573663972252
357.697920463039 215.063494862979 676 1573663972252
358.202581067269 219.026926656687 675 1573663972267
358.832444308406 222.97702441465 675 1573663972267
359.115856773506 226.962359971137 686 1573663972282
359.294200050037 230.958382202772 686 1573663972282
359.249687507765 234.956768568111 681 1573663972350
359.156157274317 238.955674930535 681 1573663972350
359.062627040869 242.954581292958 681 1573663972350
358.969096807421 246.953487655382 681 1573663972350
358.875566573973 250.952394017805 681 1573663972350
358.782036340525 254.951300380229 681 1573663972350
358.688506107077 258.950206742652 681 1573663972350
358.726837828892 262.946654406236 678 1573663972365
358.96937848528 266.939294388754 678 1573663972365
359.061331761503 270.938119821694 691 1573663972387
359.147054973881 274.937201157558 691 1573663972387
359.546115588915 278.916380188447 689 1573663972402
359.812067914881 282.906212168165 687 1573663972433
360.010616664768 286.90128142838 687 1573663972433
360.24192835609 290.892861082395 687 1573663972463
360.889323474487 294.84012336918 687 1573663972463
361.536718592884 298.787385655965 687 1573663972463
362.409024737806 302.687606906079 686 1573663972478
363.38972600629 306.565509866632 682 1573663972493
364.359609651098 310.446144571875 682 1573663972493
364.646289308038 314.435666969372 683 1573663972515
364.949203229549 318.423965217589 678 1573663972530
365.534506357289 322.369262173648 676 1573663972538
365.91712085928 326.335777881568 678 1573663972553
366.423135592686 330.293522926087 677 1573663972575
366.940104069193 334.230445427437 680 1573663972590
367.66232661159 338.150803849823 680 1573663972613
368.009667058981 342.123839064591 677 1573663972643
368.704735914478 346.045632695269 663 1573663972688
368.872777228034 350.042101401132 663 1573663972688
369.051622152735 353.953657951247 656 1573663972733
369.812633914523 357.812929485591 655 1573663972823
370.352652267825 361.741217876168 656 1573663972906
END STROKE
===NOTES===
Great Job
