1.00
USERID - 01/01/2000 01:00:00 AM - F - HS - EN - N/A
11/14/2019 12:59:1:932
11/14/2019 13:1:9:2
322.466910580025 601.247122227137 475 1573758086564
323.373790067074 600.614657747735 795 1573758086639
324.858314524406 598.731480503332 817 1573758086677
326.549404170687 597.013043319125 817 1573758086677
328.395713714145 595.463943379592 822 1573758086692
330.254498295767 593.928453090809 822 1573758086692
332.113282877389 592.392962802026 822 1573758086692
333.972067459012 590.857472513242 822 1573758086692
335.871020986737 589.376689819808 844 1573758086714
337.892654987725 588.062990267447 844 1573758086714
339.914288988713 586.749290715085 844 1573758086714
341.9359229897 585.435591162723 844 1573758086714
343.957556990688 584.121891610362 844 1573758086714
345.979190991676 582.808192058 844 1573758086714
348.000824992663 581.494492505639 844 1573758086714
350.022458993651 580.180792953277 844 1573758086714
352.044092994639 578.867093400915 844 1573758086714
354.065726995627 577.553393848554 844 1573758086714
END STROKE
386.433136483115 655.643432234472 589 1573758087360
385.153857340345 653.508564854376 844 1573758087427
386.80082162963 651.442447065519 847 1573758087457
388.599650226686 649.468244943451 847 1573758087457
390.398478823741 647.494042821383 847 1573758087457
392.197307420797 645.519840699315 847 1573758087457
393.996136017852 643.545638577247 847 1573758087457
395.794964614907 641.571436455179 847 1573758087457
397.593793211963 639.59723433311 847 1573758087457
399.480735020669 637.708004128485 848 1573758087487
401.388365240778 635.838724779729 848 1573758087487
403.295995460888 633.969445430972 848 1573758087487
405.203625680998 632.100166082216 848 1573758087487
407.111255901107 630.23088673346 848 1573758087487
409.018886121217 628.361607384703 848 1573758087487
410.926516341326 626.492328035947 848 1573758087487
412.834146561436 624.623048687191 848 1573758087487
END STROKE
464.146544333103 702.855168808682 412 1573758088100
464.312229687333 702.249218834012 807 1573758088168
465.716714830885 700.136227532972 824 1573758088183
467.894017288901 698.68868761512 845 1573758088205
470.133149643873 697.323473380018 845 1573758088205
472.372281998845 695.958259144917 845 1573758088205
474.611414353817 694.593044909815 845 1573758088205
476.767425404063 693.11628881735 847 1573758088228
478.71582837073 691.360939994383 847 1573758088228
480.664231337397 689.605591171417 847 1573758088228
482.612634304064 687.85024234845 847 1573758088228
484.561037270731 686.094893525484 847 1573758088228
486.509440237398 684.339544702518 847 1573758088228
488.457843204065 682.584195879551 847 1573758088228
490.406246170732 680.828847056585 847 1573758088228
END STROKE
531.75999924623 768.541229142919 486 1573758088925
533.311139751631 767.041181521641 793 1573758088970
534.532102437511 765.254600519713 793 1573758088970
536.02683486868 763.690989422741 825 1573758088985
537.529290434414 762.133668380131 825 1573758088985
539.020037401239 760.565526659578 846 1573758089023
540.454282485306 758.945167873508 846 1573758089023
541.888527569373 757.324809087438 846 1573758089023
543.32277265344 755.704450301368 846 1573758089023
544.757017737507 754.084091515298 846 1573758089023
546.191262821574 752.463732729228 846 1573758089023
547.625507905641 750.843373943158 846 1573758089023
549.059752989708 749.223015157088 846 1573758089023
550.493998073775 747.602656371018 846 1573758089023
551.928243157842 745.982297584948 846 1573758089023
553.362488241909 744.361938798878 846 1573758089023
554.796733325976 742.741580012808 846 1573758089023
556.230978410043 741.121221226738 846 1573758089023
557.66522349411 739.500862440668 846 1573758089023
559.099468578177 737.880503654598 846 1573758089023
560.533713662244 736.260144868528 846 1573758089023
END STROKE
579.734668673548 799.33157298334 497 1573758089593
580.090296127244 798.912340070037 840 1573758089669
581.472208131938 797.755685153908 850 1573758089684
582.977083949022 796.746392796131 850 1573758089684
584.481959766105 795.737100438355 850 1573758089684
585.94374633614 794.673500970613 849 1573758089721
587.268728065553 793.437480863564 849 1573758089721
588.593709794967 792.201460756516 849 1573758089721
589.91869152438 790.965440649467 849 1573758089721
591.243673253794 789.729420542418 849 1573758089721
592.568654983207 788.493400435369 849 1573758089721
593.893636712621 787.257380328321 849 1573758089721
595.218618442034 786.021360221272 849 1573758089721
596.543600171448 784.785340114223 849 1573758089721
597.868581900862 783.549320007175 849 1573758089721
599.193563630275 782.313299900126 849 1573758089721
600.518545359689 781.077279793077 849 1573758089721
601.843527089102 779.841259686028 849 1573758089721
603.168508818516 778.60523957898 849 1573758089721
604.493490547929 777.369219471931 849 1573758089721
605.818472277343 776.133199364882 849 1573758089721
607.143454006756 774.897179257834 849 1573758089721
END STROKE
356.087360996614 576.239694296192 844 1573758086714
358.005158501895 574.783164595678 844 1573758086744
359.878386078679 573.265327650088 844 1573758086744
361.751613655464 571.747490704499 844 1573758086744
363.624841232249 570.229653758909 844 1573758086744
365.498068809034 568.711816813319 844 1573758086744
367.371296385819 567.193979867729 844 1573758086744
369.244523962604 565.676142922139 844 1573758086744
371.117751539388 564.15830597655 844 1573758086744
372.990979116173 562.64046903096 844 1573758086744
374.864206692958 561.12263208537 844 1573758086744
376.737434269743 559.60479513978 844 1573758086744
378.610661846527 558.08695819419 844 1573758086744
380.483889423312 556.5691212486 844 1573758086744
382.357117000097 555.05128430301 844 1573758086744
384.230344576882 553.533447357421 844 1573758086744
386.103572153667 552.015610411831 844 1573758086744
387.976799730451 550.497773466241 844 1573758086744
389.758812857286 548.877289546868 843 1573758086767
391.486301717174 547.195447465463 843 1573758086767
393.213790577063 545.513605384057 843 1573758086767
394.941279436951 543.831763302652 843 1573758086767
396.66876829684 542.149921221247 843 1573758086767
396.163547483278 542.030082832293 538 1573758086797
394.083031827844 543.247950051548 92 1573758086804
END STROKE
414.741776781545 622.753769338434 848 1573758087487
416.649407001655 620.884489989678 848 1573758087487
418.557037221765 619.015210640922 848 1573758087487
420.464667441874 617.145931292165 848 1573758087487
422.372297661984 615.276651943409 848 1573758087487
424.279927882093 613.407372594652 848 1573758087487
426.244266332878 611.600778237975 847 1573758087517
428.294712956377 609.889367420976 847 1573758087517
430.345159579877 608.177956603977 847 1573758087517
432.395606203377 606.466545786978 847 1573758087517
434.446052826877 604.755134969979 847 1573758087517
436.496499450376 603.04372415298 847 1573758087517
438.546946073876 601.332313335981 847 1573758087517
440.597392697376 599.620902518982 847 1573758087517
442.647839320875 597.909491701983 847 1573758087517
444.698285944375 596.198080884984 847 1573758087517
446.748732567875 594.486670067985 847 1573758087517
448.799179191374 592.775259250986 847 1573758087517
450.849625814874 591.063848433987 847 1573758087517
452.900072438374 589.352437616988 847 1573758087517
454.991238474103 587.694115041952 766 1573758087532
457.175635220072 586.157342711201 766 1573758087532
459.360031966041 584.62057038045 766 1573758087532
461.54442871201 583.083798049699 766 1573758087532
END STROKE
356.639337800399 578.255554361593 846 1573758069002
359.770020561684 580.745298414341 846 1573758069002
362.904350959695 583.230448194194 847 1573758069017
366.03905529516 585.71512699219 847 1573758069017
369.180661559526 588.190984530791 847 1573758069039
372.346449272766 590.635936095689 847 1573758069039
375.512236986005 593.080887660588 847 1573758069039
378.678024699245 595.525839225487 847 1573758069039
381.84862489623 597.964504712293 847 1573758069062
385.034968657848 600.382605916296 847 1573758069062
388.221312419466 602.800707120299 847 1573758069062
391.407656181084 605.218808324301 847 1573758069062
394.576146985411 607.65871996853 847 1573758069077
397.576154538318 610.304462715378 847 1573758069077
400.576162091226 612.950205462226 847 1573758069077
403.659723353848 615.49435641998 848 1573758069092
406.834776068487 617.927264198599 848 1573758069092
410.009828783126 620.360171977217 848 1573758069092
413.178530797312 622.801261680004 848 1573758069114
END STROKE
492.354649137399 679.073498233618 847 1573758088228
494.303052104066 677.318149410652 847 1573758088228
496.202081856819 675.510313985123 844 1573758088265
498.073150248844 673.672754004287 844 1573758088265
499.944218640869 671.83519402345 844 1573758088265
501.815287032893 669.997634042614 844 1573758088265
503.686355424918 668.160074061777 844 1573758088265
505.557423816943 666.322514080941 844 1573758088265
507.428492208968 664.484954100104 844 1573758088265
509.299560600993 662.647394119268 844 1573758088265
511.170628993017 660.809834138432 844 1573758088265
513.041697385042 658.972274157595 844 1573758088265
514.912765777067 657.134714176759 844 1573758088265
516.783834169092 655.297154195922 844 1573758088265
518.654902561116 653.459594215086 844 1573758088265
520.525970953141 651.622034234249 844 1573758088265
522.397039345166 649.784474253413 844 1573758088265
524.268107737191 647.946914272577 844 1573758088265
526.139176129215 646.10935429174 844 1573758088265
528.01024452124 644.271794310904 844 1573758088265
529.881312913265 642.434234330067 844 1573758088265
531.75238130529 640.596674349231 844 1573758088265
533.623449697315 638.759114368394 844 1573758088265
535.494518089339 636.921554387558 844 1573758088265
537.358981740364 635.077349656782 840 1573758088273
539.207808082983 633.217412892899 840 1573758088273
END STROKE
416.323043188694 625.273516080434 848 1573758069114
419.467555580076 627.745770480865 848 1573758069114
422.612067971457 630.218024881295 848 1573758069114
425.756580362839 632.690279281725 848 1573758069114
428.905083271016 635.157387997897 848 1573758069137
432.082197748796 637.587602719907 848 1573758069137
435.259312226576 640.017817441918 848 1573758069137
438.436426704357 642.448032163929 848 1573758069137
441.613541182137 644.87824688594 848 1573758069137
444.860048174398 647.205859722994 848 1573758069144
448.298375293655 649.249852536333 848 1573758069144
451.614358424539 651.480431715074 849 1573758069159
454.859631388162 653.818850709091 849 1573758069159
458.104904351785 656.157269703107 849 1573758069159
461.398847340664 658.426172226326 849 1573758069174
464.706448748917 660.675566127829 849 1573758069174
468.014050157171 662.924960029332 849 1573758069174
471.291102293001 665.217942960072 849 1573758069182
474.534097469709 667.559519839836 849 1573758069182
477.648870649834 670.067329072528 850 1573758069189
480.739706899574 672.60610248292 850 1573758069204
484.029720521395 674.881143222826 850 1573758069204
487.319734143216 677.156183962732 850 1573758069204
490.609747765037 679.431224702638 850 1573758069204
END STROKE
561.967958746311 734.639786082458 846 1573758089023
563.402203830378 733.019427296388 846 1573758089023
564.836448914444 731.399068510318 846 1573758089023
566.270693998511 729.778709724248 846 1573758089023
567.695268119439 728.150019987605 846 1573758089030
569.085423486274 726.491680573364 846 1573758089030
570.475578853108 724.833341159122 846 1573758089030
571.865734219943 723.175001744881 846 1573758089030
573.255889586778 721.51666233064 846 1573758089030
574.812185692084 720.026824230117 830 1573758089068
576.489971499658 718.660201992383 830 1573758089068
578.167757307232 717.29357975465 830 1573758089068
579.845543114806 715.926957516916 830 1573758089068
581.52332892238 714.560335279182 830 1573758089068
583.201114729953 713.193713041448 830 1573758089068
584.878900537527 711.827090803714 830 1573758089068
586.556686345101 710.46046856598 830 1573758089068
588.234472152675 709.093846328247 830 1573758089068
589.912257960249 707.727224090513 830 1573758089068
591.590043767823 706.360601852779 830 1573758089068
590.334913258113 707.391815085909 111 1573758089090
END STROKE
493.949420785202 681.630987753603 850 1573758069212
497.252906834006 683.868779585545 850 1573758069219
500.224007838274 686.543392655489 850 1573758069234
503.564760566767 688.743249743363 850 1573758069234
506.90551329526 690.943106831236 850 1573758069234
510.126570521964 693.314290171696 850 1573758069257
513.341380114827 695.694416067869 850 1573758069257
516.55618970769 698.074541964042 850 1573758069257
519.732714669074 700.503538384694 852 1573758069287
522.813225520603 703.055097299086 852 1573758069287
525.893736372132 705.606656213478 852 1573758069287
528.974247223661 708.15821512787 852 1573758069287
532.054758075189 710.709774042263 852 1573758069287
534.822670971101 713.526425781346 852 1573758069302
538.270888238437 715.553689374776 852 1573758069302
541.329309101329 718.125677298599 852 1573758069317
544.432095788947 720.645520413163 852 1573758069324
547.59968831304 723.065033804873 852 1573758069332
550.014608769188 726.221568826037 852 1573758069354
552.966320106895 728.921087334744 852 1573758069354
555.918031444602 731.620605843451 852 1573758069354
558.869742782309 734.320124352159 852 1573758069354
END STROKE
608.46843573617 773.661159150785 849 1573758089721
609.793417465584 772.425139043736 849 1573758089721
611.118399194997 771.189118936687 849 1573758089721
612.443380924411 769.953098829639 849 1573758089721
613.769155483017 768.717937064804 835 1573758089751
615.106266652167 767.495048676749 835 1573758089751
616.443377821318 766.272160288694 835 1573758089751
617.780488990469 765.049271900638 835 1573758089751
619.11760015962 763.826383512583 835 1573758089751
620.454711328771 762.603495124528 835 1573758089751
621.791822497922 761.380606736472 835 1573758089751
623.128933667072 760.157718348417 835 1573758089751
624.466044836223 758.934829960362 835 1573758089751
625.803156005374 757.711941572306 835 1573758089751
627.140267174525 756.489053184251 835 1573758089751
628.477378343676 755.266164796196 835 1573758089751
629.814489512827 754.04327640814 835 1573758089751
631.151600681977 752.820388020085 835 1573758089751
632.488711851128 751.59749963203 835 1573758089751
632.192870493503 751.738924227706 405 1573758089766
END STROKE
561.821416896644 737.01968356097 852 1573758069369
564.899468242711 739.558944627233 852 1573758069392
568.213332102545 741.799102282061 852 1573758069392
571.420766188459 744.17948451811 852 1573758069407
574.496969121273 746.733174363629 851 1573758069437
577.786033912754 749.009586628015 851 1573758069437
581.075098704234 751.2859988924 851 1573758069437
584.364163495715 753.562411156785 851 1573758069437
587.449032572063 756.107704044146 852 1573758069452
590.684899991255 758.448203524151 852 1573758069482
593.715457251776 761.057317246048 852 1573758069490
597.014152442979 763.318586208573 852 1573758069512
600.331245056245 765.553960135909 852 1573758069512
603.393767182087 768.112713765749 852 1573758069520
605.920012331688 771.192933561266 852 1573758069535
END STROKE
608.518626400963 774.204602090388 852 1573758069557
610.835828761488 777.465058073893 852 1573758069557
613.548765722379 780.373670768958 852 1573758069595
616.624558434008 782.930915222485 852 1573758069595
619.545289138192 785.650415554102 852 1573758069602
622.262940407481 788.526285040571 852 1573758069617
625.003855824397 791.395163557612 852 1573758069640
627.396432774322 794.550098088456 852 1573758069670
630.152626511742 797.446676581552 852 1573758069677
633.209068103612 800.027018573515 852 1573758069677
635.570146775119 803.185088232606 852 1573758069700
638.290386868421 806.086619839067 852 1573758069730
641.438399565274 808.554415628927 852 1573758069730
644.433562552554 811.18916559075 852 1573758069737
647.367798844527 813.896522192126 852 1573758069760
650.716580542827 816.084137591855 852 1573758069760
653.825499921745 818.597974119347 852 1573758069783
656.980711936489 821.007059938067 852 1573758069805
660.525779793031 822.859759021166 852 1573758069805
664.015913496482 824.796254020368 852 1573758069820
667.128746035077 827.30827981376 852 1573758069820
670.328828305907 829.705209269133 852 1573758069835
END STROKE
276.24515155948 519.032739720025 846 1573758068836
279.445232908885 521.432631250321 846 1573758068836
282.645314258291 523.832522780617 846 1573758068836
285.845395607696 526.232414310913 846 1573758068836
289.09757987667 528.558877349858 846 1573758068866
292.419611340333 530.786904942691 846 1573758068866
295.741642803997 533.014932535524 846 1573758068866
299.063674267661 535.242960128358 846 1573758068866
302.153524671775 537.766595052012 846 1573758068874
305.42184264619 540.063924493594 846 1573758068889
308.577256383025 542.486480957292 846 1573758068896
311.66595667193 545.003743599924 846 1573758068904
315.155936605348 546.948936459213 846 1573758068911
318.300948172573 549.411542460152 846 1573758068926
321.41064245877 551.927452125938 846 1573758068926
324.64139556394 554.279232449403 846 1573758068941
327.963432984823 556.507251159885 846 1573758068941
331.28077909875 558.741862692749 847 1573758068979
334.474450057702 561.150278314262 847 1573758068979
337.668121016654 563.558693935774 847 1573758068979
340.861791975607 565.967109557287 847 1573758068979
344.055462934559 568.375525178799 847 1573758068979
347.247289516544 570.78632220335 846 1573758069002
350.377972277829 573.276066256098 846 1573758069002
353.508655039114 575.765810308846 846 1573758069002
END STROKE
===NOTES===
Great Job
