1.00
USERID - 01/01/2000 01:00:00 AM - F - HS - EN - N/A
11/14/2019 12:59:1:932
11/14/2019 13:1:13:539
348.838926675229 442.926038754834 830 1573758074117
349.10102748291 438.94638620297 829 1573758074102
349.540671089603 434.974399243671 829 1573758074087
349.813394031109 430.983707299011 829 1573758074087
350.205522362063 427.016582428659 829 1573758074049
350.178421672499 423.043980759582 829 1573758074042
350.045342097124 419.071210093937 829 1573758074027
350.165553945784 415.083864554322 830 1573758074012
349.407659222844 411.156321354185 830 1573758074012
349.961167451051 407.207760997957 829 1573758073997
350.257194137558 403.22358208518 829 1573758073989
350.68353476544 399.24636777501 829 1573758073989
351.109875393323 395.269153464841 829 1573758073989
351.363914909444 391.282730556116 829 1573758073959
351.925035297355 387.337966911654 830 1573758073944
351.925035297355 383.337966911654 830 1573758073944
351.925035297355 379.337966911654 830 1573758073944
352.157184169814 375.346418761751 830 1573758073922
352.639303187577 371.37651038849 829 1573758073914
353.047276073178 367.403160000502 829 1573758073899
353.196842058766 363.409437880917 830 1573758073891
353.327782755748 359.414933983751 830 1573758073884
353.449860565151 355.422061032563 830 1573758073869
353.915323684526 351.449235327287 830 1573758073869
354.470698923078 347.489231044137 829 1573758073854
355.054436768203 343.532584302885 829 1573758073846
355.586770765893 339.568164986654 829 1573758073846
356.119104763584 335.603745670424 829 1573758073846
356.651438761274 331.639326354193 829 1573758073846
357.102155795391 327.664875580315 826 1573758073824
357.54568874071 323.68954181742 826 1573758073824
357.989221686028 319.714208054524 826 1573758073824
357.913754332762 315.72578533018 826 1573758073801
358.221532356254 311.763152957979 825 1573758073794
358.896734460202 307.820552024734 825 1573758073794
359.571936564149 303.877951091489 825 1573758073794
360.247138668097 299.935350158244 825 1573758073794
360.922340772045 295.992749224999 825 1573758073794
361.573347880854 292.046388750126 828 1573758073756
362.126339339619 288.084798104119 828 1573758073756
362.679330798384 284.123207458111 828 1573758073756
363.214132265053 280.159353292327 827 1573758073734
363.648913282849 276.183052817442 827 1573758073734
363.819324777285 272.188076301168 825 1573758073726
363.947873181783 268.190142421312 825 1573758073726
364.038513019425 264.191253649107 826 1573758073711
364.111410677161 260.191917962834 826 1573758073711
364.184308334898 256.192582276561 826 1573758073711
364.257205992634 252.193246590288 826 1573758073711
364.83743847056 248.244172129487 807 1573758073674
364.978467164146 244.246659039129 807 1573758073674
365.127595484125 240.249569854942 804 1573758073659
365.404626027936 236.259174626673 804 1573758073659
365.681656571746 232.268779398403 804 1573758073659
365.958687115556 228.278384170133 804 1573758073659
366.239497693972 224.288463043474 796 1573758073629
366.64045075969 220.351785853684 796 1573758073621
365.959978406435 216.410091119632 796 1573758073621
365.939398077213 212.410855517204 767 1573758073606
365.853674864832 208.411774181339 767 1573758073606
365.767951652452 204.412692845475 767 1573758073606
365.682228440071 200.413611509611 767 1573758073606
365.672217244253 196.413718795914 735 1573758073569
365.643004139152 192.414945416664 734 1573758073554
365.500435848064 188.431434994154 733 1573758073546
365.469355148594 184.44931851638 730 1573758073539
END STROKE
===NOTES===
Great Job
