1.00
USERID - 01/01/2000 01:00:00 AM - F - HS - EN - N/A
11/12/2019 16:0:28:226
11/12/2019 16:6:22:750
297.634697910677 381.526436819312 466 1573596384356
297.616840328351 377.725097945009 712 1573596384296
297.952455969632 373.755593946448 713 1573596384214
297.845837569674 369.757015134321 713 1573596384214
297.913823871505 365.760876496435 712 1573596384154
298.018172506121 361.786695374131 712 1573596384131
298.491109004916 357.951322608248 713 1573596384071
298.88023389706 353.988166536141 706 1573596384049
299.168047185213 350.005669602876 703 1573596384034
299.715661985477 346.058296497911 702 1573596384019
299.70356428812 342.074569195987 698 1573596383973
300.049546279947 338.092803545636 697 1573596383958
300.822824899722 334.214698094465 699 1573596383936
301.029888465844 330.233411702459 700 1573596383928
301.029888465844 326.266756096418 693 1573596383891
300.957079851914 322.267776742336 682 1573596383876
300.886823353767 318.272878252766 679 1573596383846
301.067295221054 314.308957112523 678 1573596383838
300.824772488383 310.316316041235 678 1573596383838
300.754336856892 306.323400167561 677 1573596383808
301.364525033581 302.383606241382 681 1573596383793
301.928033782626 298.446552250899 683 1573596383771
302.120760716783 294.452167065394 685 1573596383763
302.353631246012 290.458951404223 685 1573596383763
302.586501775241 286.465735743053 685 1573596383763
303.005849277212 282.522299928488 662 1573596383711
303.449381681762 278.559858194132 661 1573596383696
303.949634189677 274.618236181484 667 1573596383673
304.335350629889 270.648624689741 650 1573596383658
305.189877696106 266.740967656059 646 1573596383651
305.693445275968 262.795385012487 638 1573596383628
305.959166679954 258.805680438458 621 1573596383606
306.426941929672 254.833126308461 621 1573596383606
306.894717179389 250.860572178465 621 1573596383606
306.987450603591 246.880656421587 619 1573596383560
307.419979544499 242.916692029101 618 1573596383545
308.186501525431 238.990823456065 618 1573596383545
308.971994205057 235.070636397497 616 1573596383508
310.17939270828 231.264150818866 617 1573596383500
310.861882492265 227.332402298202 621 1573596383478
311.64445999452 223.410327420873 618 1573596383463
312.521203619732 219.516978261689 618 1573596383440
313.244856641499 215.638398796421 621 1573596383425
313.244856641499 211.638398796421 597 1573596383395
313.60412847303 207.693212765954 597 1573596383365
313.60412847303 203.693212765954 597 1573596383365
313.60412847303 199.693212765954 594 1573596383343
313.964726796447 195.728707837078 594 1573596383313
314.585883061808 191.813945041168 597 1573596383275
315.081410439363 188.020013682785 599 1573596383260
315.190734061165 184.021507918663 599 1573596383260
315.338113046669 180.02429276408 595 1573596383230
315.733523256604 176.048211124166 589 1573596383208
316.532182337904 172.143311659639 559 1573596383185
317.347353781757 168.241564936313 559 1573596383178
318.029223541424 164.304654936763 564 1573596383163
318.887889405076 160.399105006655 565 1573596383147
319.711612560855 156.492158133451 556 1573596383125
320.060833903754 152.525540844729 554 1573596383117
320.399325561874 148.547365817131 532 1573596383102
320.527882741249 144.579498651606 532 1573596383080
321.13196694571 140.626890463237 534 1573596383057
321.359740836323 136.666641924551 541 1573596383042
321.507903194411 132.691968241186 538 1573596383027
321.507903194411 128.721517914995 534 1573596382990
321.391344032988 124.746620479603 511 1573596382960
321.985124201577 120.811421764983 492 1573596382937
321.867175025943 117.371162565017 112 1573596382750
END STROKE
===NOTES===
Great Job
