1.00
USERID - 01/01/2000 01:00:00 AM - F - HS - EN - N/A
10/25/2019 13:4:16:43
10/25/2019 13:4:58:281
662.96003906005 166.47578457299 540 1572026695688
665.920300515256 169.164979598947 547 1572026695695
668.949953032716 171.75829594621 548 1572026695703
672.189648586834 174.093016429924 556 1572026695725
675.4787388737 176.369391856966 556 1572026695725
678.82037256132 178.567636707834 573 1572026695748
682.169141522989 180.755271604558 573 1572026695748
685.439391064129 183.056179782192 582 1572026695778
688.662976127579 185.424406827621 582 1572026695778
691.886561191029 187.792633873051 582 1572026695778
695.192583738386 190.025299231155 590 1572026695793
698.778344937332 191.797957298616 590 1572026695793
702.365117632526 193.568565352235 590 1572026695808
705.953584670662 195.335739456905 590 1572026695808
709.519531940073 197.146997077773 589 1572026695815
713.020740726788 199.07980046479 599 1572026695853
716.481574722122 201.085449501073 599 1572026695853
719.942408717456 203.091098537355 599 1572026695853
723.40324271279 205.096747573637 599 1572026695853
726.864076708124 207.10239660992 599 1572026695853
730.274950120046 209.184482466577 609 1572026695898
733.50092109451 211.549458422463 609 1572026695898
END STROKE
736.726892068974 213.914434378349 609 1572026695898
739.952863043437 216.279410334234 609 1572026695898
743.178834017901 218.64438629012 609 1572026695898
746.404804992364 221.009362246006 609 1572026695898
749.630775966828 223.374338201892 609 1572026695898
752.854707841299 225.742082844449 614 1572026695928
756.070262187707 228.121202481058 614 1572026695928
759.285816534114 230.500322117668 614 1572026695928
762.501370880521 232.879441754277 614 1572026695928
765.716925226929 235.258561390887 614 1572026695928
768.901267097066 237.677460556265 620 1572026695958
771.977030925801 240.234739749049 620 1572026695958
775.052794754536 242.792018941833 620 1572026695958
778.128558583271 245.349298134617 620 1572026695958
781.204322412006 247.906577327401 620 1572026695958
784.295299971453 250.444097413032 618 1572026696011
787.553845391998 252.763985716863 618 1572026696011
790.812390812542 255.083874020693 618 1572026696011
794.070936233087 257.403762324523 618 1572026696011
797.329481653631 259.723650628353 618 1572026696011
800.588027074176 262.043538932183 618 1572026696011
803.846572494721 264.363427236013 618 1572026696011
807.105117915265 266.683315539844 618 1572026696011
810.36366333581 269.003203843674 618 1572026696011
813.622208756354 271.323092147504 618 1572026696011
816.885993549351 273.635601006416 618 1572026696048
820.15052051855 275.947064540061 618 1572026696048
823.41504748775 278.258528073705 618 1572026696048
826.679574456949 280.56999160735 618 1572026696048
829.944101426149 282.881455140994 618 1572026696048
833.208628395349 285.192918674639 618 1572026696048
836.469365011487 287.50956368141 618 1572026696056
839.660884529268 289.920829566298 618 1572026696056
842.862801909971 292.318250885265 618 1572026696071
846.068052658928 294.711233884851 618 1572026696071
849.273155735244 297.104413507882 618 1572026696078
852.464675253022 299.515679392773 618 1572026696078
855.718040243888 301.841884660032 619 1572026696101
858.995926589627 304.134363908448 619 1572026696101
862.273812935366 306.426843156864 619 1572026696101
865.551699281105 308.71932240528 619 1572026696101
868.780437424557 311.080502525586 619 1572026696131
872.00863527132 313.442437889256 619 1572026696131
875.236833118082 315.804373252927 619 1572026696131
878.465030964845 318.166308616597 619 1572026696131
881.583892080262 320.654796880781 619 1572026696138
884.42444278123 323.466959953948 620 1572026696161
887.559171369448 325.951608154038 620 1572026696161
890.693899957666 328.436256354128 620 1572026696161
893.828628545883 330.920904554218 620 1572026696161
896.841190688739 333.548980281957 620 1572026696183
899.792878668433 336.248524330594 620 1572026696183
902.744566648127 338.948068379231 620 1572026696183
905.850217290792 341.448441465147 620 1572026696206
909.206267308776 343.62489001193 620 1572026696206
912.56231732676 345.801338558712 620 1572026696206
915.76031184137 348.185623993438 620 1572026696221
918.754264533861 350.838216550753 620 1572026696221
921.770251430949 353.465528771163 619 1572026696236
924.806880094298 356.069158230384 619 1572026696236
927.993827320075 358.47892347331 619 1572026696243
931.153759899672 360.927940316401 618 1572026696266
934.261049008664 363.446819907238 618 1572026696266
937.395477056553 365.929460704778 618 1572026696289
940.686871443169 368.202503377442 618 1572026696289
943.978265829785 370.475546050106 618 1572026696289
947.371486816711 372.583665654129 618 1572026696304
950.878229399122 374.507920434739 618 1572026696304
954.07377758856 376.884172923483 617 1572026696311
957.122662156634 379.47343978693 617 1572026696326
960.151628818268 382.085305350051 617 1572026696334
963.144562961271 384.73769062363 616 1572026696371
966.213146163711 387.303581722197 616 1572026696371
969.28172936615 389.869472820764 616 1572026696371
972.35031256859 392.435363919332 616 1572026696371
975.406402543938 395.015911907524 615 1572026696394
978.425907871527 397.639380523052 615 1572026696394
981.445413199117 400.26284913858 615 1572026696394
984.45115353488 402.902065371928 617 1572026696409
987.399929953355 405.602239721471 617 1572026696416
990.082203538885 408.565386077275 615 1572026696439
992.673548895239 411.612504264037 615 1572026696439
995.45982930617 414.476604341043 616 1572026696454
998.406670615617 417.179912194184 614 1572026696476
END STROKE
644.93475598467 693.614827361721 499 1572026697762
648.663898950412 692.167936646754 499 1572026697762
652.296327249275 690.504540721477 519 1572026697777
655.837533044472 688.646871140741 560 1572026697830
659.296824311607 686.638562417182 560 1572026697830
662.756115578741 684.630253693622 560 1572026697830
666.215406845876 682.621944970062 560 1572026697830
669.674698113011 680.613636246503 560 1572026697830
673.133989380146 678.605327522943 560 1572026697830
676.534240229449 676.506488528083 569 1572026697860
679.766848776636 674.150593373232 569 1572026697860
682.999457323823 671.794698218381 569 1572026697860
686.232065871011 669.438803063529 569 1572026697860
689.43519688888 667.043198460935 589 1572026697898
692.625910595179 664.630866385031 589 1572026697898
695.816624301479 662.218534309128 589 1572026697898
699.007338007778 659.806202233224 589 1572026697898
702.293241587217 657.531896334824 592 1572026697935
705.681980780311 655.406703006869 592 1572026697935
709.070719973406 653.281509678914 592 1572026697935
712.4594591665 651.156316350958 592 1572026697935
715.917356356291 649.146963722043 594 1572026697950
719.25271467051 646.975228724408 590 1572026697958
722.617081151301 645.106773322799 591 1572026697965
726.303568999798 643.629984960374 589 1572026697988
729.900529729378 641.880163966712 589 1572026697988
733.600448166418 640.405736019066 588 1572026697995
737.303466504149 638.940279218207 589 1572026698025
740.898596513863 637.186699960445 589 1572026698025
744.493726523577 635.433120702683 589 1572026698025
748.077104153222 633.655781877024 589 1572026698040
751.643496454547 631.846640779293 590 1572026698063
754.996115385124 629.664910661627 590 1572026698063
END STROKE
843.853351289856 568.567586508166 597 1572026698281
847.355345179874 566.635041321455 597 1572026698296
850.870092868073 564.725491651321 598 1572026698303
854.271032083709 562.620498725085 597 1572026698311
857.70751004361 560.581843254649 595 1572026698326
861.215469672642 558.665081842249 593 1572026698356
864.546010405579 556.449794405764 593 1572026698356
867.876551138515 554.234506969278 593 1572026698356
871.178514448543 551.979326351429 589 1572026698378
874.347582628144 549.538628321553 589 1572026698378
877.517414419014 547.098936159766 589 1572026698393
880.720078513923 544.702492399695 589 1572026698393
883.682727821115 542.02189058916 587 1572026698416
886.517752855117 539.204419962256 587 1572026698423
889.371836452511 536.409411835056 586 1572026698438
892.429117004103 533.950573558448 585 1572026698453
895.285204457568 531.19277456903 571 1572026698521
898.366271942817 528.641887830787 571 1572026698521
901.447339428066 526.091001092545 571 1572026698521
904.528406913316 523.540114354303 571 1572026698521
907.609474398565 520.989227616061 571 1572026698521
910.679570375862 518.425405642273 570 1572026698536
913.699037889942 515.801893505572 570 1572026698536
916.901827722181 513.419168524224 566 1572026698558
919.926642008101 510.80202164098 565 1572026698566
923.02614285034 508.273841256295 562 1572026698581
926.122828532559 505.744256010804 546 1572026698626
929.027665294448 502.99436085157 546 1572026698626
931.932502056336 500.244465692336 546 1572026698626
934.837338818225 497.494570533102 546 1572026698626
937.605047426133 494.614870301897 545 1572026698641
940.158967499404 491.604136553078 545 1572026698664
943.114957969232 488.909547963685 543 1572026698679
946.203288887149 486.367459817802 543 1572026698679
949.004234548571 483.540271307687 543 1572026698694
952.063578183896 481.234021099893 544 1572026698716
955.14887888257 478.691924298413 540 1572026698731
957.781906465401 475.689651215269 538 1572026698739
960.511384908921 472.857845334956 537 1572026698761
963.701162016721 470.450344480095 505 1572026698806
966.731192794614 467.839039540985 505 1572026698806
969.761223572506 465.227734601874 505 1572026698806
972.682335274944 462.510141300846 502 1572026698821
975.250802362045 459.44391663225 488 1572026698859
977.8421477184 456.396798445488 488 1572026698859
980.594065632671 453.498484940305 486 1572026698874
983.595985458609 450.85630494589 477 1572026698896
986.61910337986 448.237000069742 457 1572026698919
989.866210153812 445.927277091176 451 1572026698949
993.068810019208 443.530747495664 451 1572026698949
996.420441789547 441.35045125841 453 1572026698979
999.636469079952 438.990704648159 454 1572026699001
1002.3438834598 436.137306223634 442 1572026699032
1005.1791464108 433.475940111992 455 1572026699077
END STROKE
758.348734315702 627.48318054396 590 1572026698063
761.697544206548 625.295640639703 592 1572026698078
765.035187817012 623.091069223413 592 1572026698078
768.376359661145 620.89186901487 591 1572026698093
771.725147909323 618.704263641669 591 1572026698093
775.200725461125 616.74667141438 590 1572026698100
778.548594578896 614.637616562653 590 1572026698115
781.543901445379 611.986553233421 590 1572026698115
784.671026688346 609.498422418198 601 1572026698153
787.889064085462 607.122662474356 601 1572026698153
791.107101482578 604.746902530515 601 1572026698153
794.325138879694 602.371142586673 601 1572026698153
797.54317627681 599.995382642832 601 1572026698153
800.748945126934 597.60309763171 605 1572026698175
803.954178014434 595.210090708007 605 1572026698175
807.181305023239 592.847814422854 604 1572026698190
810.489966829845 590.599980565669 604 1572026698190
813.807636715906 588.365593233637 603 1572026698205
817.145243964532 586.160966767789 603 1572026698205
820.496769882473 583.977809482679 603 1572026698228
823.871646620715 581.830670222715 603 1572026698228
827.246523358956 579.683530962752 603 1572026698228
830.527267712554 577.395653727426 598 1572026698266
833.800347521561 575.096317178795 598 1572026698266
837.073427330567 572.796980630163 598 1572026698266
840.374750514211 570.542260315073 597 1572026698281
END STROKE
===NOTES===
Great Job
