1.00
USERID - 01/01/2000 01:00:00 AM - F - HS - EN - N/A
11/13/2019 10:52:8:138
11/13/2019 10:54:19:208
-291.73252804394 218.337132792718 714 1573664052735
-287.811554372528 218.231353355486 721 1573664052630
-283.891841995794 218.813663764096 719 1573664052592
-279.920646027211 218.813663764096 721 1573664052562
-275.923813047246 218.966120796334 721 1573664052555
-271.934622728971 219.258902507552 719 1573664052540
-267.945724720792 219.556715671031 719 1573664052540
-263.95320224373 219.799910831341 717 1573664052517
-259.959929310834 220.031797190143 717 1573664052517
-255.969047470024 220.197214906213 717 1573664052487
-252.057857233634 219.41011240463 715 1573664052480
-248.122597924858 218.706657577578 716 1573664052472
-244.176777645434 218.050530819641 716 1573664052472
-240.230957366009 217.394404061703 716 1573664052472
-236.232273835905 217.323146650893 719 1573664052450
-232.232754527794 217.261136135241 719 1573664052450
-228.233650485847 217.179611666615 722 1573664052435
-224.235113939505 217.07141976502 722 1573664052435
-220.236577393164 216.963227863426 722 1573664052435
-216.238040846822 216.855035961831 722 1573664052435
-212.23950430048 216.746844060236 722 1573664052435
-208.240967754139 216.638652158641 722 1573664052435
-204.242431207797 216.530460257046 722 1573664052435
END STROKE
-296.958415458763 107.950354023638 297 1573664054947
-295.627293101759 111.396626763296 575 1573664055007
-295.884029118158 115.388379087512 575 1573664055007
-295.916410678695 119.387338825937 659 1573664055045
-295.916410678695 123.387338825937 659 1573664055045
-295.916410678695 127.387338825937 659 1573664055045
-295.916410678695 131.387338825937 659 1573664055045
-295.916410678695 135.387338825937 659 1573664055045
-295.809742720015 139.385901730072 742 1573664055105
-295.701981395519 143.384449903715 742 1573664055105
-295.594220071023 147.382998077358 742 1573664055105
-295.486458746528 151.381546251 742 1573664055105
-295.378697422032 155.380094424643 742 1573664055105
-295.270936097537 159.378642598286 742 1573664055105
-295.163174773041 163.377190771929 742 1573664055105
-295.055413448545 167.375738945572 742 1573664055105
-294.94765212405 171.374287119215 742 1573664055105
-294.839890799554 175.372835292858 742 1573664055105
-294.732129475059 179.371383466501 742 1573664055105
-294.500810828257 183.363902167344 771 1573664055150
-294.218737008612 187.353944066908 771 1573664055150
-293.936663188966 191.343985966471 771 1573664055150
-293.654589369321 195.334027866034 771 1573664055150
-293.372515549676 199.324069765598 771 1573664055150
-293.090441730031 203.314111665161 771 1573664055150
-292.808367910385 207.304153564724 771 1573664055150
-292.52629409074 211.294195464287 771 1573664055150
-292.244220271095 215.284237363851 771 1573664055150
END STROKE
-291.966579038429 219.2745874 770 1573664055165
-291.693862568772 223.265279786939 770 1573664055165
-291.421146099115 227.255972173879 770 1573664055165
-291.380583341397 231.255231246657 769 1573664055285
-291.358438162746 235.25516994507 769 1573664055285
-291.336292984094 239.255108643483 769 1573664055285
-291.314147805443 243.255047341897 769 1573664055285
-291.292002626792 247.25498604031 769 1573664055285
-291.269857448141 251.254924738723 769 1573664055285
-291.24771226949 255.254863437136 769 1573664055285
-291.225567090839 259.254802135549 769 1573664055285
-291.203421912188 263.254740833962 769 1573664055285
-291.181276733536 267.254679532375 769 1573664055285
-291.159131554885 271.254618230788 769 1573664055285
-291.136986376234 275.254556929201 769 1573664055285
-291.114841197583 279.254495627614 769 1573664055285
-291.092696018932 283.254434326027 769 1573664055285
-291.070550840281 287.25437302444 769 1573664055285
-291.018531407303 291.253684747567 767 1573664055300
-290.88009012626 295.251162635751 767 1573664055315
-290.88009012626 299.251162635751 767 1573664055315
-290.570604081792 303.223373417143 766 1573664055337
-290.84400571186 307.209723921551 766 1573664055345
-291.053760349956 311.191227455627 760 1573664055390
-290.443153074744 315.079833370883 756 1573664055420
-289.396750352189 318.784624747206 745 1573664055465
-289.143437575619 322.731532420155 742 1573664055525
-289.294537447466 326.617883816483 729 1573664055570
-288.969767351924 330.573119717756 721 1573664055638
-289.041361347136 328.732371778082 73 1573664055698
END STROKE
-297.525424791685 0.992652356789505 671 1573664057429
-297.30573934405 4.9435796415239 671 1573664057406
-296.860126308714 8.90330811028771 660 1573664057399
-296.437421349781 12.8549045796507 681 1573664057368
-296.979987319834 16.7612469781986 679 1573664057331
-297.061973789866 20.7486238032612 678 1573664057323
-296.968940515407 24.7475417581389 678 1573664057323
-297.301988238454 28.6736405527917 691 1573664057271
-297.996522392334 32.5735897736522 691 1573664057233
-297.619403052721 36.5479276805617 687 1573664057218
-296.944067370985 40.4815260028598 689 1573664057203
-296.858327492457 44.4806069814385 689 1573664057203
-296.683061849039 48.4706290959033 709 1573664057173
-296.784745235067 52.4170421185311 714 1573664057158
-296.946721901698 56.4130193739848 714 1573664057151
-296.793926177297 60.4091335119704 707 1573664057136
-296.636857395522 64.4060463171505 706 1573664057121
-297.372848690309 68.3174923772181 705 1573664057106
-297.437269386145 72.2766866265145 707 1573664057091
-297.294358997416 76.2715300115052 709 1573664057076
-297.274659574572 80.2714815028036 709 1573664057076
-297.254960151728 84.2714329941019 709 1573664057076
-297.235260728883 88.2713844854002 709 1573664057076
-297.215561306039 92.2713359766985 709 1573664057076
-297.195861883195 96.2712874679968 709 1573664057076
-297.176162460351 100.271238959295 709 1573664057076
-297.156463037506 104.271190450593 709 1573664057076
END STROKE
-342.42392714441 1.76743627985965 101 1573664060549
-341.486939143529 1.53429305172725 731 1573664060354
-337.594246490316 1.15274467203789 725 1573664060256
-333.623884180016 0.676256384168243 726 1573664060249
-329.648106295982 0.236722293532341 726 1573664060249
-325.672328411949 -0.202811797103559 726 1573664060249
-321.696550527915 -0.642345887739459 726 1573664060249
-317.701927647786 -0.830445165629553 734 1573664060211
-313.705049961965 -0.988460242702976 734 1573664060211
-309.708172276143 -1.1464753197764 734 1573664060211
-305.711294590322 -1.30449039684982 734 1573664060211
-301.7144169045 -1.46250547392325 734 1573664060211
END STROKE
-297.717539218679 -1.62052055099667 734 1573664060211
-293.720661532857 -1.77853562807009 734 1573664060211
-289.723783847036 -1.93655070514352 734 1573664060211
-285.726906161214 -2.09456578221694 734 1573664060211
-281.730028475393 -2.25258085929036 734 1573664060211
-277.733150789571 -2.41059593636379 734 1573664060211
-273.73627310375 -2.56861101343721 734 1573664060211
-269.739395417929 -2.72662609051063 734 1573664060211
-265.742517732107 -2.88464116758405 734 1573664060211
-261.745640046286 -3.04265624465748 734 1573664060211
-257.799472946844 -3.65891773302296 654 1573664060144
-253.861758295227 -4.3532156378661 599 1573664060129
-252.15252459583 -4.97773139489976 422 1573664060083
END STROKE
-297.826750015135 -2.95019536171228 669 1573664057466
-298.111328527836 -6.91033591984692 679 1573664057489
-298.00162883587 -10.8510979394726 685 1573664057526
-296.298575179138 -14.443834812171 671 1573664057571
-294.700752237036 -17.9445617247204 642 1573664057909
-294.700752237036 -21.9445617247204 627 1573664058187
-294.347454427069 -25.8007897447016 625 1573664058330
-294.527082013341 -29.6467220023586 630 1573664058427
-294.353411789646 -33.5770605839041 612 1573664058472
-293.535935593546 -37.4641819916189 605 1573664058532
-292.540587967735 -41.2410928983121 578 1573664058585
-292.017952136406 -44.9482209028445 585 1573664058773
-293.485093795377 -48.6353393043796 584 1573664058825
-292.381213770204 -51.9913742578073 407 1573664059208
END STROKE
===NOTES===
Great Job
