1.00
USERID - 01/01/2000 01:00:00 AM - F - HS - EN - N/A
11/14/2019 12:59:1:932
11/14/2019 13:0:55:737
-205.556741391384 1083.70806907648 80 1573757997331
-204.530238342524 1086.75021316923 722 1573757997301
-204.858725597258 1082.9953206063 770 1573757997264
-204.413066851217 1079.05977729804 773 1573757997174
-203.885433371558 1075.10384345534 773 1573757997166
-203.851973218998 1071.10663793371 773 1573757997121
-204.132533412954 1067.15617505367 772 1573757997083
-204.034459370321 1063.16677294628 774 1573757997053
-203.851973218998 1059.85828325782 774 1573757997031
-203.839299816426 1055.85965274719 773 1573757997008
-203.535622723733 1051.88927511428 773 1573757996993
-203.384911646329 1047.89211535126 773 1573757996993
-203.058817724094 1043.91189962976 772 1573757996963
-203.089886866732 1039.91698202021 775 1573757996948
-203.222338413711 1035.9191755482 775 1573757996948
-202.558341690349 1032.06464997157 771 1573757996918
-202.170063499451 1028.09666556163 771 1573757996911
-201.888105372694 1024.10728108814 772 1573757996888
-201.64742946124 1020.12226045905 772 1573757996881
-201.151440654459 1016.15313018863 772 1573757996881
-200.658476966217 1012.18362715056 772 1573757996858
-200.985320310714 1008.24332247871 772 1573757996851
-201.046424790828 1004.34009107933 773 1573757996828
-201.026000460921 1000.34059828485 771 1573757996813
-200.827455717974 996.345528825498 771 1573757996813
-200.765891352565 992.347057677895 771 1573757996798
-200.323920071119 988.375702057328 769 1573757996791
-199.807604807662 984.409164707356 769 1573757996791
-199.287760651072 980.44309819025 771 1573757996768
-198.764528225561 976.477845034835 770 1573757996761
-198.401567533078 972.494346630704 770 1573757996761
-197.861618181811 968.534151560245 770 1573757996745
-197.335584900746 964.575354067478 772 1573757996730
-197.1370401578 960.580284608125 772 1573757996730
-197.398233290121 956.591695882086 763 1573757996708
-197.252554032117 952.594349568119 763 1573757996708
-197.11868909822 948.596788045018 763 1573757996693
-197.084886814566 944.599412188834 763 1573757996685
-196.557568710309 940.640349024826 763 1573757996678
-196.557568710309 936.640349024826 763 1573757996678
-196.440453082906 932.642079170331 747 1573757996670
-196.322295119684 928.643824714231 747 1573757996670
-196.277008516352 924.644493731807 731 1573757996648
-196.277008516352 920.644493731807 731 1573757996648
-196.097752014536 916.655341984651 729 1573757996625
-195.99647507809 912.661471066736 729 1573757996618
-195.99647507809 908.661471066736 729 1573757996618
-195.898801293163 904.66308879494 715 1573757996603
-195.766337127558 900.665282741011 715 1573757996603
-195.715914884135 896.666117862588 705 1573757996588
-195.715914884135 892.666117862588 705 1573757996588
-195.715914884135 888.666117862588 705 1573757996588
-195.79283974901 884.667224371962 701 1573757996565
-195.907890244322 880.668879291365 701 1573757996565
-195.952780244273 876.671191577553 681 1573757996543
-195.762831760851 872.67570417629 681 1573757996543
-195.584303272096 868.679695578856 679 1573757996528
-195.409520741974 864.683516019932 679 1573757996528
-195.234738211851 860.687336461007 679 1573757996528
-194.81983682506 856.715086148842 673 1573757996498
-194.478341102917 852.735267244827 668 1573757996490
-194.234054238893 848.747574844879 647 1573757996475
-193.708422783796 844.804376448972 643 1573757996460
-193.950994574121 840.903138333873 638 1573757996445
END STROKE
-203.851973218998 1086.45140939245 414 1573758005751
-202.288540544244 1084.17931526313 746 1573758005826
-198.485814966658 1084.91176006269 766 1573758005856
-194.551783324995 1085.42504175915 800 1573758005871
-190.689466927003 1086.11497862819 795 1573758005886
-186.933256868958 1087.48273394906 797 1573758005893
-182.983246602491 1087.97768984775 800 1573758005901
-179.003352576724 1087.60400738117 814 1573758005916
-175.025637086257 1087.18624006821 817 1573758005931
-171.079826932316 1086.53005242046 817 1573758005931
-167.134016778376 1085.87386477271 817 1573758005931
-163.264757237107 1084.91890506267 818 1573758005953
-159.267659620597 1085.07125546172 818 1573758005953
-155.270341469562 1085.21747949256 841 1573758005969
-151.272635238733 1085.35292280909 841 1573758005969
-147.279266790813 1085.28289273181 840 1573758005976
-143.284782844754 1085.09239713741 840 1573758005991
-139.286641092244 1084.97048517393 840 1573758005991
-135.36505258738 1084.35015120546 840 1573758005999
-131.439355950671 1083.67023999773 838 1573758006014
-127.457137583128 1083.29349489398 838 1573758006014
-123.466656095614 1083.04673125232 840 1573758006044
-119.468787442149 1082.91617004198 840 1573758006044
-115.470918788685 1082.78560883164 840 1573758006044
-111.47305013522 1082.6550476213 840 1573758006044
-107.473906647702 1082.60257970747 840 1573758006051
-103.496157374365 1082.96886081862 841 1573758006074
-99.525571071748 1083.45305542151 841 1573758006074
-95.5509226279854 1083.75890098597 841 1573758006089
-91.6270128940707 1084.49228387125 841 1573758006096
-87.6431321005079 1084.85008167566 841 1573758006111
-83.6588355687296 1085.14457396675 846 1573758006126
-79.6613089946317 1085.00392799496 846 1573758006126
-75.6699861236525 1084.77244939807 845 1573758006134
-71.6866307114259 1084.90177619228 845 1573758006149
-67.7215273586275 1085.37495314794 845 1573758006156
-63.7583844646729 1085.79052006314 848 1573758006171
-59.7614519027714 1085.938127696 847 1573758006179
-55.7965450069266 1085.66500829462 847 1573758006194
-51.9264772507201 1084.65378351131 847 1573758006194
-47.9618596509724 1084.36771389692 849 1573758006216
-44.0180296300609 1083.69972829367 849 1573758006216
-40.0739524526213 1083.19811608791 848 1573758006224
-36.109535984904 1083.62894734077 848 1573758006254
-32.109535984904 1083.62894734077 848 1573758006254
-28.109535984904 1083.62894734077 848 1573758006254
-24.1327189645573 1083.5038343129 848 1573758006269
-20.1408593252115 1083.62894734077 848 1573758006299
-16.1408593252115 1083.62894734077 848 1573758006299
-12.3957600944746 1084.87445931326 848 1573758006321
-8.52160306011546 1085.82470560388 848 1573758006336
-4.5771371090862 1085.938127696 847 1573758006359
-0.63746548773088 1086.47267079016 847 1573758006374
3.2740189131179 1087.17461330201 847 1573758006427
7.17338813331176 1088.06619598724 847 1573758006427
11.0727573535056 1088.95777867247 847 1573758006427
14.9599958626441 1088.67809018412 848 1573758006449
18.8908919061843 1088.76058974767 847 1573758006502
22.8908919061843 1088.76058974767 847 1573758006502
26.8526322505781 1089.0172305959 847 1573758006524
30.8249946651247 1088.90423520687 847 1573758006539
34.772553887639 1089.02750228759 847 1573758006562
END STROKE
52.3725671648548 1005.92728819752 789 1573758004632
52.4316651830858 1001.92772479331 789 1573758004632
52.4907632013167 997.928161389109 789 1573758004632
52.5498612195477 993.928597984906 789 1573758004632
52.8746888677038 989.948028015336 788 1573758004594
53.4087593827268 985.983917678028 785 1573758004587
53.9675828280013 982.023145486017 785 1573758004587
54.5388434707408 978.064169481229 788 1573758004572
55.1235149103042 974.107130271447 788 1573758004572
55.7154759411094 970.151252134138 788 1573758004557
56.3890877519471 966.208379180529 788 1573758004557
57.0626995627849 962.26550622692 788 1573758004557
57.4675958444672 958.286055929839 788 1573758004542
57.8723666791606 954.306588557014 788 1573758004542
58.2535330516553 950.325031073901 789 1573758004519
58.5543193287749 946.336356154144 789 1573758004519
58.9308567747643 942.355404196818 789 1573758004504
59.4411969489208 938.388093658602 789 1573758004504
59.9515371230773 934.420783120385 789 1573758004504
60.4618772972338 930.453472582169 789 1573758004504
60.9722174713903 926.486162043953 789 1573758004504
62.378454006228 922.745812199354 783 1573758004474
63.3532307356284 918.874271585927 784 1573758004467
63.8994291707521 914.914638446197 776 1573758004459
64.3731883820565 910.942793508425 776 1573758004459
64.8469475933608 906.970948570653 776 1573758004459
65.3607766793995 903.004685851173 758 1573758004437
65.9906399205346 899.054588093209 758 1573758004437
66.6205031616697 895.104490335246 758 1573758004437
67.1966213144239 891.148489412962 751 1573758004414
67.4391594102111 887.155849274896 751 1573758004414
68.0046474032888 883.199542790465 744 1573758004399
68.0046474032888 879.199542790465 744 1573758004399
68.0046474032888 875.199542790465 744 1573758004399
68.5225969883074 871.234773890809 736 1573758004384
69.064253490106 867.271617543393 736 1573758004384
68.9781821588282 863.278998734444 733 1573758004369
68.8462744737703 859.281771188297 734 1573758004354
68.7490321142106 855.284426894318 734 1573758004346
68.5157578455193 851.291381865817 716 1573758004331
68.0112110126244 847.337145740542 714 1573758004316
END STROKE
43.617315362614 1089.19752417469 798 1573758004887
43.5964456430046 1085.24767055382 798 1573758004865
43.5964456430046 1081.24767055382 800 1573758004827
44.3892692158517 1077.33719993392 800 1573758004805
45.5337224654684 1073.50870492064 801 1573758004789
46.0773325607275 1069.56820807194 801 1573758004774
46.3887954435862 1065.58035264921 801 1573758004774
46.6342543130714 1061.58791526941 801 1573758004752
47.1348496065626 1057.62147173378 801 1573758004737
47.6924391924342 1053.66054036339 801 1573758004722
48.234098229802 1049.69738436252 801 1573758004722
48.7757572671699 1045.73422836165 801 1573758004722
49.4052936533189 1041.78446591767 798 1573758004699
49.9262821040404 1037.81891306411 798 1573758004692
50.3948235442361 1033.84699402955 795 1573758004677
50.7300737035131 1029.86106787234 795 1573758004677
51.0653238627901 1025.87514171514 795 1573758004677
51.4005740220672 1021.88921555793 795 1573758004677
51.7358241813442 1017.90328940072 795 1573758004677
52.0710743406212 1013.91736324352 795 1573758004677
52.3134691466239 1009.92685160172 789 1573758004632
END STROKE
-181.903306128694 838.644526227286 751 1573757984406
-177.923317518704 838.707879774122 747 1573757984414
-173.961164048094 838.311848846041 753 1573757984459
-169.961357535026 838.272506019221 753 1573757984459
-165.961551021959 838.233163192401 753 1573757984459
-161.961744508891 838.193820365581 753 1573757984459
-157.961937995824 838.154477538761 753 1573757984459
-153.962131482756 838.115134711941 753 1573757984459
-149.962350812109 838.074899971789 772 1573757984481
-145.966976410112 837.88258931721 772 1573757984481
-141.971602008114 837.690278662631 772 1573757984481
-137.976227606117 837.497968008052 772 1573757984481
-133.980898869536 837.305024529256 787 1573757984489
-129.999307771041 836.921707005021 787 1573757984489
-126.007007107298 836.703129191624 792 1573757984519
-122.009299705804 836.567720432528 792 1573757984519
-118.01159230431 836.432311673432 792 1573757984519
-114.013884902816 836.296902914336 792 1573757984519
-110.016177501322 836.16149415524 792 1573757984519
-106.018470099828 836.026085396144 792 1573757984519
-102.035650247603 836.389508100986 797 1573757984534
-98.0531334588568 836.76308543884 797 1573757984534
-94.068528568484 837.110413578975 808 1573757984571
-90.0770363310343 837.371161960329 808 1573757984571
-86.0855440935845 837.631910341683 808 1573757984571
-82.0940518561348 837.892658723037 808 1573757984571
-78.1025596186851 838.153407104391 808 1573757984571
-74.1110673812354 838.414155485744 808 1573757984571
-70.1195751437857 838.674903867098 808 1573757984571
-66.1256978703087 838.884599990497 815 1573757984594
-62.127280792676 838.997120536599 815 1573757984594
-58.1288637150433 839.109641082702 815 1573757984594
-54.1304466374106 839.222161628805 815 1573757984594
-50.1320295597779 839.334682174908 815 1573757984594
-46.150786375213 839.698292038853 814 1573757984609
-42.1742854937588 840.131236307545 814 1573757984609
-38.1977846123045 840.564180576238 814 1573757984609
-34.2132881220837 840.913830113648 813 1573757984631
-30.22704117009 841.245244111121 813 1573757984631
-26.2407942180963 841.576658108594 813 1573757984631
-22.2545472661026 841.908072106067 813 1573757984631
-18.2678622585727 842.233951911329 832 1573757984654
-14.2791162134676 842.533793515612 832 1573757984654
-10.2903701683625 842.833635119894 832 1573757984654
-6.30162412325747 843.133476724177 832 1573757984654
-2.31287807815241 843.433318328459 832 1573757984654
1.67411920191599 843.74767447826 831 1573757984661
5.61993671994336 844.403817842494 831 1573757984661
9.5880392325491 844.863303020943 830 1573757984676
13.5806254570266 845.106727013418 830 1573757984676
17.5732116815041 845.350151005893 830 1573757984676
21.5681288789659 845.517039804056 834 1573757984699
25.5681288789659 845.517039804056 834 1573757984699
29.5681288789659 845.517039804056 834 1573757984699
33.5681288789659 845.517039804056 834 1573757984699
37.5681288789659 845.517039804056 834 1573757984699
41.5680842748981 845.512649258017 836 1573757984714
45.5672586989522 845.431384714753 836 1573757984714
49.5664331230062 845.350120171489 836 1573757984714
53.5656075470603 845.268855628225 836 1573757984714
57.5506072216639 845.587341316609 836 1573757984721
END STROKE
-185.606476884594 840.394002709336 764 1573758054994
-182.824039348091 843.249433745914 793 1573758055016
-179.967024666444 846.048981407386 793 1573758055016
-176.861990808244 848.532726971317 800 1573758055039
-174.228443143266 851.543445605845 800 1573758055039
-171.702184343481 854.641990132279 808 1573758055061
-169.271014592625 857.818373868939 808 1573758055061
-166.80250073461 860.962593527076 811 1573758055084
-164.02156396204 863.837726683465 811 1573758055084
-161.240627189469 866.712859839854 811 1573758055084
-158.849993464661 869.909030956372 810 1573758055091
-155.777481799116 872.452140408617 810 1573758055106
-152.819857290456 875.135791858526 831 1573758055129
-149.988201635014 877.96098676313 831 1573758055129
-147.46204050423 881.026330145333 830 1573758055136
-144.866806004037 884.043788407466 831 1573758055152
-142.130298316403 886.955506930031 831 1573758055167
-139.654313558632 890.075513386982 832 1573758055182
-136.578555724486 892.632799789733 832 1573758055182
-133.775288859612 895.381898897294 832 1573758055189
-131.550590541669 898.657516310935 832 1573758055204
-129.044748530413 901.775313382132 831 1573758055212
-126.571665537471 904.918995954606 831 1573758055219
-123.892929631792 907.868583263198 837 1573758055234
-120.941232154791 910.568116927419 837 1573758055234
-118.307120874359 913.568548508974 840 1573758055249
-115.770687954123 916.661525722136 840 1573758055249
-113.053758810751 919.594259380901 840 1573758055272
-110.233851336958 922.431180571072 840 1573758055272
-107.448157574816 925.297280672379 840 1573758055279
-104.59429873207 928.084357296783 840 1573758055287
-102.278762038733 931.331944737766 839 1573758055294
-99.413262180408 934.105738816259 842 1573758055317
-96.4615691245152 936.805277314557 842 1573758055317
-93.4756782742792 939.463060819444 841 1573758055324
-90.3804633496137 941.973657488323 842 1573758055339
-87.6746944653686 944.919640303115 842 1573758055339
-84.9656404819399 947.862561536328 842 1573758055362
-82.2173040954839 950.768873134709 842 1573758055362
-79.468967709028 953.675184733089 842 1573758055362
-76.720631322572 956.58149633147 842 1573758055362
-74.0893429055347 959.593227157079 842 1573758055399
-71.4854076525695 962.629593603732 842 1573758055399
-68.8814723996044 965.665960050386 842 1573758055399
-66.2775371466393 968.70232649704 842 1573758055399
-63.4994022489665 971.569966026186 842 1573758055407
-60.7542083846773 974.474149034403 842 1573758055429
-58.0813954697154 977.450064208196 842 1573758055429
-55.4854994585229 980.489911034507 842 1573758055452
-53.0484215814825 983.661764029405 842 1573758055452
-50.6113437044422 986.833617024302 842 1573758055452
-48.1088110005908 989.951787743057 842 1573758055459
-45.4578415679879 992.945463916469 842 1573758055489
-42.5061440909865 995.644997580691 842 1573758055489
-39.5544466139852 998.344531244912 842 1573758055489
-36.6027491369838 1001.04406490913 842 1573758055489
-33.6902955045524 1003.78576167763 842 1573758055512
-30.7862714932975 1006.53651512752 842 1573758055512
-27.8766195147022 1009.28122203044 841 1573758055520
-25.1135407142206 1012.15318750252 841 1573758055542
-22.6890392998965 1015.33466402953 841 1573758055542
-20.2645378855725 1018.51614055655 841 1573758055542
-17.7500512038289 1021.62605869637 841 1573758055557
-15.1963114461164 1024.70476187301 841 1573758055557
-12.6347907938351 1027.77695104174 840 1573758055572
-10.0531965710056 1030.8323350223 840 1573758055572
-7.46553598936902 1033.88256934396 840 1573758055610
-4.86989509551647 1036.92602927472 840 1573758055610
-2.27425420166393 1039.96948920548 840 1573758055610
0.321386692188578 1043.01294913624 840 1573758055610
2.96558371502033 1046.01169109913 839 1573758055625
5.65306700719399 1048.9569567932 839 1573758055640
7.87536503484861 1052.28282381945 839 1573758055640
9.92500017431533 1055.7165798795 839 1573758055647
12.432600698215 1058.80943974836 838 1573758055677
15.1326613395332 1061.76065518157 838 1573758055677
17.8327219808513 1064.71187061478 838 1573758055677
20.5327826221695 1067.66308604798 838 1573758055677
23.2088637965761 1070.63585641962 838 1573758055700
25.8566699162607 1073.63404299697 838 1573758055700
28.575532338367 1076.56239702651 838 1573758055707
31.0606763022099 1079.66577026982 838 1573758055737
33.3091946684529 1082.97396693215 838 1573758055737
35.5577130346958 1086.28216359448 838 1573758055737
END STROKE
===NOTES===
Great Job
