1.00
USERID - 01/01/2000 01:00:00 AM - F - HS - EN - N/A
11/12/2019 16:0:28:226
11/12/2019 16:0:31:794
-292.473609451523 244.528368544889 127 1573596042094
-288.999766275943 245.13750237763 531 1573596042342
-285.027212371063 244.67405251582 530 1573596042349
-281.085880143919 244.199789342115 528 1573596042387
-277.091825378481 244.352617405315 573 1573596042409
-273.112016946185 244.035531075766 572 1573596042432
-269.164921757117 243.542693606643 568 1573596042462
-265.204618893623 243.023380386373 566 1573596042500
-261.247040590514 242.457647705206 566 1573596042515
-257.264526332538 242.096068907039 585 1573596042545
-253.273452150403 241.828997993806 585 1573596042545
-249.290512623968 241.549438775188 591 1573596042567
-245.343288617336 241.320618040561 617 1573596042597
-241.384551634971 241.406960123652 612 1573596042657
-237.400177418077 241.285356154223 611 1573596042665
-233.459332908679 240.742931213621 610 1573596042687
-229.514132810825 240.092643312558 615 1573596042710
-225.540302289037 239.747278135501 616 1573596042725
-221.648809119867 239.928385046208 631 1573596042785
-217.693251998627 239.417225796403 654 1573596042822
-213.730581395226 238.942647437887 651 1573596042845
-209.743026165355 238.778389171538 649 1573596042883
-205.778796423428 238.942647437887 649 1573596042943
-203.784325937724 238.215886807848 323 1573596043318
END STROKE
-294.629189047634 483.196268870933 649 1573596034850
-295.527351495437 479.364488928854 733 1573596034813
-295.408034956201 475.402721166114 769 1573596034767
-295.886606195943 471.454436229966 767 1573596034737
-296.292969955374 467.577472596688 767 1573596034692
-296.655145941197 463.621309952583 765 1573596034655
-296.425496812214 459.697450575368 772 1573596034625
-296.245878027473 455.721555758906 786 1573596034602
-295.527351495437 451.831175738557 786 1573596034535
-295.252776193787 447.886170613756 786 1573596034512
-295.237611398698 443.944927883242 802 1573596034460
-295.578490696857 439.990133742301 808 1573596034422
-296.007747335837 436.074287235419 806 1573596034407
-295.891285571213 432.127853516468 808 1573596034369
-296.263897286748 428.182422311796 807 1573596034309
-296.120078881385 424.240548560772 806 1573596034279
-295.792423395605 420.290280945608 813 1573596034242
-295.521430134111 416.314543829571 815 1573596034212
-295.012900601658 412.353721497196 814 1573596034189
-294.988443748141 408.453436243012 818 1573596034144
-295.168079663905 404.469670537835 819 1573596034114
-294.980701518958 400.513554387094 821 1573596034092
-294.774754639658 396.532453804748 812 1573596034062
-294.49834601072 392.579351578555 801 1573596034024
-293.973883483396 388.65203217639 803 1573596033994
-293.505528143198 384.744602956642 804 1573596033964
-293.371754768301 380.826725773212 797 1573596033926
-293.910662515597 376.884963101483 794 1573596033896
-293.910662515597 372.884963101483 794 1573596033896
-294.146574101677 368.900526452636 794 1573596033836
-293.910662515597 364.995860618121 795 1573596033814
-293.551390684066 361.039385461655 794 1573596033776
-293.477755794878 357.059025252539 795 1573596033754
-293.23825101219 353.087988422724 796 1573596033724
-292.786383908447 349.132483778833 796 1573596033701
-292.003412671875 345.245434460155 796 1573596033679
-291.424913201711 341.288149646386 797 1573596033656
-290.783463243967 337.342730414235 798 1573596033634
-290.430231285178 333.358357542214 798 1573596033634
-290.182540785572 329.366686296127 789 1573596033603
-289.64099317954 325.407807881164 787 1573596033588
-289.419867407609 321.425601580499 788 1573596033566
-289.419867407609 317.425601580499 788 1573596033566
-289.015985306349 313.490905460945 775 1573596033506
-288.521704959807 309.529039621175 767 1573596033476
-288.521704959807 305.529039621175 767 1573596033476
-288.657931739669 301.614976867679 744 1573596033393
-289.54072330272 297.772915704066 740 1573596033326
-290.757698007607 294.26788771003 774 1573596033168
-290.926425733471 290.311307956716 769 1573596033138
-290.677284555918 286.349151873229 774 1573596033115
-290.677284555918 282.349151873229 774 1573596033115
-290.677284555918 278.349151873229 774 1573596033115
-290.677284555918 274.402591360693 774 1573596033003
-290.408844529606 270.489239486063 774 1573596032965
-290.283454719184 266.536516366901 774 1573596032935
-290.363477540991 262.571178659183 770 1573596032905
-289.779122108116 258.645144475066 775 1573596032890
-290.086436391673 254.670629076053 774 1573596032852
-290.290816281051 250.691825256859 781 1573596032807
-290.212728844769 246.692587535455 781 1573596032807
END STROKE
-293.371754768301 112.29329667957 739 1573596031809
-292.931513573135 116.257511570584 740 1573596031831
-292.746614492379 120.216781750743 743 1573596031846
-293.301071565953 124.145404057394 747 1573596031869
-293.832520494943 128.099011514754 750 1573596031884
-293.910662515597 132.09687703586 750 1573596031914
-294.052082341023 136.092811069979 754 1573596031929
-294.59294665155 140.038276918878 773 1573596031951
-295.168079663905 143.977704033634 770 1573596031996
-295.706970280178 147.899066785391 771 1573596032041
-295.593563877889 151.860533417452 769 1573596032071
-296.207854041717 155.79242263818 770 1573596032094
-296.22333276559 159.776863412812 769 1573596032102
-295.527351495437 163.64481084296 768 1573596032154
-295.347715579671 167.613093421529 767 1573596032199
-295.527351495437 171.554862689292 764 1573596032274
-295.440470621132 175.5440705355 765 1573596032297
-295.272252434119 179.433321555224 765 1573596032342
-295.347715579671 183.392601695778 764 1573596032372
-294.595914258984 187.195673010805 764 1573596032424
-294.003726818047 191.148314652716 764 1573596032439
-293.759477392373 195.099538695082 764 1573596032454
-293.706638130108 199.082138285438 764 1573596032477
-293.353131995108 203.056396113804 765 1573596032537
-293.253768638867 207.055161788789 765 1573596032537
-292.913401068843 211.028601640555 769 1573596032567
-292.17935595593 214.960672058567 769 1573596032567
-291.150639740896 218.811016492747 771 1573596032590
-290.580780344181 222.764051494297 787 1573596032635
-290.269329914588 226.75190788964 786 1573596032650
-289.987821166063 230.733194665093 785 1573596032665
-289.878074279133 234.729719934096 785 1573596032725
-289.793982544824 238.728835908936 785 1573596032725
-290.100912703447 242.697002812854 783 1573596032747
END STROKE
-343.668671969475 117.042583362243 318 1573596028226
-340.202546024397 116.342850878357 577 1573596028384
-336.226031256312 116.05687708896 574 1573596028421
-332.27913782641 115.567685936497 575 1573596028451
-328.322773744795 115.107994419541 587 1573596028466
-324.32624691536 114.981739419381 611 1573596028504
-320.32714801207 114.906849879252 608 1573596028519
-316.354281394743 115.235429082025 615 1573596028549
-312.388515496293 114.965305528083 617 1573596028579
-308.450565576442 114.483080928118 628 1573596028602
-304.513439838287 113.992730771812 632 1573596028647
-300.671643690162 113.046265459296 636 1573596028692
-296.762313804096 112.216671851921 635 1573596028699
END STROKE
-292.798769472362 111.785441458015 635 1573596028729
-288.93584470819 111.152709443503 637 1573596028782
-285.001030301058 110.635445583344 636 1573596028812
-281.050140164086 110.52891433945 636 1573596028849
-277.131283894196 109.893448535196 652 1573596028894
-273.204085607952 109.133841007438 651 1573596028924
-269.255169320828 108.738118535573 650 1573596028962
-265.372699616269 108.781845445311 650 1573596029045
-261.415191672296 108.444542826407 658 1573596029082
-257.508499786844 107.70818333184 651 1573596029105
-253.646173921729 106.717944841971 655 1573596029120
-249.679464556205 106.945359875434 669 1573596029195
-245.737805686362 106.87207938891 672 1573596029255
-241.881877981027 106.124943615036 690 1573596029307
-237.965238303093 105.725088158925 699 1573596029390
END STROKE
-296.066242111708 37.3639441218113 175 1573596031238
-296.421523225519 41.2595538343742 524 1573596031381
-296.336095718492 45.1277683087302 581 1573596031411
-296.425496812214 49.1141290379545 612 1573596031433
-296.386525518671 52.9834239613717 631 1573596031478
-296.192347638067 56.9770377186724 643 1573596031486
-295.765174286248 60.9127366515973 650 1573596031523
-295.869450497918 64.9095084551813 649 1573596031531
-295.985225422476 68.8702941851896 659 1573596031553
-296.402111797568 72.8407216034581 675 1573596031598
-296.640249072729 76.8336266409187 675 1573596031598
-296.67755572342 80.8256617433223 674 1573596031613
-296.066242111708 84.7649555783076 675 1573596031636
-295.596956721502 88.7320004740017 695 1573596031658
-294.937960873249 92.6536592767617 700 1573596031704
-294.098783165924 96.5617891862968 704 1573596031719
-293.551390684066 100.478276705749 706 1573596031741
-293.19213598356 104.442913541722 706 1573596031764
-293.748839726282 108.320051662798 742 1573596031794
END STROKE
===NOTES===
Great Job
