1.00
USERID - 01/01/2000 01:00:00 AM - F - HS - EN - N/A
11/15/2019 11:9:24:412
11/15/2019 11:9:41:95
691.36728808763 232.285158861868 402 1573837777358
693.361755037525 235.352774482037 524 1573837777419
696.585657063545 237.67762360121 552 1573837777434
699.715099829892 240.147405728365 591 1573837777471
703.040721556264 242.370070825289 591 1573837777471
706.366343282635 244.592735922213 591 1573837777471
709.709253241482 246.789082955755 603 1573837777486
713.069820934568 248.958549429381 603 1573837777486
716.45036970253 251.096580454376 611 1573837777501
719.841191971306 253.218448579772 611 1573837777501
723.286830583843 255.248427080993 643 1573837777554
726.764845317968 257.224132906568 643 1573837777554
730.242860052092 259.199838732143 643 1573837777554
733.720874786217 261.175544557718 643 1573837777554
737.198889520342 263.151250383294 643 1573837777554
740.676904254466 265.126956208869 643 1573837777554
744.154918988591 267.102662034444 643 1573837777554
747.632933722716 269.078367860019 643 1573837777554
751.11895858124 271.0396821008 648 1573837777584
754.630882742167 272.954463730099 648 1573837777584
758.142806903093 274.869245359398 648 1573837777584
761.65473106402 276.784026988697 648 1573837777584
END STROKE
765.166655224946 278.698808617996 648 1573837777584
768.678579385873 280.613590247295 648 1573837777584
772.237482443359 282.439146017108 650 1573837777629
775.803570561362 284.251055378705 650 1573837777629
779.369658679364 286.062964740301 650 1573837777629
782.935746797367 287.874874101897 650 1573837777629
786.50183491537 289.686783463493 650 1573837777629
790.067923033372 291.498692825089 650 1573837777629
793.634011151375 293.310602186685 650 1573837777629
797.200099269378 295.122511548282 650 1573837777629
800.760742033174 296.945075537144 659 1573837777674
804.318204629692 298.773861985688 659 1573837777674
807.87566722621 300.602648434231 659 1573837777674
811.433129822728 302.431434882775 659 1573837777674
814.990592419246 304.260221331318 659 1573837777674
818.548055015764 306.089007779862 659 1573837777674
822.105517612281 307.917794228405 659 1573837777674
825.662980208799 309.746580676949 659 1573837777674
829.189663710932 311.63381012336 664 1573837777711
832.710220282724 313.532673316119 664 1573837777711
836.230776854516 315.431536508877 664 1573837777711
839.751333426308 317.330399701635 664 1573837777711
843.2718899981 319.229262894393 664 1573837777711
846.792446569892 321.128126087152 664 1573837777711
850.352351938937 322.95168509907 670 1573837777726
853.921557786611 324.757445220717 670 1573837777726
857.541704002296 326.452805736399 680 1573837777756
861.231781171169 327.996609638378 680 1573837777756
864.921858340041 329.540413540357 680 1573837777756
868.611935508914 331.084217442336 680 1573837777756
872.302012677786 332.628021344315 680 1573837777756
875.94491204669 334.279057032336 681 1573837777794
879.576243000151 335.956386906403 681 1573837777794
883.207573953612 337.633716780469 681 1573837777794
886.838904907073 339.311046654536 681 1573837777794
890.470235860534 340.988376528603 681 1573837777794
894.077424175561 342.716865234076 680 1573837777824
897.68069504656 344.453655097648 680 1573837777824
901.28396591756 346.19044496122 680 1573837777824
904.886371738342 347.929021247817 680 1573837777847
908.483332467921 349.67884224148 680 1573837777847
912.0802931975 351.428663235143 680 1573837777847
915.766962406649 352.975802584569 679 1573837777862
919.414577996971 354.592127565036 680 1573837777884
922.807204561758 356.711109630063 680 1573837777884
926.201740545895 358.826806302073 685 1573837777907
929.722301503881 360.725661362658 685 1573837777907
933.244126013745 362.621815880384 687 1573837777914
936.917574354227 364.194779267346 687 1573837777937
940.452620463962 366.066529518329 687 1573837777937
943.938456568471 368.022095112985 688 1573837777952
947.295572548849 370.19689907985 688 1573837777952
951.008855251734 371.679962853754 689 1573837777974
954.729229651057 373.149253270539 689 1573837777974
958.380687355304 374.73059913995 687 1573837777997
962.220410927727 375.846591087661 690 1573837778019
965.958222643525 377.270937807124 690 1573837778019
969.626760286759 378.848601839498 690 1573837778042
973.166055876483 380.712304264394 690 1573837778042
976.756687620948 382.473130654484 689 1573837778064
980.383201773325 384.159504238388 689 1573837778072
984.194661025604 385.345204804933 688 1573837778087
987.802311931242 387.05383042937 691 1573837778109
991.50633688616 388.563759887596 689 1573837778132
995.224939969696 390.037527544695 689 1573837778132
998.763143696595 391.884213855695 689 1573837778147
1002.37426066805 393.5920229696 690 1573837778162
1005.95919463525 395.35955692094 690 1573837778192
1009.68626442935 396.809657109371 689 1573837778215
END STROKE
1021.44681877112 414.259195804577 597 1573837796050
1022.77930397189 411.364653037396 597 1573837796050
1022.23742775579 409.702235199656 201 1573837795960
END STROKE
704.508743254669 699.458287130168 747 1573837781951
707.144642946038 696.550161835778 746 1573837781876
710.226141542257 694.063480993387 745 1573837781854
713.490485239056 691.822684096855 745 1573837781839
716.609343547328 689.318143649403 745 1573837781839
719.7282018556 686.813603201951 745 1573837781839
722.985516885637 684.582983625157 745 1573837781794
725.980726864145 681.957856623444 744 1573837781786
729.139457131458 679.506581750598 747 1573837781771
732.204752539059 676.936763845738 747 1573837781771
735.260151185029 674.355325408511 746 1573837781749
738.285190040836 671.738239257683 746 1573837781749
741.317989214532 669.131210093703 747 1573837781726
744.521020720237 666.744086799598 746 1573837781719
747.560400769845 664.143669734194 746 1573837781719
750.65216981918 661.607004424006 739 1573837781704
753.792360399935 659.129262888546 739 1573837781704
756.93255098069 656.651521353087 739 1573837781704
759.976834567175 654.060000090029 735 1573837781681
762.950283646883 651.384443966457 735 1573837781681
765.923732726591 648.708887842885 735 1573837781681
768.897181806298 646.033331719312 735 1573837781681
771.757908370559 643.238817005193 735 1573837781651
END STROKE
1021.44681877112 414.259195804577 597 1573837796050
1022.77930397189 411.364653037396 597 1573837796050
1022.23742775579 409.702235199656 201 1573837795960
END STROKE
774.589544975022 640.413603006172 735 1573837781651
777.529406191102 637.703326755371 733 1573837781636
780.519719351115 635.046631965778 733 1573837781636
783.469203304482 632.345213155693 731 1573837781621
786.386613834575 629.608661347504 731 1573837781621
789.299503912562 626.867348071043 728 1573837781606
792.183774028469 624.095888906904 728 1573837781606
795.068044144376 621.324429742766 728 1573837781606
797.952314260283 618.552970578627 728 1573837781606
800.836584376189 615.781511414489 728 1573837781606
803.743515842379 613.034827620999 725 1573837781576
806.760554139723 610.408522247978 725 1573837781576
809.777592437067 607.782216874957 725 1573837781576
812.794630734412 605.155911501936 725 1573837781576
815.811669031756 602.529606128915 725 1573837781576
818.8287073291 599.903300755894 725 1573837781576
821.845745626444 597.276995382873 725 1573837781576
824.862783923788 594.650690009851 725 1573837781576
827.879822221132 592.02438463683 725 1573837781576
830.896860518476 589.398079263809 725 1573837781576
833.888426263877 586.743900402415 706 1573837781516
836.775139072786 583.974985604361 706 1573837781516
839.661851881695 581.206070806307 706 1573837781516
842.510414397909 578.398246835672 703 1573837781501
845.335643227134 575.566625027852 703 1573837781501
848.160872056359 572.735003220033 703 1573837781501
850.986100885583 569.903381412214 703 1573837781501
853.811329714808 567.071759604395 703 1573837781501
856.687627585174 564.292092819148 699 1573837781471
859.567419537553 561.515980733692 699 1573837781471
862.495744198501 558.791711296148 692 1573837781456
865.455544936752 556.101064609969 692 1573837781456
868.415345675004 553.410417923791 692 1573837781456
871.375146413256 550.719771237612 692 1573837781456
874.334947151508 548.029124551433 692 1573837781456
877.294747889759 545.338477865255 692 1573837781456
880.254548628011 542.647831179076 692 1573837781456
883.214349366263 539.957184492897 692 1573837781456
886.174150104515 537.266537806719 692 1573837781456
889.133950842767 534.57589112054 692 1573837781456
892.058541156435 531.84763655999 684 1573837781396
894.93804529861 529.071225946411 684 1573837781396
897.817549440785 526.294815332831 684 1573837781396
900.69705358296 523.518404719252 684 1573837781396
903.576557725135 520.741994105672 684 1573837781396
906.45606186731 517.965583492092 684 1573837781396
909.335566009485 515.189172878513 684 1573837781396
912.21507015166 512.412762264933 684 1573837781396
915.129632816489 509.67422795924 682 1573837781343
918.119931176389 507.01751651108 682 1573837781343
921.108691746885 504.359079354648 683 1573837781328
924.091080664599 501.6934919253 683 1573837781328
927.073469582313 499.027904495953 683 1573837781328
930.055858500027 496.362317066605 683 1573837781328
933.038247417741 493.696729637258 683 1573837781328
936.020636335455 491.03114220791 683 1573837781328
939.182731135974 488.584423183539 666 1573837781291
942.105675754976 485.858176642995 665 1573837781283
944.991607057876 483.088447321393 665 1573837781283
947.877538360776 480.31871799979 665 1573837781283
950.763469663676 477.548988678188 665 1573837781283
953.649400966576 474.779259356586 665 1573837781283
956.518265832858 471.991884987799 663 1573837781245
959.382641644038 469.19986936959 663 1573837781245
962.247017455219 466.407853751381 663 1573837781245
965.1113932664 463.615838133172 663 1573837781245
967.97576907758 460.823822514963 663 1573837781245
970.754676246411 457.946775607817 666 1573837781208
973.530995856144 455.067196803896 639 1573837781193
976.266291964546 452.148608926281 639 1573837781193
979.001383785903 449.22982997897 636 1573837781178
981.730769330532 446.30571395036 636 1573837781178
984.460154875162 443.381597921751 636 1573837781178
987.189540419791 440.457481893142 636 1573837781178
989.91892596442 437.533365864533 636 1573837781178
992.373373649276 434.404787734895 627 1573837781140
994.763424544405 431.2139429241 618 1573837781133
997.342449130937 428.156389624145 618 1573837781133
999.921473717469 425.098836324191 618 1573837781133
1002.500498304 422.041283024236 618 1573837781133
1005.10970699161 419.009486101904 593 1573837781095
1007.72346774938 415.981573503909 593 1573837781095
END STROKE
===NOTES===
Great Job
