1.00
USERID - 01/01/2000 01:00:00 AM - F - HS - EN - N/A
11/12/2019 16:0:28:226
11/12/2019 16:2:9:244
339.65068528008 610.228686111975 211 1573596147035
339.397342071146 611.117544590593 510 1573596147133
341.24870137699 609.637704541308 525 1573596147156
343.225068744713 608.271210848646 550 1573596147178
345.138633280535 606.812794472284 550 1573596147178
347.052197816356 605.354378095921 550 1573596147178
348.941688288746 603.867147909204 546 1573596147186
350.717114624607 602.243396424054 546 1573596147186
352.295987716512 600.438275948761 551 1573596147201
353.772068124076 598.538303793702 551 1573596147201
355.24814853164 596.638331638643 551 1573596147201
357.036389386246 595.203684524787 553 1573596147208
359.354247373841 594.558516400235 553 1573596147208
361.261789298558 593.246586227316 562 1573596147216
362.882257953363 591.468163077897 562 1573596147216
364.705045589868 589.899945113071 589 1573596147261
366.544103531911 588.348631654931 589 1573596147261
368.383161473953 586.797318196791 589 1573596147261
370.222219415996 585.246004738651 589 1573596147261
372.061277358038 583.694691280511 589 1573596147261
373.90033530008 582.14337782237 589 1573596147261
END STROKE
414.557183313836 664.443001168122 283 1573596149877
416.051588091177 663.023730731785 465 1573596149937
417.311996721553 661.311944895013 463 1573596149945
418.637109746887 659.630607883218 501 1573596149975
419.926310905891 657.919067213959 501 1573596149975
421.215512064896 656.2075265447 501 1573596149975
422.5047132239 654.495985875441 501 1573596149975
423.875523444567 652.852868683702 516 1573596149990
425.335962111379 651.284898661225 516 1573596149990
426.796400778191 649.716928638748 516 1573596149990
428.230338387646 648.124905679163 542 1573596150020
429.649856588455 646.519795350096 542 1573596150020
431.069374789265 644.914685021029 542 1573596150020
432.488892990074 643.309574691962 542 1573596150020
433.908411190884 641.704464362895 542 1573596150020
435.327929391693 640.099354033829 542 1573596150020
436.747447592502 638.494243704762 542 1573596150020
END STROKE
272.28875866027 555.685791853047 96 1573596151590
273.754515923314 554.440502621022 548 1573596151733
275.448550208664 552.743098146185 580 1573596151763
277.105812746041 550.994252618293 580 1573596151763
278.764014842211 549.246301707603 578 1573596151778
280.429596870807 547.505377727574 578 1573596151778
282.095178899403 545.764453747546 578 1573596151778
283.810848159061 544.073132117342 585 1573596151785
285.568134271735 542.426609390582 659 1573596151853
287.407021900713 540.869858901194 659 1573596151853
289.245909529692 539.313108411806 659 1573596151853
291.08479715867 537.756357922418 659 1573596151853
292.923684787649 536.199607433029 659 1573596151853
294.762572416627 534.642856943641 659 1573596151853
296.601460045605 533.086106454253 659 1573596151853
298.440347674584 531.529355964865 659 1573596151853
300.279235303562 529.972605475476 659 1573596151853
302.118122932541 528.415854986088 659 1573596151853
303.957010561519 526.8591044967 659 1573596151853
END STROKE
214.626965919498 502.292893468794 166 1573596152996
214.765269428247 502.494984445504 548 1573596153108
216.038991569889 501.122143223076 588 1573596153138
217.338387019517 499.763948541218 588 1573596153138
218.680929361093 498.451562938279 605 1573596153183
220.114397818515 497.235713642553 605 1573596153183
221.547866275938 496.019864346828 605 1573596153183
222.98133473336 494.804015051103 605 1573596153183
224.414803190782 493.588165755378 605 1573596153183
225.848271648204 492.372316459652 605 1573596153183
227.281740105626 491.156467163927 605 1573596153183
228.715208563048 489.940617868202 605 1573596153183
230.148677020471 488.724768572476 605 1573596153183
231.582145477893 487.508919276751 605 1573596153183
233.015613935315 486.293069981026 605 1573596153183
234.449082392737 485.0772206853 605 1573596153183
235.882550850159 483.861371389575 605 1573596153183
237.316019307582 482.64552209385 605 1573596153183
238.749487765004 481.429672798124 605 1573596153183
240.182956222426 480.213823502399 605 1573596153183
END STROKE
491.798845466393 703.21446971436 214 1573596154488
493.518233032322 703.707307183486 491 1573596154578
494.547833703504 702.093239570666 564 1573596154706
495.680613759455 700.502500825231 561 1573596154721
496.726385808965 698.850470480373 561 1573596154721
497.838092574407 697.243639470913 581 1573596154736
499.00185913233 695.67249630795 581 1573596154736
500.165625690253 694.101353144987 581 1573596154736
501.353520979249 692.549021224132 604 1573596154751
502.593326652667 691.037159678875 604 1573596154751
503.833132326085 689.525298133619 604 1573596154751
505.072937999503 688.013436588362 604 1573596154751
506.31274367292 686.501575043105 604 1573596154751
507.666833701575 685.091405646487 656 1573596154773
509.024371017356 683.68430370415 656 1573596154773
510.381908333136 682.277201761813 656 1573596154773
END STROKE
375.739393242123 580.59206436423 589 1573596147261
377.578451184165 579.04075090609 589 1573596147261
379.417509126208 577.48943744795 589 1573596147261
381.25656706825 575.93812398981 589 1573596147261
383.040593409938 574.324162425101 588 1573596147283
384.816027457663 572.700419372221 588 1573596147283
386.591461505388 571.076676319342 588 1573596147283
388.366895553113 569.452933266462 588 1573596147283
390.195949391104 567.890308008848 591 1573596147298
392.036942495948 566.341291563644 591 1573596147298
393.866523954552 564.778974361917 589 1573596147321
395.677371571837 563.194822075497 589 1573596147321
397.312546544942 561.530943880308 592 1573596147336
398.256898554021 560.448451049379 590 1573596147373
399.944603863466 558.735042713856 588 1573596147388
401.6360357535 557.023997824384 586 1573596147403
403.452695133489 555.44950059928 586 1573596147441
405.198773159484 553.810519571014 586 1573596147463
407.044645208823 552.325763439797 587 1573596147591
408.833850284138 550.723096294024 586 1573596147636
410.510804056419 549.010499660433 586 1573596147659
410.352817741721 549.083300907036 205 1573596147711
END STROKE
444.178635194276 630.777446234252 568 1573596150065
445.669317604916 629.238200626328 568 1573596150065
447.160000015556 627.698955018403 568 1573596150065
448.650682426196 626.159709410479 568 1573596150065
450.141364836836 624.620463802554 568 1573596150065
451.632047247476 623.08121819463 568 1573596150065
453.122729658115 621.541972586705 568 1573596150065
454.586071783545 619.977194508566 566 1573596150102
456.019903379998 618.384857218944 566 1573596150102
457.45373497645 616.792519929322 566 1573596150102
458.887566572902 615.2001826397 566 1573596150102
460.321398169355 613.607845350078 566 1573596150102
461.755229765807 612.015508060456 566 1573596150102
463.18906136226 610.423170770834 566 1573596150102
464.677591567313 608.884016214661 562 1573596150147
466.229013704101 607.406010651616 562 1573596150147
467.780435840889 605.928005088571 562 1573596150147
469.331857977676 604.449999525526 562 1573596150147
470.883280114464 602.971993962481 562 1573596150147
472.434702251251 601.493988399436 562 1573596150147
END STROKE
305.795898190497 525.302354007311 659 1573596151853
307.634785819476 523.745603517923 659 1573596151853
309.473673448454 522.188853028535 659 1573596151853
311.312561077433 520.632102539147 659 1573596151853
313.151448706411 519.075352049758 659 1573596151853
314.990336335389 517.51860156037 659 1573596151853
316.829223964368 515.961851070982 659 1573596151853
318.668111593346 514.405100581594 659 1573596151853
320.506999222325 512.848350092205 659 1573596151853
322.345886851303 511.291599602817 659 1573596151853
324.184774480281 509.734849113429 659 1573596151853
326.02366210926 508.178098624041 659 1573596151853
327.862549738238 506.621348134653 659 1573596151853
329.701437367217 505.064597645264 659 1573596151853
331.540324996195 503.507847155876 659 1573596151853
333.379418316731 501.951343542519 658 1573596151883
335.242532011317 500.423669768682 658 1573596151883
337.105645705903 498.895995994846 658 1573596151883
338.968759400488 497.36832222101 658 1573596151883
340.831873095074 495.840648447173 658 1573596151883
342.69498678966 494.312974673337 658 1573596151883
344.518187928142 492.740366857988 657 1573596151898
343.609593055453 493.415096268986 526 1573596151958
END STROKE
511.739445648916 680.870099819476 656 1573596154773
513.096982964697 679.462997877139 656 1573596154773
514.454520280477 678.055895934802 656 1573596154773
515.812057596257 676.648793992465 656 1573596154773
517.169594912038 675.241692050128 656 1573596154773
518.527132227818 673.834590107791 656 1573596154773
519.886469575335 672.42927383089 646 1573596154826
521.282648416406 671.060505010522 646 1573596154826
522.678827257476 669.691736190154 646 1573596154826
524.075006098546 668.322967369785 646 1573596154826
525.471184939617 666.954198549417 646 1573596154826
526.867363780687 665.585429729049 646 1573596154826
528.263542621758 664.216660908681 646 1573596154826
529.659721462828 662.847892088312 646 1573596154826
531.055900303899 661.479123267944 646 1573596154826
532.452079144969 660.110354447576 646 1573596154826
533.848257986039 658.741585627208 646 1573596154826
535.24443682711 657.372816806839 646 1573596154826
536.64061566818 656.004047986471 646 1573596154826
538.036794509251 654.635279166103 646 1573596154826
539.432973350321 653.266510345735 646 1573596154826
540.829152191391 651.897741525366 646 1573596154826
542.225331032462 650.528972704998 646 1573596154826
543.621509873532 649.16020388463 646 1573596154826
545.004763376326 647.778973707804 646 1573596154833
544.748205738965 647.028679441567 229 1573596154901
END STROKE
241.642723095824 479.02987742561 612 1573596153236
243.109777415232 477.854771918752 612 1573596153236
244.576831734639 476.679666411893 612 1573596153236
246.043886054046 475.504560905035 612 1573596153236
247.510940373453 474.329455398177 612 1573596153236
248.97799469286 473.154349891318 612 1573596153236
250.445049012267 471.97924438446 612 1573596153236
251.912103331675 470.804138877602 612 1573596153236
253.379157651082 469.629033370743 612 1573596153236
254.846211970489 468.453927863885 612 1573596153236
256.313266289896 467.278822357027 612 1573596153236
257.780320609303 466.103716850169 612 1573596153236
259.24737492871 464.92861134331 612 1573596153236
260.714429248118 463.753505836452 612 1573596153236
262.181483567525 462.578400329594 612 1573596153236
263.648537886932 461.403294822735 612 1573596153236
265.115592206339 460.228189315877 612 1573596153236
266.582646525746 459.053083809019 612 1573596153236
268.049994750213 457.878347153021 611 1573596153251
269.523032029896 456.710750261537 611 1573596153251
270.870414140606 455.437216715023 611 1573596153266
271.031341511961 454.735751348039 311 1573596153386
END STROKE
305.980978745393 527.512711938843 596 1573596128952
309.009517761309 530.125746846584 596 1573596128952
312.038056777226 532.738781754325 596 1573596128952
315.254083500877 535.115071545961 598 1573596128914
318.377176553816 537.61432939234 598 1573596128914
321.500269606755 540.113587238719 598 1573596128914
324.472102880088 542.789592214663 598 1573596128892
327.591276087943 545.278174790465 594 1573596128877
330.666515536794 547.824078577024 591 1573596128861
333.909524844658 550.165635885549 591 1573596128861
337.148778172525 552.512320737035 592 1573596128839
340.359388182414 554.898108523993 592 1573596128839
343.614978249464 557.21938391739 580 1573596128816
346.963755580849 559.407006001937 580 1573596128816
350.237508175073 561.700848830885 582 1573596128794
353.419321369306 564.124907216165 582 1573596128779
356.605665130924 566.543008420169 582 1573596128779
359.792008892541 568.961109624172 582 1573596128779
362.970693739895 571.389228846522 581 1573596128749
366.139761179244 573.829927837561 581 1573596128749
369.308828618592 576.270626828601 581 1573596128749
372.47789605794 578.71132581964 581 1573596128749
END STROKE
242.03042358121 479.531562121297 600 1573596129184
245.190964904116 481.981941481193 600 1573596129169
248.291933089511 484.508598623183 600 1573596129169
251.392901274906 487.035255765172 600 1573596129169
254.515342561836 489.534507075973 601 1573596129132
257.710471843056 491.940987675582 601 1573596129132
260.907975388901 494.344305654512 599 1573596129109
264.110605154817 496.740795291976 599 1573596129109
267.313234920732 499.13728492944 599 1573596129109
270.623780339744 501.368874105646 600 1573596129072
273.705540131771 503.918924415786 600 1573596129072
276.949706797238 506.258777968629 602 1573596129057
280.203850603538 508.58457934131 601 1573596129034
283.502452976585 510.847149204215 601 1573596129034
286.795984907115 513.117026545582 604 1573596129012
290.070014253048 515.415010845349 604 1573596129012
293.34404359898 517.712995145116 604 1573596129012
296.559801899857 520.091464537844 596 1573596128982
299.765043718153 522.484459499445 596 1573596128982
302.952439729477 524.899677031102 596 1573596128952
END STROKE
443.313158549803 630.906001956957 584 1573596128531
446.502594450981 633.320023214585 584 1573596128531
449.692030352158 635.734044472214 584 1573596128531
452.881466253336 638.148065729842 584 1573596128531
456.070902154513 640.56208698747 584 1573596128531
459.177334181177 643.078557557232 585 1573596128486
462.200426075937 645.697892472021 585 1573596128486
465.280501060829 648.244726758327 572 1573596128463
468.539988695702 650.56329104644 572 1573596128463
471.820268889352 652.804709596805 577 1573596128441
474.89699452645 655.340655933143 575 1573596128433
478.142254668994 657.679092720234 575 1573596128433
481.451728663586 659.924920177735 571 1573596128411
484.779611995926 662.144197656181 571 1573596128411
488.111387375889 664.357578486129 569 1573596128381
491.451431809523 666.557680819608 565 1573596128366
494.654061575438 668.954170457072 565 1573596128366
497.856691341353 671.350660094537 565 1573596128366
501.106196355884 673.68224700319 553 1573596128328
504.388031880172 675.969069163139 551 1573596128313
507.573146733881 678.376802150196 549 1573596128298
510.626674197442 680.958995030866 549 1573596128291
END STROKE
513.909175552466 683.226969077142 549 1573596128268
517.360439695339 685.249041236121 549 1573596128268
520.811703838212 687.2711133951 549 1573596128268
524.262967981085 689.293185554079 549 1573596128268
527.753311138036 691.22028931694 550 1573596128208
531.017836150976 693.531755613448 550 1573596128208
534.22586800969 695.919628609498 550 1573596128186
537.392643334429 698.363300854834 550 1573596128186
540.534951822719 700.838256777631 550 1573596128163
543.669651031492 703.322942043519 550 1573596128163
546.825884106448 705.779061161643 550 1573596128133
550.077553275075 708.108577767681 550 1573596128133
553.329222443701 710.438094373718 550 1573596128133
556.580891612328 712.767610979755 550 1573596128133
559.795505845045 715.113205732788 553 1573596128073
563.093985135887 717.359119835135 554 1573596128058
566.614545744607 719.253390650784 554 1573596128050
569.797269041637 721.63776899496 548 1573596128028
573.192874799637 723.751447055247 548 1573596128020
576.556481539404 725.916198703865 548 1573596128020
579.928925423404 728.067153035261 549 1573596127998
583.309574208112 730.204972634738 548 1573596127968
586.566255207439 732.501143980785 552 1573596127945
589.781067232892 734.881266591283 552 1573596127945
593.163344317577 737.003185293897 520 1573596127915
596.240459384633 739.249695046748 450 1573596127780
END STROKE
375.646963497289 581.15202481068 581 1573596128749
378.816030936637 583.59272380172 581 1573596128749
381.985098375986 586.033422792759 581 1573596128749
385.154165815334 588.474121783799 581 1573596128749
388.323233254683 590.914820774838 581 1573596128749
391.536173793273 593.297236330814 579 1573596128674
394.758258717521 595.667503982564 579 1573596128674
397.97732552939 598.041853713773 585 1573596128651
401.18793553928 600.42764150073 585 1573596128651
404.430346648337 602.769322770512 583 1573596128636
407.708240892512 605.061790725361 583 1573596128636
410.941860445301 607.415520257451 585 1573596128621
414.147102263596 609.808515219053 585 1573596128621
417.352344081892 612.201510180655 585 1573596128621
420.562229802844 614.588270345963 583 1573596128599
423.772850984537 616.974043098692 583 1573596128599
426.994072299936 619.345165249364 585 1573596128576
430.264338523073 621.648501705421 585 1573596128576
433.534604746211 623.951838161479 585 1573596128576
436.804870969349 626.255174617536 585 1573596128576
440.075137192487 628.558511073594 585 1573596128576
END STROKE
198.520221165574 444.342171325266 601 1573596129342
201.516998357936 446.991572476345 601 1573596129342
204.513775550299 449.640973627423 601 1573596129342
207.510552742661 452.290374778502 601 1573596129342
210.516300124494 454.929565467197 600 1573596129305
213.529583549742 457.560178133311 600 1573596129305
216.542866974991 460.190790799426 600 1573596129305
219.764783081759 462.55924109302 600 1573596129275
223.004726591778 464.905038623048 600 1573596129275
226.222760456149 467.28000274364 602 1573596129244
229.378172132006 469.738330865731 602 1573596129244
232.533583807863 472.196658987823 602 1573596129244
235.68899548372 474.654987109914 602 1573596129244
238.844407159578 477.113315232005 602 1573596129244
END STROKE
===NOTES===
Great Job
