1.00
USERID - 01/01/2000 01:00:00 AM - F - HS - EN - N/A
10/25/2019 13:4:16:43
10/25/2019 13:4:21:628
-285.460493896916 237.106470352856 252 1572026664312
-281.773319268637 237.599370729607 662 1572026664507
-277.814678074988 237.751621025033 664 1572026664529
-273.826279167724 237.927991873467 666 1572026664567
-269.856616701643 237.898338827722 678 1572026664589
-265.913773417327 237.435091496715 689 1572026664619
-261.974257094029 237.564594784182 698 1572026664657
-258.010353686169 237.599370729607 699 1572026664725
-254.206426815754 237.843176560582 708 1572026664777
-250.22489610886 237.927991873467 719 1572026664882
-246.67068082428 238.00302482415 503 1572026665138
END STROKE
-283.129247087727 238.173950109199 589 1572026657417
-283.304656287727 242.169386547271 589 1572026657439
-283.304656287727 246.169386547271 589 1572026657439
-283.17376702877 250.1664064696 591 1572026657454
-283.191002201055 254.16455214201 589 1572026657514
-283.281159397754 258.16353597292 589 1572026657514
-283.371316594453 262.162519803831 589 1572026657514
-283.461473791153 266.161503634741 589 1572026657514
-283.353813787719 270.158393656469 589 1572026657529
-283.304656287727 274.15731915931 588 1572026657590
-283.304656287727 278.15731915931 588 1572026657590
-283.304656287727 282.15731915931 588 1572026657590
-283.304656287727 286.15731915931 588 1572026657590
-283.658892979837 290.135880432787 589 1572026657612
-284.074149961544 294.112504712301 588 1572026657627
-284.127282872325 298.107276263234 591 1572026657642
-284.076629915468 302.103944704564 589 1572026657672
-284.188733235761 306.102373501677 589 1572026657672
-284.140297078609 310.101613533423 589 1572026657725
-284.06860800015 314.100971066332 589 1572026657725
-284.023257401983 318.100564640868 589 1572026657770
-284.023257401983 322.100564640868 589 1572026657770
-284.023257401983 326.035245139814 587 1572026657800
-283.738170788277 329.979128154714 588 1572026657845
-283.663973978065 333.928809120149 587 1572026657905
-283.304656287727 337.880851283156 586 1572026657965
-283.304656287727 341.880851283156 587 1572026657980
-283.018912134743 345.772751187649 587 1572026658033
-282.945338597387 349.685251002192 586 1572026658100
-282.945338597387 353.685251002192 585 1572026658160
-282.934834952963 356.875509954701 586 1572026658228
-282.945338597387 360.853500444753 585 1572026658258
-283.304656287727 364.817849106132 584 1572026658303
-282.945338597387 368.779789026578 583 1572026658340
-282.900315164236 372.742357150086 583 1572026658371
-282.945338597387 376.716242388536 583 1572026658408
-282.816961605689 380.711236706058 583 1572026658423
-282.692978097201 384.68151984912 582 1572026658453
-282.586020907049 388.651763085755 582 1572026658491
-282.586020907049 392.61293372677 582 1572026658528
-282.40636206188 396.588820948893 581 1572026658558
-282.586020907049 400.557099478931 581 1572026658588
-282.322340537842 404.537804363601 582 1572026658618
-282.103909015321 408.513675906111 582 1572026658641
-282.136219890649 412.488244694691 583 1572026658671
-282.106479216604 416.482512833202 582 1572026658701
-281.837574298373 420.472354295087 581 1572026658708
-281.465083574678 424.450969800811 582 1572026658738
-281.328443257285 428.446156212141 581 1572026658761
-280.883296408867 432.366864800108 581 1572026658799
-280.144024223972 436.270923169103 584 1572026658844
-279.715692188692 440.201069035357 582 1572026658949
-280.177057275229 444.118386678013 583 1572026659031
-279.661015027782 448.050778029773 592 1572026659121
END STROKE
-283.727378476504 198.24279453531 591 1572026657252
-283.643686733294 202.241864787823 590 1572026657304
-283.587618556243 206.24147181346 590 1572026657304
-283.531550379192 210.241078839097 590 1572026657304
-283.296403770352 214.212078206965 590 1572026657312
-283.214139276249 218.18476663728 590 1572026657364
-283.318240666829 222.183411770382 590 1572026657364
-283.422342057408 226.182056903484 590 1572026657364
-283.435171515873 230.180504180349 591 1572026657387
-283.313734927227 234.178660399776 591 1572026657387
END STROKE
-286.585310895421 98.860188524484 548 1572026656651
-286.309907705649 102.849757682579 553 1572026656673
-286.179129277594 106.847293087851 554 1572026656681
-285.651600731226 110.70902806746 563 1572026656703
-285.909232307043 114.682200400043 562 1572026656741
-285.999470432424 118.681025961851 563 1572026656748
-285.650401743793 122.650218645024 578 1572026656778
-285.819811587254 126.637067703429 577 1572026656816
-285.819811587254 130.637067703429 578 1572026656831
-286.358788122762 134.595225798401 580 1572026656876
-286.565086976748 138.577377077508 581 1572026656899
-286.179129277594 142.488436493142 580 1572026656921
-286.046070672142 146.470243813733 586 1572026656966
-285.985229475958 150.456683905093 587 1572026656989
-285.622416837782 154.420910683381 588 1572026657019
-285.458370369273 158.372419633146 587 1572026657034
-284.933948327882 162.322730149887 588 1572026657064
-284.472212765927 166.292371349372 588 1572026657109
-284.109237769156 170.275868450127 588 1572026657109
-283.786279185674 174.257141875691 590 1572026657146
-283.664865737347 178.255298797894 590 1572026657146
-283.756306710434 182.254211563938 589 1572026657184
-283.858524015202 186.252743569595 589 1572026657199
-283.973186432421 190.24676741986 590 1572026657222
-283.826732361877 194.244028625 591 1572026657252
END STROKE
-291.20947414307 28.929739251706 235 1572026656043
-290.281137381812 32.270840009394 435 1572026656185
-289.718801932563 36.1937203476514 472 1572026656230
-289.725164841504 40.1396934888078 474 1572026656260
-289.877875175056 44.1185113124864 485 1572026656275
-289.069987283957 47.9406239164245 516 1572026656298
-288.87394342229 51.8709010229767 523 1572026656358
-288.87394342229 55.8709010229767 523 1572026656358
-289.233261112629 59.7563257233323 541 1572026656388
-289.412919957798 63.7400888485207 543 1572026656403
-289.272063651242 67.0581536542903 548 1572026656433
-289.05360226746 71.0449315469517 536 1572026656463
-288.897535707929 75.0401956291734 539 1572026656486
-288.553808314261 79.018566520015 540 1572026656523
-287.948453250079 82.9718034700162 539 1572026656546
-287.796024617696 86.9580275570108 539 1572026656568
-287.477118197378 90.9393281001681 545 1572026656591
-287.234141585405 94.9215262799455 548 1572026656628
END STROKE
-343.668640474558 104.675189264206 76 1572026660945
-341.797211561122 105.074551178046 554 1572026661125
-337.912779645777 105.825331928676 580 1572026661163
-333.981337459102 105.172404928643 585 1572026661185
-330.047110833868 104.474924786219 616 1572026661223
-326.128833027654 103.714356659532 616 1572026661230
-322.191345175294 103.014137402162 622 1572026661253
-318.238356908727 102.435823986791 626 1572026661260
-314.292127229675 101.881972219477 629 1572026661275
-310.347823003794 101.383419092353 635 1572026661313
-306.348727142646 101.298376201129 635 1572026661313
-302.353794585778 101.157026996686 644 1572026661343
-298.385680580136 100.652972199834 644 1572026661343
-294.452243492207 99.9534314918897 655 1572026661358
-290.510905407112 99.3030453703782 669 1572026661395
END STROKE
-286.539558555777 98.825128864714 669 1572026661395
-282.557091295151 98.7934522404683 679 1572026661418
-278.577278323285 98.4488591113586 678 1572026661440
-274.64373784378 98.0943528226424 679 1572026661463
-270.67029238748 97.8201521961875 681 1572026661485
-266.703001218809 97.7743019383484 686 1572026661516
-262.726151387457 97.5592306434509 685 1572026661546
-258.826949650534 97.1170909896676 687 1572026661568
-254.900352260198 97.4271416693763 688 1572026661598
-250.941145253984 97.3606005695482 692 1572026661628
END STROKE
===NOTES===
Great Job
