1.00
USERID - 01/01/2000 01:00:00 AM - F - HS - EN - N/A
11/15/2019 11:9:24:412
11/15/2019 11:9:59:597
1022.23742775579 409.702235199656 201 1573837795960
1022.77930397189 411.364653037396 597 1573837796050
1021.44681877112 414.259195804577 597 1573837796050
1020.15015151656 417.169496331183 624 1573837796072
1018.94129579926 420.117811527367 624 1573837796072
1017.71654482032 423.059552212619 681 1573837796110
1016.48956861672 426.000372512655 681 1573837796110
1015.26259241312 428.941192812691 681 1573837796110
1014.03561620952 431.882013112727 681 1573837796110
1012.95750903015 434.877716538401 702 1573837796132
1011.98194630124 437.911224739027 702 1573837796132
1011.00638357233 440.944732939652 702 1573837796132
1009.90642208697 443.934675670989 737 1573837796155
1008.77623029916 446.914031501376 737 1573837796155
1007.63011859106 449.8867025669 745 1573837796177
1006.29447526181 452.779789419787 745 1573837796177
1004.95883193257 455.672876272675 745 1573837796177
1003.69787836143 458.59815131073 760 1573837796207
1002.51208930548 461.555819134557 760 1573837796207
1001.32630024954 464.513486958383 760 1573837796207
1000.14881480616 467.47438428521 763 1573837796222
999.02464634122 470.456018049397 763 1573837796222
997.689385417806 473.340732187022 764 1573837796230
996.326301862979 476.219601259527 780 1573837796268
995.001922517709 479.117861770786 780 1573837796268
993.67754317244 482.016122282045 780 1573837796268
992.35316382717 484.914382793304 780 1573837796268
991.075222965253 487.833406896879 793 1573837796290
989.798360261977 490.752913067155 793 1573837796290
988.482170544892 493.654768309161 801 1573837796313
987.149569446176 496.549257720612 801 1573837796313
985.827074040132 499.44835940157 808 1573837796328
984.51358592587 502.351572038459 808 1573837796328
982.892871915222 505.086664456908 810 1573837796350
981.408478024485 507.906322134436 810 1573837796350
980.114810661657 510.816270231044 815 1573837796380
978.874775276541 513.751607841091 815 1573837796380
977.512468524734 516.624403280805 817 1573837796388
976.317118430546 519.563443477955 818 1573837796403
974.77116808427 522.311186693153 823 1573837796425
973.650106425707 525.268015655201 821 1573837796433
1021.87489120323 412.85260888707 198 1573837796940
1024.06008291213 414.353771544796 645 1573837797023
1026.0362553882 416.444423218038 649 1573837797038
1027.31515131152 419.025770649035 665 1573837797053
1028.05010291733 421.831811252942 664 1573837797061
1028.96162927409 424.5659551173 699 1573837797091
1029.47346669516 427.421479247914 699 1573837797091
1029.98530411623 430.277003378528 699 1573837797091
1030.4971415373 433.132527509143 699 1573837797091
1031.22250924182 435.939831998131 704 1573837797106
1031.91591096551 438.752601660326 732 1573837797128
1032.29335055055 441.628976977591 732 1573837797128
1032.6707901356 444.505352294855 732 1573837797128
1033.10027915362 447.373299071755 746 1573837797143
1033.64988722211 450.221794565376 746 1573837797143
1034.296335311 453.046196299819 770 1573837797173
1035.14558799574 455.820140330182 770 1573837797173
1035.99484068048 458.594084360545 770 1573837797173
1036.84092799441 461.368991580709 785 1573837797203
1037.68071689301 464.145815343918 785 1573837797203
1038.52050579161 466.922639107126 785 1573837797203
1039.26296017077 469.725438634924 789 1573837797226
1039.91840778684 472.55145774822 789 1573837797226
1040.87395612396 475.277989623262 794 1573837797241
1042.02016920889 477.941313711908 804 1573837797263
1042.675624015 480.767331157587 804 1573837797263
1043.40175641186 483.566414436779 807 1573837797271
1044.64010933421 486.178250087896 809 1573837797278
1045.887397137 488.773626182494 815 1573837797301
1046.61821857207 491.581097577925 815 1573837797301
1047.87292094721 494.172389978618 816 1573837797316
1049.03082669519 496.814842033609 816 1573837797331
1050.11168319431 499.478551615839 816 1573837797346
1051.22397708266 502.135883782068 822 1573837797368
1052.65783827068 504.657795299074 822 1573837797368
1053.91979316337 507.268677730659 827 1573837797391
1055.2345596965 509.853109345536 828 1573837797406
1056.47767624257 512.458508312545 829 1573837797421
1057.7239174828 515.069749285256 830 1573837797436
1058.9413465974 517.686037259318 837 1573837797466
1060.6435839491 519.925991030544 839 1573837797496
980.357470777983 521.292586358675 406 1573837797969
982.590772337044 522.174429421456 634 1573837798022
984.083925399964 524.115626482369 709 1573837798044
985.458693791243 526.158811861748 709 1573837798044
986.755444330837 528.251149338748 732 1573837798059
988.004880267708 530.373295531596 732 1573837798059
989.202023768385 532.524795867492 759 1573837798082
990.362983495973 534.696607814942 759 1573837798082
991.523943223561 536.868419762391 759 1573837798082
992.637981945407 539.061389750422 772 1573837798104
993.497069756744 541.369324488793 772 1573837798104
994.356157568081 543.677259227164 772 1573837798104
995.215245379419 545.985193965535 772 1573837798104
996.382607479808 548.145913334244 788 1573837798119
997.637540150876 550.264813665844 788 1573837798119
998.94683806348 552.350451668528 799 1573837798149
1000.26212828063 554.432423394763 799 1573837798149
1001.57741849777 556.514395120998 799 1573837798149
1002.96549781586 558.544312949168 788 1573837798164
1004.51050218509 560.462008473283 788 1573837798164
1005.77749628926 562.56106507705 797 1573837798179
1007.06985802108 564.625338888578 806 1573837798187
1008.56186957703 566.558062530045 805 1573837798202
1009.97714454989 568.569290185017 809 1573837798217
1011.56743812494 570.444189099892 814 1573837798232
1013.32428829818 572.169401075882 820 1573837798240
1014.84405669167 574.050160102467 819 1573837798247
1016.2321875373 576.066760163144 821 1573837798270
1017.45426451828 578.204434094394 819 1573837798285
1018.67179851923 580.343042576945 818 1573837798300
1020.06124947692 582.376271698407 818 1573837798300
1021.51665084737 584.350932972492 826 1573837798322
1022.88337972121 586.369072336287 827 1573837798337
1024.32324379619 588.340785234207 827 1573837798352
1025.3817669912 590.561648530182 827 1573837798367
1026.51700119391 592.691358683958 827 1573837798375
1027.84825417866 594.733564839988 826 1573837798397
1029.49645684267 596.557018260917 827 1573837798412
1030.94595830633 598.462801340316 826 1573837798450
1032.14482165983 600.610249046181 825 1573837798465
1032.96527412588 602.928265798828 822 1573837798495
1062.84829931973 518.307995180436 456 1573837799093
1062.42672149965 520.625467327978 596 1573837799139
1061.68454316198 522.897231249967 670 1573837799154
1061.05381733048 525.204470669899 670 1573837799154
1060.34301663152 527.488265994168 706 1573837799169
1059.56272586551 529.747919500571 745 1573837799199
1058.6989766072 531.978414072227 745 1573837799199
1057.83522734889 534.208908643883 745 1573837799199
1056.97147809059 536.439403215539 745 1573837799199
1056.20292513767 538.704147005715 748 1573837799214
1055.50790625221 540.989387926262 763 1573837799236
1055.0583835258 543.338664013456 763 1573837799236
1054.6088607994 545.687940100649 763 1573837799236
1053.96227222873 547.97520879076 795 1573837799251
1052.98557434843 550.158607532637 795 1573837799251
1052.28417066745 552.437500308857 795 1573837799259
1051.53619372829 554.707575120622 799 1573837799281
1050.74059419399 556.963276828833 799 1573837799281
1049.847927939 559.179836903253 799 1573837799289
1049.06590800233 561.432330454363 799 1573837799311
1048.4352157499 563.739579053481 799 1573837799311
1047.87258385408 566.063560030594 812 1573837799326
1047.3702294565 568.402013685582 814 1573837799341
1046.91708357901 570.750593603134 814 1573837799341
1045.73579636714 572.810541779342 816 1573837799364
1044.83309165369 575.02548708428 821 1573837799386
1043.98643985347 577.262527438097 821 1573837799386
1043.23226731871 579.52126551034 822 1573837799394
1042.72615334967 581.832455462676 825 1573837799409
1041.79362875055 584.034980286904 826 1573837799417
1040.94231319794 586.269784518147 833 1573837799424
1040.20047726461 588.536555952975 835 1573837799454
1039.35376268371 590.773572545204 835 1573837799454
1038.52046496694 593.015572847487 837 1573837799469
1037.60029192869 595.218831996972 838 1573837799484
1036.67336164377 597.399623497891 838 1573837799492
1036.07531264495 599.706341674705 837 1573837799514
1035.32652897675 601.978002090701 837 1573837799529
1034.43183048402 604.180854849644 837 1573837799537
1033.40703180351 606.315322841596 836 1573837799567
1032.57808218463 608.496726633255 835 1573837799597
END STROKE
===NOTES===
Great Job
