1.00
USERID - 01/01/2000 01:00:00 AM - F - HS - EN - N/A
11/13/2019 10:52:8:138
11/13/2019 10:54:4:130
-220.573625629409 961.306595555882 716 1573664042324
-221.569455359955 959.022235336596 671 1573664042122
-221.122042602973 955.063416021425 680 1573664042099
-221.09858653406 951.13938911784 675 1573664042077
-220.252200174858 947.242391465516 681 1573664042047
-218.463376632917 943.691082124313 682 1573664042024
-216.661243252162 940.120043720995 682 1573664042024
-215.034124011436 936.474720291223 701 1573664042001
-213.717349793708 932.69767042929 701 1573664042001
-212.40057557598 928.920620567357 701 1573664042001
-211.308107862423 925.081009039394 749 1573664041971
-210.38311433238 921.194597185747 766 1573664041956
-209.072846960222 917.415285156626 766 1573664041956
-208.239813179417 913.53633105615 777 1573664041934
-207.92836576068 909.548474425658 777 1573664041934
-208.159812265539 905.564126787478 790 1573664041911
-208.639508061381 901.595971876705 802 1573664041896
-209.318278336106 897.653983683655 802 1573664041896
-209.997048610832 893.711995490604 802 1573664041896
-210.675818885557 889.770007297554 802 1573664041896
-211.354589160282 885.828019104503 802 1573664041896
-211.876768067793 881.871489463603 807 1573664041866
-211.935469757999 877.871920222851 807 1573664041866
-211.994171448206 873.872350982099 807 1573664041866
-212.052873138412 869.872781741348 807 1573664041866
-212.111574828619 865.873212500596 807 1573664041866
-212.170276518825 861.873643259844 807 1573664041866
-212.175691705797 857.874350007547 804 1573664041836
-212.075564087875 853.875603396404 804 1573664041836
-211.975436469954 849.876856785261 804 1573664041836
-211.875308852032 845.878110174117 804 1573664041836
-211.77518123411 841.879363562974 804 1573664041836
-211.718870238457 837.881336259482 795 1573664041814
-211.950197931027 833.888030924468 795 1573664041814
-212.181525623597 829.894725589454 795 1573664041814
-212.412853316167 825.90142025444 795 1573664041814
-212.644181008738 821.908114919427 795 1573664041814
-212.875508701308 817.914809584413 795 1573664041814
-213.106836393878 813.921504249399 795 1573664041814
-213.338164086449 809.928198914385 795 1573664041814
-213.569491779019 805.934893579371 795 1573664041814
-213.800819471589 801.941588244357 795 1573664041814
-214.032147164159 797.948282909344 795 1573664041814
-214.26347485673 793.95497757433 795 1573664041814
-214.549213955016 789.96794361683 705 1573664041769
-215.232408269939 786.026719755127 705 1573664041769
-215.915602584863 782.085495893424 705 1573664041769
-216.598796899786 778.144272031721 705 1573664041769
-217.104320571562 774.177261776876 652 1573664041754
-217.569739905702 770.204430941891 652 1573664041754
END STROKE
-220.573625629409 961.306595555882 716 1573664042324
-216.603701610602 961.008994613502 693 1573664042377
-212.610218143151 960.780762724414 693 1573664042377
-208.666951840592 960.164786484139 713 1573664042392
-204.711311731432 959.644329552536 730 1573664042399
-200.7310598897 959.899575181946 675 1573664042414
-196.739465435018 959.691810968844 692 1573664042422
-192.799939984805 958.998890174583 692 1573664042422
-188.803285760992 958.942384465581 731 1573664042467
-184.80333465974 958.922606002854 731 1573664042467
-180.803383558487 958.902827540127 731 1573664042467
-176.803432457234 958.883049077399 731 1573664042467
-172.803481355982 958.863270614672 731 1573664042467
-168.803530254729 958.843492151945 731 1573664042467
-164.803579153477 958.823713689218 731 1573664042467
-160.803628052224 958.803935226491 731 1573664042467
-156.808563443042 958.612473633307 731 1573664042512
-152.81396285583 958.40470898606 731 1573664042512
-148.819362268618 958.196944338814 731 1573664042512
-144.824761681406 957.989179691567 731 1573664042512
-140.830161094194 957.78141504432 731 1573664042512
-136.835560506982 957.573650397073 731 1573664042512
-132.84095991977 957.365885749827 731 1573664042512
-128.846359332558 957.15812110258 731 1573664042512
-124.851758745346 956.950356455333 731 1573664042512
-120.854772965296 956.99396514266 725 1573664042550
-116.856949160598 957.125892496133 725 1573664042550
-112.859125355901 957.257819849607 725 1573664042550
-108.861301551203 957.38974720308 725 1573664042550
-104.863477746506 957.521674556554 725 1573664042550
-100.865653941808 957.653601910028 725 1573664042550
-96.867830137111 957.785529263501 725 1573664042550
-92.8700063324135 957.917456616975 725 1573664042550
-88.8722952347679 958.052668415888 726 1573664042580
-84.874831973352 958.195102518651 726 1573664042580
-80.877368711936 958.337536621414 726 1573664042580
-76.8799054505201 958.479970724177 726 1573664042580
-72.8824421891042 958.622404826939 726 1573664042580
-68.8849789276882 958.764838929702 726 1573664042580
-64.8875156662723 958.907273032465 726 1573664042580
-60.8949560518245 959.140592000273 738 1573664042625
-56.9053738584874 959.429094899059 738 1573664042625
-52.9157916651503 959.717597797844 738 1573664042625
-48.9262094718132 960.006100696629 738 1573664042625
-44.9366272784761 960.294603595414 738 1573664042625
-40.947045085139 960.5831064942 738 1573664042625
-36.9574628918019 960.871609392985 738 1573664042625
-32.9678806984648 961.16011229177 738 1573664042625
-28.9782985051276 961.448615190555 738 1573664042625
-24.9885699517783 961.735066285595 734 1573664042685
-20.9984318309823 962.015775702911 734 1573664042685
-17.0082937101862 962.296485120227 734 1573664042685
-13.0181555893902 962.577194537544 734 1573664042685
-9.02801746859413 962.85790395486 734 1573664042685
-5.03787934779808 963.138613372177 734 1573664042685
-1.04774122700203 963.419322789493 734 1573664042685
END STROKE
2.94239689379402 963.70003220681 734 1573664042685
6.93253501459007 963.980741624126 734 1573664042685
10.9226731353861 964.261451041443 734 1573664042685
14.8974389586144 964.695247600684 736 1573664042700
18.8632248372108 965.217196976886 720 1573664042730
22.825040524393 965.768573854165 720 1573664042730
26.773881556651 966.378764916052 746 1573664042737
END STROKE
20.6771694783452 748.82904147355 261 1573664040652
20.9799031533558 750.75520883111 638 1573664040742
20.4565840126014 754.720828212356 638 1573664040742
19.933264871847 758.686447593603 638 1573664040742
19.5689975932118 762.668824901827 679 1573664040764
19.2543537984573 766.656430609821 679 1573664040764
18.9397100037027 770.644036317814 679 1573664040764
18.6250662089482 774.631642025808 679 1573664040764
18.6503195802934 778.629930669549 760 1573664040817
18.7139295815462 782.629424858536 760 1573664040817
18.7775395827991 786.628919047523 760 1573664040817
18.841149584052 790.62841323651 760 1573664040817
18.9047595853048 794.627907425497 760 1573664040817
18.9683695865577 798.627401614484 760 1573664040817
19.0319795878106 802.626895803471 760 1573664040817
19.0955895890635 806.626389992458 760 1573664040817
19.1591995903163 810.625884181445 760 1573664040817
19.2228095915692 814.625378370432 760 1573664040817
19.2864195928221 818.624872559419 760 1573664040817
19.6315352049314 822.60972880485 775 1573664040884
19.9830841550954 826.59425052466 775 1573664040884
20.3346331052594 830.57877224447 775 1573664040884
20.6861820554234 834.56329396428 775 1573664040884
21.0377310055874 838.547815684091 775 1573664040884
21.3892799557514 842.532337403901 775 1573664040884
21.7408289059154 846.516859123711 775 1573664040884
22.0923778560794 850.501380843521 775 1573664040884
22.4439268062435 854.485902563331 775 1573664040884
22.7954757564075 858.470424283141 775 1573664040884
23.1470247065715 862.454946002951 775 1573664040884
23.4985736567355 866.439467722761 775 1573664040884
23.8501226068995 870.423989442572 775 1573664040884
24.1917973503821 874.409297805363 779 1573664040915
24.4755441144344 878.399221084561 779 1573664040915
24.7592908784866 882.38914436376 779 1573664040915
25.0430376425389 886.379067642958 779 1573664040915
25.3267844065912 890.368990922157 779 1573664040915
25.5946217558809 894.359917857549 782 1573664040952
25.8145430236452 898.353867611362 782 1573664040952
26.0344642914094 902.347817365175 782 1573664040952
26.2543855591736 906.341767118989 782 1573664040952
26.4743068269378 910.335716872802 782 1573664040952
26.6942280947021 914.329666626615 782 1573664040952
END STROKE
26.9787572696048 918.319331443582 776 1573664040997
27.2882170145791 922.307342810948 776 1573664040997
27.5976767595533 926.295354178314 776 1573664040997
27.9071365045276 930.28336554568 776 1573664040997
28.2165962495018 934.271376913046 776 1573664040997
28.526055994476 938.259388280412 776 1573664040997
END STROKE
-217.419274837766 769.635843874174 188 1573663933995
-213.482034682537 770.112430228397 366 1573663934048
-209.513808810011 770.3628471677 406 1573663934070
-205.519163191661 770.191356968243 445 1573663934108
-201.539658921786 769.78694904789 445 1573663934108
-197.560154651911 769.382541127536 445 1573663934108
-193.580650382036 768.978133207183 445 1573663934108
-189.60114611216 768.573725286829 445 1573663934108
-185.622784705333 768.159414353251 496 1573663934168
-181.655773828714 767.646750033464 496 1573663934168
-177.688762952094 767.134085713676 496 1573663934168
-173.721752075475 766.621421393889 496 1573663934168
-169.754741198855 766.108757074102 496 1573663934168
-165.787730322236 765.596092754314 496 1573663934168
-161.820719445617 765.083428434527 496 1573663934168
-157.853708568997 764.570764114739 496 1573663934168
-153.886697692378 764.058099794952 496 1573663934168
-149.919686815758 763.545435475165 496 1573663934168
-145.952675939139 763.032771155377 496 1573663934168
-141.985665062519 762.52010683559 496 1573663934168
-138.0186541859 762.007442515802 496 1573663934168
-134.05164330928 761.494778196015 496 1573663934168
-130.084632432661 760.982113876227 496 1573663934168
-126.117621556042 760.46944955644 496 1573663934168
-122.150610679422 759.956785236652 496 1573663934168
-118.193510650117 759.372610479397 480 1573663934258
-114.236599276186 758.787074503683 480 1573663934258
-110.279687902255 758.201538527969 480 1573663934258
-106.322776528324 757.616002552255 480 1573663934258
-102.365865154393 757.03046657654 480 1573663934258
-98.4089537804624 756.444930600826 480 1573663934258
-94.4520424065314 755.859394625112 480 1573663934258
-90.4951310326005 755.273858649398 480 1573663934258
-86.5382196586695 754.688322673684 480 1573663934258
-82.5813082847385 754.10278669797 480 1573663934258
-78.6243969108075 753.517250722256 480 1573663934258
-74.6674855368765 752.931714746541 480 1573663934258
-70.7105741629455 752.346178770827 480 1573663934258
-66.7536627890145 751.760642795113 480 1573663934258
-62.7967514150835 751.175106819399 480 1573663934258
-58.8398400411525 750.589570843685 480 1573663934258
-54.8829286672215 750.004034867971 480 1573663934258
-50.9260172932905 749.418498892256 480 1573663934258
-46.9691059193595 748.832962916542 480 1573663934258
-43.0121945454285 748.247426940828 480 1573663934258
-39.0552831714976 747.661890965114 480 1573663934258
-35.0983717975666 747.0763549894 480 1573663934258
-31.1414604236356 746.490819013686 480 1573663934258
-27.1845490497046 745.905283037972 480 1573663934258
-23.2276376757736 745.319747062257 480 1573663934258
-19.2707263018426 744.734211086543 480 1573663934258
-15.3138149279116 744.148675110829 480 1573663934258
-11.3569035539806 743.563139135115 480 1573663934258
-7.39999218004958 742.977603159401 480 1573663934258
-3.44308080611859 742.392067183687 480 1573663934258
0.51383056781241 741.806531207973 480 1573663934258
4.47074194174341 741.220995232258 480 1573663934258
8.4276533156744 740.635459256544 480 1573663934258
12.3845646896054 740.04992328083 480 1573663934258
16.3414760635364 739.464387305116 480 1573663934258
END STROKE
-214.987941392344 770.747648492707 267 1573664043717
-212.415361612594 771.670989066648 615 1573664043807
-209.491696668102 774.399358281926 667 1573664043837
-206.709723234088 777.273488378571 667 1573664043837
-203.927749800073 780.147618475215 667 1573664043837
-201.145776366059 783.02174857186 667 1573664043837
-198.049923792908 785.54325548441 709 1573664043867
-194.87280728165 787.973467547975 709 1573664043867
-191.695690770392 790.403679611539 709 1573664043867
-188.518574259135 792.833891675103 709 1573664043867
-185.341457747877 795.264103738667 709 1573664043867
-182.164341236619 797.694315802232 709 1573664043867
-178.997080393612 800.137343780087 730 1573664043889
-175.832574041693 802.583953587283 730 1573664043889
-172.668067689774 805.030563394478 730 1573664043889
-169.503561337855 807.477173201674 730 1573664043889
-166.339054985936 809.923783008869 730 1573664043889
-163.2857054609 812.501043393859 723 1573664043949
-160.363761237392 815.232753838747 723 1573664043949
-157.441817013884 817.964464283634 723 1573664043949
-154.519872790376 820.696174728522 723 1573664043949
-151.597928566868 823.42788517341 723 1573664043949
-148.67598434336 826.159595618297 723 1573664043949
-145.754040119852 828.891306063185 723 1573664043949
-142.832095896344 831.623016508073 723 1573664043949
-139.910151672836 834.35472695296 723 1573664043949
-136.988207449328 837.086437397848 723 1573664043949
-134.06626322582 839.818147842735 723 1573664043949
-131.144319002312 842.549858287623 723 1573664043949
-128.222374778804 845.28156873251 723 1573664043949
-125.300430555296 848.013279177398 723 1573664043949
-122.378486331787 850.744989622286 723 1573664043949
-119.456542108279 853.476700067173 723 1573664043949
-116.398319635016 856.042031892533 719 1573664044002
-113.144614464157 858.368703906618 719 1573664044002
-109.890909293298 860.695375920702 719 1573664044002
-106.637204122439 863.022047934787 719 1573664044002
-103.383498951579 865.348719948871 719 1573664044002
-100.12979378072 867.675391962956 719 1573664044002
-96.8760886098612 870.002063977041 719 1573664044002
-93.622383439002 872.328735991125 719 1573664044002
-90.3686782681429 874.65540800521 719 1573664044002
-87.1149730972838 876.982080019294 719 1573664044002
-83.8612679264247 879.308752033379 719 1573664044002
-80.6075627555656 881.635424047464 719 1573664044002
-77.3538575847064 883.962096061548 719 1573664044002
-74.1001524138473 886.288768075633 719 1573664044002
-70.8464472429882 888.615440089717 719 1573664044002
-67.5927420721291 890.942112103802 719 1573664044002
-64.3449257915712 893.276976051897 717 1573664044062
-61.1028806556072 895.619868139973 717 1573664044062
-57.8608355196432 897.96276022805 717 1573664044062
-54.6187903836792 900.305652316127 717 1573664044062
-51.3767452477152 902.648544404203 717 1573664044062
-48.1347001117512 904.99143649228 717 1573664044062
-44.8926549757872 907.334328580357 717 1573664044062
-41.6506098398232 909.677220668433 717 1573664044062
-38.4085647038592 912.02011275651 717 1573664044062
-35.1665195678953 914.363004844587 717 1573664044062
-31.9244744319313 916.705896932663 717 1573664044062
-28.6824292959673 919.04878902074 717 1573664044062
-25.4403841600033 921.391681108817 717 1573664044062
-22.1983390240393 923.734573196893 717 1573664044062
-18.9562938880753 926.07746528497 717 1573664044062
-15.7142487521113 928.420357373047 717 1573664044062
-12.4682438944149 930.757710894131 733 1573664044107
-9.20250827992784 933.067466486455 733 1573664044107
-5.93677266544079 935.377222078779 733 1573664044107
-2.67103705095374 937.686977671103 733 1573664044107
0.594698563533302 939.996733263426 733 1573664044107
3.86043417802035 942.30648885575 733 1573664044107
END STROKE
13.681464663691 949.199970442559 718 1573664044115
16.9972764298954 951.42422337318 720 1573664044130
20.0427594667808 954.017490245688 720 1573664044130
END STROKE
===NOTES===
Great Job
