1.00
USERID - 01/01/2000 01:00:00 AM - F - HS - EN - N/A
11/15/2019 11:9:24:412
11/15/2019 11:10:45:702
33.0717284403677 789.242156350266 190 1573837840306
36.9993989368837 789.715089220115 458 1573837840366
40.9656503920989 789.289770018357 505 1573837840381
44.9536738748211 788.987064279555 545 1573837840404
48.9392752805889 788.647975155074 545 1573837840404
52.9290549758402 788.363565872257 549 1573837840419
56.9166836512592 788.051333023411 580 1573837840449
60.9018804600373 787.707521453936 580 1573837840449
64.8882485067338 787.379619847825 603 1573837840456
68.8551396192089 786.919514993876 603 1573837840471
72.7944240685996 786.225352533956 610 1573837840486
76.7433151203494 785.587967672659 610 1573837840486
80.7130617361809 785.134966453782 637 1573837840532
84.7045539406193 784.874217567096 637 1573837840532
88.6960461450577 784.613468680411 637 1573837840532
92.687538349496 784.352719793725 637 1573837840532
96.6789370235257 784.090629728708 651 1573837840547
100.667985272383 783.79483576614 651 1573837840547
104.6575530016 783.506298308758 650 1573837840569
108.648057773869 783.230850196592 650 1573837840569
112.638562546138 782.955402084425 650 1573837840569
116.635164288338 782.792656189043 653 1573837840599
120.632095450602 782.635999608831 653 1573837840599
124.629026612866 782.47934302862 653 1573837840599
128.626419827282 782.335113260782 656 1573837840622
132.623948285943 782.19452086343 656 1573837840622
136.61367006132 781.941240568814 660 1573837840644
140.592397663549 781.529261604233 660 1573837840644
144.571119848714 781.117241600927 665 1573837840674
148.520472488385 780.482723100387 665 1573837840674
152.469825128055 779.848204599848 665 1573837840674
156.419177767726 779.213686099308 665 1573837840674
160.393130016575 778.792568102347 667 1573837840689
164.383268702696 778.511866720936 667 1573837840689
168.347476026078 777.989334912614 667 1573837840697
172.341860678356 777.79141183909 671 1573837840712
176.327750964253 777.524842526909 671 1573837840719
180.270066190058 776.868932207113 671 1573837840749
184.251657288553 776.48561468288 671 1573837840749
188.233248387048 776.102297158646 671 1573837840749
192.214839485543 775.718979634413 671 1573837840749
196.209996171426 775.553242877985 671 1573837840764
200.208948418564 775.479867778221 671 1573837840794
204.208948418564 775.479867778221 671 1573837840794
208.208948418564 775.479867778221 671 1573837840794
212.139082441814 775.117289699639 677 1573837840817
216.091422793481 775.240583132438 678 1573837840824
220.080482835942 775.255950595705 707 1573837840854
224.036153236727 775.31402201741 703 1573837840877
227.771301896156 775.444819761609 725 1573837840975
231.589523056855 774.568330686319 717 1573837841065
235.531488398103 773.897405757536 717 1573837841080
239.469286477734 773.250285521717 716 1573837841117
243.446861981045 772.827327940553 716 1573837841117
247.435749585346 772.555450918806 715 1573837841132
251.431189297459 772.36487952433 714 1573837841162
255.426221873967 772.165594018995 714 1573837841162
259.421921114456 771.985539990611 715 1573837841185
263.421163697462 771.907701939073 715 1573837841185
267.420400149676 771.829569059125 712 1573837841245
271.419421410433 771.741087671178 712 1573837841245
END STROKE
275.41844267119 771.652606283231 712 1573837841245
279.417463931948 771.564124895284 712 1573837841245
283.416485192705 771.475643507337 712 1573837841245
287.415506453462 771.38716211939 712 1573837841245
291.414891009916 771.34513854036 712 1573837841305
295.414806960495 771.371068991515 712 1573837841305
299.414722911075 771.39699944267 712 1573837841305
303.414638861655 771.422929893825 712 1573837841305
307.414554812235 771.44886034498 712 1573837841305
311.414470762815 771.474790796135 712 1573837841305
315.414368453606 771.498790308112 711 1573837841335
319.413078715772 771.397221418936 711 1573837841335
323.411788977938 771.295652529759 711 1573837841335
327.410499240104 771.194083640583 711 1573837841335
331.410177721205 771.16876352004 711 1573837841343
335.393043841697 770.819997705939 711 1573837841365
339.373782493245 770.427926554144 711 1573837841365
343.354521144793 770.035855402349 711 1573837841365
347.346491156844 769.78558828939 712 1573837841388
351.339316956356 769.546126111254 712 1573837841388
355.333124010284 769.330445446643 712 1573837841418
359.332104854727 769.240155880354 712 1573837841418
363.331085699169 769.149866314064 712 1573837841418
367.330066543612 769.059576747774 712 1573837841418
371.328540867604 768.950758414441 712 1573837841440
375.326482017765 768.822436320277 712 1573837841440
379.324423167926 768.694114226113 712 1573837841440
383.323134669297 768.592989484452 711 1573837841493
387.321929539435 768.494808088268 711 1573837841493
391.320724409573 768.396626692084 711 1573837841493
395.319519279711 768.2984452959 711 1573837841493
399.31831414985 768.200263899716 711 1573837841493
403.317109019988 768.102082503532 711 1573837841493
407.315677437436 767.996551859863 712 1573837841515
411.312931045099 767.848350658694 712 1573837841515
415.310184652762 767.700149457525 712 1573837841515
419.307438260424 767.551948256356 712 1573837841515
423.30616443435 767.454440357268 714 1573837841568
427.305280621372 767.37035871421 714 1573837841568
431.304396808394 767.286277071152 714 1573837841568
435.303512995416 767.202195428095 714 1573837841568
439.302629182438 767.118113785037 714 1573837841568
443.30174536946 767.034032141979 714 1573837841568
447.300861556482 766.949950498921 714 1573837841568
451.299977743504 766.865868855864 714 1573837841568
455.298539287146 766.758870159307 716 1573837841620
459.297040816633 766.649391765587 716 1573837841620
463.29554234612 766.539913371867 716 1573837841620
467.294043875607 766.430434978148 716 1573837841620
471.292545405094 766.320956584428 716 1573837841620
475.29104693458 766.211478190708 716 1573837841620
479.289548464067 766.101999796988 716 1573837841620
483.28828378195 766.002413977153 715 1573837841635
487.287493091284 765.9228847364 715 1573837841635
491.286674441315 765.841996922907 715 1573837841650
495.285769616659 765.756921788222 715 1573837841650
499.285132227109 765.696991942735 715 1573837841658
503.283537856305 765.622573977058 715 1573837841688
507.279867453185 765.451256280659 715 1573837841688
END STROKE
267.408040042435 688.997828952637 684 1573837843194
267.663719224546 691.336193790929 684 1573837843194
268.216103959321 693.615035662887 710 1573837843216
268.216103959321 695.967337080888 710 1573837843216
268.578709671853 698.276218119723 712 1573837843231
268.652404209544 700.625575969468 729 1573837843261
268.840020024348 702.970383481219 729 1573837843261
269.027635839151 705.31519099297 729 1573837843261
269.468858112609 707.610876751548 737 1573837843269
269.706849656633 709.938866746395 749 1573837843284
269.76904995364 712.252355174521 749 1573837843299
270.114409035043 714.578284665856 764 1573837843314
270.370097855454 716.916648450267 764 1573837843314
270.508453692381 719.2594896943 769 1573837843337
270.840557210762 721.588229528246 769 1573837843337
271.037399653879 723.930698955521 767 1573837843352
271.116880499597 726.2805889722 769 1573837843359
271.116880499597 728.6328903902 769 1573837843382
271.116880499597 730.985191808201 769 1573837843382
271.08129814512 733.301859005067 774 1573837843397
271.345208881624 735.636153620317 780 1573837843412
271.461959062737 737.98555596056 780 1573837843412
271.906605212439 740.291262464191 787 1573837843427
272.267909686418 742.614309462492 791 1573837843442
272.57228211455 744.946159064842 792 1573837843464
272.655186022197 747.296999106875 792 1573837843464
272.738089929845 749.647839148908 792 1573837843464
272.576370702949 751.992727843472 792 1573837843472
272.88686225219 754.321779610297 807 1573837843502
273.221829060479 756.650109311708 807 1573837843502
273.563769944799 758.977392587943 806 1573837843509
273.970729610284 761.29408006942 806 1573837843524
274.380262752412 763.609372931052 806 1573837843532
274.665530953058 765.935892100924 805 1573837843539
274.892473393604 768.275369321169 805 1573837843554
275.075614344757 770.620530584802 806 1573837843569
END STROKE
511.276197050065 765.27993858426 715 1573837841688
515.274283287419 765.171013757925 702 1573837841726
519.273921401089 765.117208928413 702 1573837841726
523.273559514759 765.0634040989 702 1573837841726
527.261153397836 764.824793696444 715 1573837841748
531.233942232726 764.359015988335 715 1573837841748
535.20170506614 763.873068083633 715 1573837841778
539.184254079669 763.66804305207 714 1573837841793
543.158955155618 763.332404497452 714 1573837841846
547.158228967051 763.256187824812 714 1573837841846
551.144894442908 763.123255608919 713 1573837841891
555.0385121363 762.380835746138 712 1573837842094
555.888180509041 762.049144224524 510 1573837842281
END STROKE
504.810971488365 729.384613527977 365 1573837845064
506.389098351252 730.648017483263 722 1573837845131
507.267716475395 732.879602916987 777 1573837845154
507.908283404209 735.17913187021 781 1573837845169
507.98338613172 737.582642231991 781 1573837845169
508.058488859231 739.986152593771 781 1573837845169
508.202079143515 742.386282807531 789 1573837845199
508.3640115365 744.785507761338 789 1573837845199
508.525943929485 747.184732715145 789 1573837845199
508.687876322469 749.583957668951 789 1573837845199
508.849808715454 751.983182622758 789 1573837845199
509.074892605685 754.373708165826 813 1573837845221
509.567690263503 756.727354899581 813 1573837845221
510.06048792132 759.081001633336 813 1573837845221
510.553285579138 761.434648367092 813 1573837845221
510.751015493378 763.828658953346 822 1573837845244
END STROKE
510.908429029843 766.228184626767 822 1573837845244
511.065842566309 768.627710300187 822 1573837845244
511.294707596091 771.020018340965 826 1573837845259
511.620350944805 773.402550373972 826 1573837845259
511.990065581772 775.776926557396 831 1573837845267
512.469575306581 778.12931964152 830 1573837845289
512.68336831949 780.524480393223 830 1573837845289
512.897161332399 782.919641144926 830 1573837845289
513.110954345308 785.314801896629 830 1573837845289
513.150695396675 787.717715211066 830 1573837845297
513.274242226067 790.118937513266 835 1573837845319
513.408870203968 792.519849378877 835 1573837845319
513.538909825375 794.920998931165 834 1573837845334
513.653081477474 797.322970478192 834 1573837845334
513.813793896439 799.722018777292 834 1573837845342
513.532579973598 802.08717991329 833 1573837845349
513.870497866974 804.462050132832 834 1573837845357
513.949798820442 806.861287869062 834 1573837845379
514.424806588988 809.216178791776 833 1573837845394
514.737840822216 811.594750100238 833 1573837845417
514.939392258261 813.990972021825 833 1573837845417
515.3145441716 816.365329563952 832 1573837845439
515.727945763138 818.733503819126 832 1573837845462
516.103500625948 821.053095015449 830 1573837845484
516.106534201776 823.428422739213 830 1573837845499
515.728645979069 823.839768885233 812 1573837845635
514.137676650215 822.146157104103 44 1573837845702
END STROKE
===NOTES===
Great Job
