1.00
USERID - 01/01/2000 01:00:00 AM - F - HS - EN - N/A
11/15/2019 11:9:24:412
11/15/2019 11:10:35:455
-190.640795471558 729.6149282693 580 1573837829179
-190.023481826258 733.567006692526 580 1573837829179
-189.502124278918 737.522487301031 660 1573837829217
-189.340266831604 741.519211230294 660 1573837829217
-189.177995520825 745.515918241775 671 1573837829247
-189.01310434333 749.512518159153 671 1573837829247
-188.848213165835 753.509118076531 671 1573837829247
-187.92037379271 757.394930338426 710 1573837829262
-187.166556307111 761.319333461287 704 1573837829299
-186.616455272061 765.281326501569 704 1573837829299
-186.066354237011 769.24331954185 704 1573837829299
-185.538995064506 773.208383303227 716 1573837829337
-185.018617581079 777.174389767511 716 1573837829337
-184.498240097653 781.140396231795 716 1573837829337
-183.904411506418 785.095661667238 726 1573837829367
-183.267356292276 789.044605912746 726 1573837829367
-182.656244932712 792.996470403735 727 1573837829382
-182.399493855519 796.988221759264 727 1573837829382
-182.132270540429 800.979278501677 739 1573837829389
-181.356818945169 804.903099720354 739 1573837829404
-180.673869036303 808.84353280424 741 1573837829419
-180.073513815104 812.798171836849 741 1573837829427
-179.565457654311 816.765616238834 747 1573837829457
-179.075383991451 820.73548119938 747 1573837829457
-178.666210335764 824.711265925257 748 1573837829479
-178.573177438646 828.710183888913 748 1573837829479
-178.424462533233 832.706282004566 747 1573837829494
-178.092133190786 836.691897656994 757 1573837829510
-177.590097471256 840.658166195634 759 1573837829540
-177.506006353562 844.65728218344 759 1573837829540
-177.421915235869 848.656398171246 759 1573837829540
-177.168554910724 852.623355713852 766 1573837829555
-176.902337818704 856.603314148147 768 1573837829570
-177.011929973964 860.599117005976 766 1573837829592
-177.053475353647 864.598334208616 765 1573837829622
-176.872207077366 868.59009448713 766 1573837829645
END STROKE
-177.597383922444 867.007119738729 146 1573837832341
-175.711217860556 868.731139180904 690 1573837832739
-171.774132081754 868.327018859153 698 1573837832784
-167.877254719628 867.880910435466 738 1573837832799
-163.951119539664 867.162653433375 743 1573837832821
-160.007596975384 866.811460513276 741 1573837832829
-156.018799486462 866.572104140972 741 1573837832851
-152.045545281759 866.161954901533 741 1573837832859
-148.067528080222 865.913311675655 749 1573837832874
-144.084574459306 865.739798080919 753 1573837832896
-140.085865181008 865.841405697058 753 1573837832896
-136.085929289532 865.846452419598 755 1573837832919
-132.086415599815 865.816673515335 754 1573837832934
-128.088548564462 865.686062766774 754 1573837832934
-124.111863032326 866.012298180402 761 1573837832964
-120.111863032326 866.012298180402 761 1573837832964
-116.163779095935 866.509708959562 785 1573837832986
-112.163779095935 866.509708959562 785 1573837832986
-108.18431434263 866.134346179469 782 1573837833001
-104.190991311958 866.012298180402 779 1573837833031
-100.190991311958 866.012298180402 779 1573837833031
-96.1909913119581 866.012298180402 779 1573837833031
-92.2044605726323 865.707324637424 781 1573837833047
-88.2174350056363 865.642342632262 779 1573837833054
-84.2355414666595 866.020507445009 781 1573837833077
-80.25489004787 866.274265437431 781 1573837833107
-76.2739552801096 865.884190605077 781 1573837833107
-72.2930205123491 865.494115772722 781 1573837833107
-68.3145294182293 865.080267473185 783 1573837833122
-64.3359611582922 864.698772124091 786 1573837833144
-60.3394145053028 864.864949290029 786 1573837833144
-56.3425841935278 865.017476622074 789 1573837833159
-52.344395691409 865.041386545549 790 1573837833167
-48.3677046975245 865.349041640431 793 1573837833174
-44.3949676811547 864.910907772108 797 1573837833204
-40.4065350601864 864.606925489737 797 1573837833204
-36.4263522847321 864.237335596292 804 1573837833227
-32.4868268345186 863.544414802031 804 1573837833227
-28.547301384305 862.85149400777 804 1573837833227
-24.6438200869182 861.983403509489 804 1573837833242
-20.7248467680171 861.210395635069 808 1573837833272
-16.7537124788919 860.730716098572 808 1573837833272
-12.7825781897667 860.251036562074 808 1573837833272
-8.80424150745704 860.190088321842 813 1573837833324
-4.84563409387202 859.616130705716 813 1573837833324
-0.88702668028699 859.042173089589 813 1573837833324
3.07158073329804 858.468215473462 813 1573837833324
7.0512567510472 858.115725480211 812 1573837833339
11.0068129980399 858.242565297577 814 1573837833354
14.9896461021122 858.053346204018 813 1573837833369
18.9760889426028 857.771954017431 812 1573837833392
22.9575580739132 857.480594579946 811 1573837833414
26.924553920023 857.322766143876 810 1573837833437
30.8821500858388 856.825347176984 810 1573837833452
34.8587191192939 856.561113866523 809 1573837833475
END STROKE
32.5278198715714 705.176192580474 132 1573837830726
34.0552699099926 706.807470365542 571 1573837830816
34.3408138542427 710.787326090944 607 1573837830838
34.6981484070074 714.759586749717 640 1573837830853
35.3154679176756 718.711664256744 639 1573837830861
35.5262069454561 722.696748663885 653 1573837830883
36.0504013175101 726.661667226427 659 1573837830891
36.3350761131956 730.635942632588 681 1573837830913
36.3350761131956 734.635942632588 681 1573837830913
36.279233442065 738.635530088301 708 1573837830951
36.2201357284155 742.635093497005 708 1573837830951
36.1610380147661 746.634656905708 708 1573837830951
36.2110208036955 750.634136128365 709 1573837830988
36.2762920017729 754.633603551748 709 1573837830988
36.3140734557348 758.632568726222 731 1573837831026
36.1027507637068 762.626982665692 731 1573837831026
35.8914280716788 766.621396605162 731 1573837831026
35.6791960296053 770.615762238427 740 1573837831048
35.4661436172322 774.610084292241 740 1573837831048
35.223114157199 778.602670394919 751 1573837831063
35.0060877854828 782.596554014466 753 1573837831078
34.8119975272254 786.591450855286 752 1573837831086
END STROKE
34.7033849867895 790.587497247451 764 1573837831109
34.7090712892117 794.587084917312 778 1573837831131
35.2861399974019 798.54524000599 778 1573837831131
35.7819535709979 802.508530804951 776 1573837831161
35.7078346409587 806.507844044022 776 1573837831161
35.6337157109195 810.507157283093 776 1573837831161
35.7841414025505 814.501338979864 777 1573837831169
35.8632753358858 818.500444412139 785 1573837831236
35.9373867209688 822.499757791033 785 1573837831236
36.0114981060519 826.499071169927 785 1573837831236
36.0856094911349 830.498384548821 785 1573837831236
36.1924894185312 834.495409749666 785 1573837831251
36.6749191475722 838.46621087243 785 1573837831251
36.9166564969213 842.458537422219 786 1573837831274
37.0802888798948 846.45427453278 790 1573837831326
37.1336224590103 850.453918958144 790 1573837831326
END STROKE
-176.769823895559 720.390517013967 492 1573837774256
-172.77931899995 720.199697682802 488 1573837774264
-168.831743794599 719.644862499466 520 1573837774286
-164.838839575785 719.406711498255 520 1573837774286
-160.852702411852 719.087589196432 577 1573837774301
-156.875658308834 718.659663732534 577 1573837774301
-152.892035285639 718.298961377349 579 1573837774331
-148.907487308518 717.94771015952 579 1573837774331
-144.922939331398 717.59645894169 579 1573837774331
-140.938853416322 717.240309969268 618 1573837774406
-136.958916842306 716.840178907226 618 1573837774406
-132.97898026829 716.440047845184 618 1573837774406
-128.999043694274 716.039916783143 618 1573837774406
-125.019107120258 715.639785721101 618 1573837774406
-121.039170546243 715.239654659059 618 1573837774406
-117.059233972227 714.839523597017 618 1573837774406
-113.079297398211 714.439392534975 618 1573837774406
-109.099360824195 714.039261472933 618 1573837774406
-105.119424250179 713.639130410891 618 1573837774406
-101.139487676163 713.238999348849 618 1573837774406
-97.1595511021474 712.838868286807 618 1573837774406
-93.1796145281316 712.438737224765 618 1573837774406
-89.1974616657064 712.063793199474 624 1573837774459
-85.2088067135773 711.762742252198 624 1573837774459
-81.2201517614482 711.461691304921 624 1573837774459
-77.231496809319 711.160640357645 624 1573837774459
-73.2428418571899 710.859589410369 624 1573837774459
-69.2541869050608 710.558538463093 624 1573837774459
-65.2655319529317 710.257487515817 624 1573837774459
-61.2768770008025 709.956436568541 624 1573837774459
-57.2882220486734 709.655385621265 624 1573837774459
-53.2995670965443 709.354334673989 624 1573837774459
-49.318054641972 708.97128401878 635 1573837774511
-45.3374180248353 708.578178279429 635 1573837774511
-41.3567814076985 708.185072540079 635 1573837774511
-37.3761447905618 707.791966800728 635 1573837774511
-33.395508173425 707.398861061378 635 1573837774511
-29.4148715562883 707.005755322028 635 1573837774511
-25.4342349391516 706.612649582677 635 1573837774511
-21.4535983220148 706.219543843327 635 1573837774511
-17.4729617048781 705.826438103977 635 1573837774511
-13.4907243531718 705.451861372807 641 1573837774571
-9.5016471822943 705.156457708673 641 1573837774571
-5.51257001141678 704.861054044539 641 1573837774571
-1.52349284053926 704.565650380405 641 1573837774571
2.46558433033826 704.270246716271 641 1573837774571
6.45466150121578 703.974843052137 641 1573837774571
10.4437386720933 703.679439388003 641 1573837774571
14.4328158429708 703.384035723869 641 1573837774571
18.4218930138483 703.088632059735 641 1573837774571
22.4109701847259 702.793228395601 641 1573837774571
26.4000473556034 702.497824731467 641 1573837774571
30.3891245264809 702.202421067333 641 1573837774571
END STROKE
-175.592977695797 725.783492693497 610 1573837834592
-172.258030953892 727.992141653531 610 1573837834592
-168.897446778182 730.086470331318 643 1573837834614
-165.353498112021 731.930805811091 641 1573837834622
-161.931057494353 734.001281989934 673 1573837834659
-158.507539790409 736.069983643335 673 1573837834659
-155.084022086466 738.138685296737 673 1573837834659
-151.837002979014 740.472361345414 691 1573837834689
-148.608829442379 742.834329934827 691 1573837834689
-145.46237609697 745.302221827434 680 1573837834704
-142.155692129431 747.522277394321 698 1573837834727
-139.02289220523 749.988202717947 723 1573837834742
-135.5077935047 751.896711741575 734 1573837834772
-131.948865019716 753.722643842933 734 1573837834772
-128.405413616745 755.575152603072 734 1573837834832
-125.060992636115 757.769428862872 734 1573837834832
-121.716571655485 759.963705122673 734 1573837834832
-118.372150674855 762.157981382473 734 1573837834832
-115.027729694225 764.352257642273 734 1573837834832
-111.716649393577 766.589428267379 740 1573837834839
-108.495191508709 768.938736324337 744 1573837834854
-105.138210434315 771.113614649557 749 1573837834862
-101.86210251558 773.407316295245 751 1573837834877
-98.5367483663682 775.612863967237 752 1573837834892
-94.9656349404016 777.414848678293 752 1573837834892
-91.7967301696847 779.807913698113 754 1573837834929
-88.3526418001402 781.842183911917 754 1573837834929
-84.9085534305957 783.87645412572 754 1573837834929
-81.4241116972062 785.839869665087 755 1573837834937
-78.124494823022 788.095863941789 754 1573837834959
-74.8560590417775 790.401797059613 754 1573837834959
-71.4514484264942 792.500327043359 754 1573837834982
-68.0336782737663 794.57812123304 755 1573837835020
-64.4653241289156 796.385563817723 755 1573837835020
-60.8969699840649 798.193006402406 755 1573837835020
-57.3286158392142 800.00044898709 755 1573837835020
-53.8042897303054 801.891364200544 754 1573837835035
-50.4391337888237 804.045757178126 757 1573837835050
-47.0865507357701 806.22343074223 757 1573837835057
-43.5683589862888 808.123333490383 757 1573837835072
-39.9612055572141 809.8453867483 767 1573837835080
-36.4363060283884 811.727063067723 765 1573837835095
-32.9408760401578 813.67167330612 764 1573837835117
-29.4341467253641 815.595952265306 764 1573837835117
-25.8145636303803 817.286519969137 763 1573837835147
-22.4283217910902 819.415690278399 763 1573837835147
-18.9633656946927 821.397664533113 764 1573837835177
-15.3123570991237 823.031719683676 764 1573837835177
-11.6613485035547 824.665774834239 764 1573837835177
-7.88252643303113 825.975696028973 763 1573837835192
-4.23823917447803 827.615179815375 764 1573837835215
-0.741658498387912 829.545873162761 763 1573837835252
2.6635072978437 831.644645637369 763 1573837835252
6.08631044100798 833.711976063038 763 1573837835260
9.55406034422964 835.700173700765 762 1573837835282
13.0038613324673 837.722804287956 764 1573837835297
16.5817772658342 839.496354735702 765 1573837835312
19.902784607034 841.616175646763 766 1573837835335
23.3554690136976 843.635802142301 766 1573837835350
26.70795221951 845.815382519303 765 1573837835373
29.9623379686476 848.092305355358 763 1573837835395
33.5083780926354 849.94174867356 765 1573837835418
36.7450469931779 852.18873860339 783 1573837835455
END STROKE
===NOTES===
Great Job
