1.00
USERID - 01/01/2000 01:00:00 AM - F - HS - EN - N/A
11/14/2019 12:59:1:932
11/14/2019 13:0:42:499
1031.14569305075 579.180707510178 67 1573758039231
1032.82905421449 578.067772697728 509 1573758039284
1031.5004074233 580.033687999431 696 1573758039374
1030.24479201348 582.129661431552 723 1573758039411
1029.20772646148 584.342780744976 723 1573758039411
1028.17066090947 586.5559000584 723 1573758039411
1027.13359535746 588.769019371824 723 1573758039411
1026.09652980546 590.982138685248 723 1573758039411
1025.05946425345 593.195257998671 723 1573758039411
1024.02239870144 595.408377312095 723 1573758039411
1023.06888155959 597.65733990581 722 1573758039419
1022.17980037881 599.933946307582 722 1573758039419
1020.97603155505 602.060611664692 721 1573758039449
1019.76802289363 604.185256841783 721 1573758039449
1018.5600142322 606.309902018875 721 1573758039449
1017.35200557078 608.434547195966 721 1573758039449
1016.14399690936 610.559192373057 721 1573758039449
1014.93598824794 612.683837550148 721 1573758039449
1013.76174351025 614.827309035348 721 1573758039464
1012.58933656089 616.971805246512 721 1573758039464
1011.38137688153 619.095616667283 766 1573758039501
1010.09649501071 621.174674298195 766 1573758039501
1008.8116131399 623.253731929107 766 1573758039501
1007.52673126908 625.332789560019 766 1573758039501
1006.24184939826 627.411847190931 766 1573758039501
1004.95696752745 629.490904821843 766 1573758039501
1003.70868458266 631.591895870452 764 1573758039539
1002.48107488041 633.705276213303 764 1573758039539
1001.25346517816 635.818656556154 764 1573758039539
1000.02585547591 637.932036899004 764 1573758039539
998.798245773661 640.045417241855 764 1573758039539
997.57063607141 642.158797584706 764 1573758039539
996.343026369159 644.272177927557 764 1573758039539
995.115416666908 646.385558270407 764 1573758039539
994.292484139383 648.68043854584 765 1573758039546
993.748554073592 651.059904308488 764 1573758039561
992.92497647089 653.340394200803 763 1573758039576
991.856745176795 655.538639855166 763 1573758039576
990.737939670293 657.710791737906 765 1573758039584
989.543849827056 659.840150180596 765 1573758039599
988.196430317665 661.835148438535 767 1573758039614
986.670318297266 663.732832984012 765 1573758039622
986.459640732595 661.673837572695 444 1573758039667
987.240931874855 659.377825594897 394 1573758039674
988.197349797802 657.128677575919 394 1573758039674
1032.26793382658 576.358343338302 290 1573758040051
1033.23996907492 574.70690422778 660 1573758040126
1034.46455721177 574.431037884323 769 1573758040201
1035.29021815973 576.663835079234 769 1573758040224
1036.2784106449 578.835346340688 772 1573758040231
1036.72650366039 581.212649427774 797 1573758040261
1037.4965243565 583.517394217304 797 1573758040261
1038.26654505262 585.822139006834 797 1573758040261
1039.03656574874 588.126883796364 797 1573758040261
1039.75904155172 590.445829099466 796 1573758040276
1040.37913857233 592.795352477164 796 1573758040276
1040.99923559293 595.144875854862 796 1573758040276
1041.58910773925 597.501018934373 793 1573758040291
1042.00783196121 599.894645982026 793 1573758040291
1042.42655618317 602.288273029679 793 1573758040291
1043.00054966294 604.643368657325 793 1573758040306
1043.74948874251 606.955050009156 793 1573758040306
1044.49842782209 609.266731360986 793 1573758040306
1045.35375829611 611.538026226441 798 1573758040321
1046.32747168543 613.764382588923 798 1573758040321
1047.30118507476 615.990738951405 798 1573758040321
1048.20766573109 618.244500632044 806 1573758040336
1049.06782808749 620.517142517148 806 1573758040336
1049.9279904439 622.789784402253 806 1573758040336
1050.61077797568 625.117984126172 802 1573758040389
1051.20080472319 627.475238642454 802 1573758040389
1051.7908314707 629.832493158735 802 1573758040389
1052.38085821822 632.189747675017 802 1573758040389
1052.97088496573 634.547002191299 802 1573758040389
1053.56091171324 636.904256707581 802 1573758040389
1054.15093846075 639.261511223863 802 1573758040389
1054.74096520827 641.618765740145 802 1573758040389
1055.33099195578 643.976020256427 802 1573758040389
1056.07159448814 646.287128954261 802 1573758040397
1056.80567447023 648.597628730483 801 1573758040404
1057.27230871887 650.982264723217 800 1573758040419
1057.6656297369 653.380196956223 800 1573758040419
1058.05895075493 655.778129189228 800 1573758040419
1058.98623309979 658.020531885561 800 1573758040442
1059.94210006442 660.254608599385 800 1573758040442
1060.74965353553 662.534604579235 799 1573758040457
1061.26760110225 664.905581647604 798 1573758040464
1061.12755998948 665.251081699403 733 1573758040509
1060.45998750335 662.939602938419 512 1573758040517
1059.36061151675 660.805279721275 209 1573758040524
983.451637328778 662.571169059742 342 1573758041126
984.746502437278 663.400242423327 746 1573758041216
986.178713972616 664.97097935929 783 1573758041239
987.566281661339 666.659367902614 797 1573758041254
989.113388650684 668.215831520203 797 1573758041254
990.57392045958 669.851731843893 795 1573758041276
991.991833994798 671.526736391947 795 1573758041276
993.409747530016 673.201740940002 795 1573758041276
994.827661065234 674.876745488057 795 1573758041276
996.245574600452 676.551750036111 795 1573758041276
997.327022171511 678.457629666947 811 1573758041306
998.37975003141 680.38321609252 811 1573758041306
999.432477891309 682.308802518093 811 1573758041306
1000.48520575121 684.234388943666 811 1573758041306
1001.53793361111 686.159975369239 811 1573758041306
1002.59066147101 688.085561794812 811 1573758041306
1003.6433893309 690.011148220385 811 1573758041306
1004.89527279929 691.813503437105 812 1573758041314
1006.10455614035 693.643802988509 812 1573758041336
1007.25426169498 695.51310664683 812 1573758041336
1008.40396724961 697.38241030515 812 1573758041336
1009.55367280424 699.251713963471 812 1573758041336
1010.70217578896 701.121741354833 821 1573758041344
1011.81559056132 703.012885604765 821 1573758041344
1013.03771965738 704.82177992669 821 1573758041351
1014.55480730326 706.407517642735 821 1573758041351
1015.61927343498 708.324521208524 823 1573758041359
1016.63911676515 710.264983017313 823 1573758041366
1017.39058428515 712.326879133936 823 1573758041366
1018.67747720042 714.103405983056 824 1573758041374
1019.75307521754 716.00862233382 825 1573758041381
1020.83395061275 717.906502191164 824 1573758041389
1021.92805077665 719.790998448153 824 1573758041396
1022.56658374377 721.882620865409 823 1573758041411
1023.21290290871 723.963881301228 826 1573758041426
1024.37574343303 725.825042482952 826 1573758041426
1025.39566150746 727.748771703737 825 1573758041434
1026.08947683102 729.821097482552 825 1573758041449
1027.08693425235 731.775885891049 825 1573758041449
1028.00913050917 733.763446585789 825 1573758041456
1029.3712457859 735.444905121268 821 1573758041516
1029.58520166393 736.123214270801 633 1573758041569
1027.99676796035 734.614417573644 317 1573758041577
1060.88443147343 666.933182561373 114 1573758041988
1062.56779263715 665.911602674586 439 1573758042041
1062.51956215451 667.36613247422 753 1573758042116
1061.62311634741 669.315328389694 772 1573758042131
1060.81948230677 671.323546589464 780 1573758042146
1059.64779385394 673.160609770525 780 1573758042146
1058.73941676532 675.127680706435 816 1573758042161
1057.99329220018 677.174862450936 816 1573758042161
1057.24716763505 679.222044195436 816 1573758042161
1056.26935683573 681.158404851708 817 1573758042183
1055.14384949376 683.024118705676 817 1573758042183
1054.0183421518 684.889832559645 817 1573758042183
1052.89283480983 686.755546413614 817 1573758042183
1051.94939243058 688.713181411675 836 1573758042221
1051.11640739266 690.726584224905 836 1573758042221
1050.28342235475 692.739987038135 836 1573758042221
1049.45043731684 694.753389851365 836 1573758042221
1048.61745227892 696.766792664595 836 1573758042221
1047.78446724101 698.780195477825 836 1573758042221
1046.95148220309 700.793598291055 836 1573758042221
1046.11849716518 702.807001104286 836 1573758042221
1045.28551212727 704.820403917516 836 1573758042221
1044.46612039051 706.839154409585 835 1573758042243
1043.70397450206 708.880425730706 835 1573758042243
1042.94182861361 710.921697051826 835 1573758042243
1042.17968272516 712.962968372947 835 1573758042243
1041.41753683671 715.004239694068 835 1573758042243
1040.65085144411 717.043662162877 836 1573758042273
1039.76995471239 719.036568560519 836 1573758042273
1038.88905798068 721.029474958161 836 1573758042273
1038.00816124896 723.022381355804 836 1573758042273
1037.12726451725 725.015287753446 836 1573758042273
1036.24636778553 727.008194151088 836 1573758042273
1035.36547105381 729.00110054873 836 1573758042273
1034.07083570861 730.752831031575 835 1573758042296
1032.77076203267 732.501391410527 835 1573758042296
1031.47068835673 734.24995178948 835 1573758042296
1030.2758036005 736.063047880212 832 1573758042311
1029.30600015729 738.014236298396 832 1573758042311
1028.9245912638 740.146495508789 834 1573758042318
1028.8517473258 742.233467382612 833 1573758042341
1028.53027641243 744.330973937837 829 1573758042454
1027.00190765019 743.727306789991 100 1573758042499
END STROKE
===NOTES===
Great Job
