1.00
USERID - 01/01/2000 01:00:00 AM - F - HS - EN - N/A
10/25/2019 13:4:16:43
10/25/2019 13:5:28:735
-9.23467066118622 811.030167046362 661 1572026727721
-5.25404698306473 810.732250586463 661 1572026727736
-1.25740130502134 810.60039045747 661 1572026727759
2.72670943077575 810.31479016625 671 1572026727804
6.69031361429823 809.776420519666 671 1572026727804
10.6539177978207 809.238050873082 671 1572026727804
14.6175219813432 808.699681226498 671 1572026727804
18.5811261648657 808.161311579914 671 1572026727804
22.5705796445293 807.898291953296 674 1572026727819
26.5650442296989 807.687946442158 673 1572026727834
30.559265808023 807.473018586238 673 1572026727834
34.5499125309238 807.2017762672 671 1572026727864
38.539249781882 806.909905922497 671 1572026727864
42.5285870328403 806.618035577794 671 1572026727864
46.5173362300533 806.318419322437 671 1572026727901
50.5050140637049 806.00469094469 671 1572026727901
54.4926918973564 805.690962566942 671 1572026727901
58.480369731008 805.377234189195 671 1572026727901
62.4690017324465 805.077555075478 671 1572026727909
66.4647496354626 804.9034048848 670 1572026727954
70.4633313406427 804.796895040191 670 1572026727954
74.4619130458229 804.690385195581 670 1572026727954
78.460494751003 804.583875350972 670 1572026727954
82.4590764561831 804.477365506363 670 1572026727954
86.4493668054587 804.209529355984 670 1572026727992
90.4377994264272 803.905547073614 670 1572026727992
94.4262320473957 803.601564791245 670 1572026727992
98.4146646683641 803.297582508875 670 1572026727992
102.37664091728 802.788810301609 670 1572026727999
106.349100996208 802.508077965967 686 1572026728172
110.348923976015 802.545709471417 686 1572026728172
114.348746955823 802.583340976866 686 1572026728172
118.348569935631 802.620972482316 686 1572026728172
122.348392915438 802.658603987765 686 1572026728172
126.348215895246 802.696235493215 686 1572026728172
130.348038875054 802.733866998664 686 1572026728172
134.347861854861 802.771498504114 686 1572026728172
138.347684834669 802.809130009564 686 1572026728172
142.347507814477 802.846761515013 686 1572026728172
146.347330794284 802.884393020463 686 1572026728172
150.347153774092 802.922024525912 686 1572026728172
154.3469767539 802.959656031362 686 1572026728172
158.346799733707 802.997287536811 686 1572026728172
162.346622713515 803.034919042261 686 1572026728172
166.346445693323 803.07255054771 686 1572026728172
170.34626867313 803.11018205316 686 1572026728172
174.346091652938 803.14781355861 686 1572026728172
178.345914632746 803.185445064059 686 1572026728172
182.345737612553 803.223076569509 686 1572026728172
186.345560592361 803.260708074958 686 1572026728172
190.345383572169 803.298339580408 686 1572026728172
194.345268405966 803.328375204493 686 1572026728209
198.34517379762 803.355886253426 686 1572026728209
202.345079189275 803.383397302359 686 1572026728209
206.344984580929 803.410908351291 686 1572026728209
210.344889972584 803.438419400224 686 1572026728209
214.344795364238 803.465930449156 686 1572026728209
218.34362177858 803.387444072309 695 1572026728269
222.342138306816 803.278514859416 695 1572026728269
226.340654835052 803.169585646522 695 1572026728269
230.339171363289 803.060656433628 695 1572026728269
END STROKE
232.917371508888 801.249175047319 812 1572026733066
233.023042813577 798.599627636034 810 1572026733043
233.000189945414 795.997588627149 797 1572026732938
232.740400895933 793.392245715366 795 1572026732908
233.023042813577 790.765284837433 795 1572026732871
232.663725123238 788.165319931457 795 1572026732833
232.639108629087 785.565827313748 797 1572026732811
232.661423562982 782.948454339613 796 1572026732796
233.004001231854 780.37216266458 796 1572026732758
232.843418234826 777.723220769742 796 1572026732743
232.845977804612 775.068457831688 797 1572026732728
232.893548520781 772.414098200055 797 1572026732728
232.94111923695 769.759738568422 797 1572026732728
232.988689953119 767.10537893679 797 1572026732728
232.997856874203 764.451330963999 786 1572026732676
232.907213338698 761.798092984369 786 1572026732676
232.820796432833 759.144721985911 783 1572026732653
232.744422507528 756.491034918713 783 1572026732653
232.668048582223 753.837347851516 783 1572026732653
232.620271891152 751.1830011681 773 1572026732623
232.574211205202 748.528614903765 773 1572026732623
232.528150519253 745.87422863943 773 1572026732623
232.48628457247 743.219845512266 754 1572026732585
232.536315540574 740.565531113158 754 1572026732585
232.586346508678 737.91121671405 754 1572026732585
232.636377476782 735.256902314943 754 1572026732585
232.447933356247 732.621875976009 748 1572026732540
232.619884109832 730.007095557738 744 1572026732533
233.071547701343 727.391012985109 733 1572026732518
233.382360503916 724.762859701498 719 1572026732503
233.153244682308 722.121215716072 713 1572026732495
232.789059695105 719.492062722849 696 1572026732480
232.929566604085 716.866283934321 685 1572026732465
233.312568246721 714.239270845504 685 1572026732465
233.955713730282 711.677020695253 662 1572026732435
234.100995884595 709.027900749737 641 1572026732420
234.307341234278 706.384434270727 603 1572026732398
234.460313574927 703.743476476404 584 1572026732383
END STROKE
234.337687891525 802.951727220734 695 1572026728269
238.336204419761 802.842798007841 695 1572026728269
242.334720947997 802.733868794947 695 1572026728269
246.333237476233 802.624939582053 695 1572026728269
250.33175400447 802.51601036916 695 1572026728269
254.330270532706 802.407081156266 695 1572026728269
258.329042954585 802.311039695365 695 1572026728322
262.328731944371 802.261159990222 695 1572026728322
266.328420934157 802.211280285079 695 1572026728322
270.328109923943 802.161400579936 695 1572026728322
274.327798913729 802.111520874793 695 1572026728322
278.327487903515 802.061641169651 695 1572026728322
282.327176893301 802.011761464508 695 1572026728322
286.326865883087 801.961881759365 695 1572026728322
290.326554872873 801.912002054222 695 1572026728322
294.326243862659 801.862122349079 695 1572026728322
298.324620686002 801.767286554677 692 1572026728375
302.320409888067 801.58379635696 692 1572026728375
306.316199090132 801.400306159242 692 1572026728375
310.311988292197 801.216815961524 692 1572026728375
314.307777494263 801.033325763806 692 1572026728375
318.303566696328 800.849835566088 692 1572026728375
322.299355898393 800.666345368371 692 1572026728375
326.295145100459 800.482855170653 692 1572026728375
330.290934302524 800.299364972935 692 1572026728375
334.286723504589 800.115874775217 692 1572026728375
338.282512706654 799.932384577499 692 1572026728375
342.277239509202 799.727813837419 703 1572026728420
346.271230447176 799.508641787694 703 1572026728420
350.26522138515 799.289469737968 703 1572026728420
354.259212323125 799.070297688242 703 1572026728420
358.253203261099 798.851125638517 703 1572026728420
362.247194199073 798.631953588791 703 1572026728420
366.241185137047 798.412781539065 703 1572026728420
370.235176075021 798.19360948934 703 1572026728420
374.229167012995 797.974437439614 703 1572026728420
378.226224743627 797.836524403415 701 1572026728562
382.225373940344 797.754027722279 701 1572026728562
386.224523137061 797.671531041143 701 1572026728562
390.223672333778 797.589034360008 701 1572026728562
394.222821530495 797.506537678872 701 1572026728562
398.221970727212 797.424040997736 701 1572026728562
402.221119923929 797.3415443166 701 1572026728562
406.220269120646 797.259047635464 701 1572026728562
410.219418317363 797.176550954328 701 1572026728562
414.21856751408 797.094054273193 701 1572026728562
418.217716710797 797.011557592057 701 1572026728562
422.216865907514 796.929060910921 701 1572026728562
426.216015104231 796.846564229785 701 1572026728562
430.215164300947 796.764067548649 701 1572026728562
434.214313497664 796.681570867513 701 1572026728562
438.213462694381 796.599074186377 701 1572026728562
442.212611891098 796.516577505241 701 1572026728562
446.211761087815 796.434080824106 701 1572026728562
450.210910284532 796.35158414297 701 1572026728562
454.210059481249 796.269087461834 701 1572026728562
END STROKE
454.885966153861 795.524785960973 759 1572026730526
454.80033346071 793.723413367852 759 1572026730526
454.714700767559 791.922040774731 759 1572026730526
454.629068074408 790.12066818161 759 1572026730526
454.543435381257 788.319295588488 759 1572026730526
454.489160378302 786.516726525889 739 1572026730503
454.437279260653 784.714066123313 739 1572026730503
454.385398143004 782.911405720737 739 1572026730503
454.394351935419 781.109199677785 721 1572026730488
454.473152937359 779.307515304906 721 1572026730488
454.551953939299 777.505830932027 721 1572026730488
454.630754941239 775.704146559147 721 1572026730488
454.709555943179 773.902462186268 721 1572026730488
454.788356945119 772.100777813388 721 1572026730488
454.867157947058 770.299093440509 721 1572026730488
454.945958948998 768.497409067629 721 1572026730488
455.024759950938 766.69572469475 721 1572026730488
455.042258370811 764.894374307506 641 1572026730443
454.943830937581 763.093655501648 641 1572026730443
454.616526128434 761.334279253223 621 1572026730428
454.357668631834 759.58886336208 595 1572026730406
454.896679433762 758.780596056167 146 1572026730301
END STROKE
454.971598847012 797.326158554094 759 1572026730526
455.057231540163 799.127531147215 759 1572026730526
455.076304012513 800.930484899765 788 1572026730563
455.076304012513 802.733891725022 788 1572026730563
455.076304012513 804.537298550279 788 1572026730563
455.076304012513 806.340705375537 788 1572026730563
455.076304012513 808.144112200794 788 1572026730563
455.076304012513 809.947519026051 788 1572026730563
455.076304012513 811.750925851309 788 1572026730563
455.076304012513 813.554332676566 788 1572026730563
455.076304012513 815.357739501823 788 1572026730563
455.076304012513 817.16114632708 796 1572026730578
455.076304012513 818.964553152338 796 1572026730578
455.076304012513 820.767959977595 796 1572026730578
455.076304012513 822.571366802852 801 1572026730586
455.014649203676 824.373169881294 802 1572026730601
454.920893260327 826.174137954435 802 1572026730601
454.896679433762 827.976914936733 809 1572026730616
455.047374105314 829.766704687342 819 1572026730623
455.076304012513 829.856681705634 502 1572026730811
END STROKE
458.209208677966 796.186590780698 701 1572026728562
462.208357874683 796.104094099562 701 1572026728562
466.2075070714 796.021597418426 701 1572026728562
470.206656268117 795.93910073729 701 1572026728562
474.202133347728 795.760018630034 699 1572026728615
478.196001800721 795.538625811304 699 1572026728615
482.189870253714 795.317232992573 699 1572026728615
486.183738706708 795.095840173843 699 1572026728615
490.091382854543 794.52533542678 698 1572026728622
494.058533325366 794.421241833824 700 1572026728645
498.042965838809 794.480828524913 691 1572026728667
502.004159985611 794.060051569844 703 1572026728697
505.998513745265 793.897732064991 703 1572026728712
509.94965576678 793.285001346416 702 1572026728735
END STROKE
===NOTES===
Great Job
