1.00
USERID - 01/01/2000 01:00:00 AM - F - HS - EN - N/A
11/15/2019 11:9:24:412
11/15/2019 11:9:46:942
760.623388501809 280.370182732016 82 1573837785876
763.032532642307 279.731953899129 584 1573837785981
763.594230384251 283.664816925575 632 1573837786041
763.725363737464 287.662666853183 632 1573837786041
763.856497090678 291.660516780791 632 1573837786041
763.987630443891 295.658366708399 632 1573837786041
764.173458550615 299.653451573139 647 1573837786071
764.446181492121 303.6441435178 647 1573837786071
764.718904433627 307.63483546246 647 1573837786071
765.068576183611 311.619241683615 676 1573837786079
765.155856168496 315.615102449318 681 1573837786094
765.241401186605 319.61121334478 692 1573837786109
765.604352343007 323.59471261779 692 1573837786109
765.699730157312 327.590376488128 695 1573837786116
765.92591702994 331.583636073969 701 1573837786139
766.164107108952 335.576537961852 701 1573837786139
766.540436460035 339.557583213694 704 1573837786154
766.98122286751 343.533146372305 717 1573837786169
767.300293852882 347.520400277726 717 1573837786169
767.672317475897 351.502353141599 730 1573837786206
768.149978029975 355.47373078608 730 1573837786206
768.627638584053 359.44510843056 730 1573837786206
769.105299138132 363.41648607504 730 1573837786206
769.507124718871 367.392407899586 734 1573837786221
769.507124718871 371.392407899586 734 1573837786221
769.532427398271 375.392195213798 737 1573837786244
769.599667948627 379.391630012415 737 1573837786244
769.666908498983 383.391064811032 737 1573837786244
769.844946480902 387.386381772139 752 1573837786296
770.074763036929 391.379774358722 752 1573837786296
770.304579592955 395.373166945305 752 1573837786296
770.534396148981 399.366559531888 752 1573837786296
770.764212705007 403.359952118471 752 1573837786296
770.994029261033 407.353344705054 752 1573837786296
771.138746685311 411.349183961079 753 1573837786304
771.303413188734 415.342912585855 756 1573837786334
END STROKE
771.607654388779 419.331325464708 756 1573837786334
771.911895588825 423.31973834356 756 1573837786334
772.21613678887 427.308151222412 756 1573837786334
772.370413920944 431.305075462875 757 1573837786364
772.519405591772 435.30229968501 757 1573837786364
772.6683972626 439.299523907145 757 1573837786364
772.873565583801 443.293398932216 760 1573837786379
773.200562419675 447.280010660154 760 1573837786379
773.452148077025 451.271708865909 765 1573837786402
773.663470769055 455.266122805379 765 1573837786402
773.853894066358 459.26094354453 765 1573837786454
773.798172394567 463.26055541261 765 1573837786454
773.742450722776 467.260167280691 765 1573837786454
773.686729050986 471.259779148772 765 1573837786454
773.631007379195 475.259391016853 765 1573837786454
773.575285707404 479.259002884934 765 1573837786454
773.519564035613 483.258614753014 765 1573837786454
773.639707139097 487.253884331451 765 1573837786477
773.892749973743 491.245872473196 765 1573837786477
774.145792808388 495.237860614942 765 1573837786477
774.22079150187 499.235486001559 765 1573837786484
774.295157835901 503.234510454326 768 1573837786529
774.400084819035 507.233134008527 768 1573837786529
774.505011802169 511.231757562728 768 1573837786529
774.609938785303 515.230381116929 768 1573837786529
774.714865768437 519.22900467113 768 1573837786529
775.005010820668 523.214562503017 768 1573837786537
775.127340363182 527.207544316022 766 1573837786552
775.127340363182 531.207544316022 766 1573837786552
774.805958366588 535.184515200652 767 1573837786574
775.01399044533 539.179101869409 767 1573837786574
774.929420093626 543.165361818483 768 1573837786582
774.764665490686 547.156379489439 769 1573837786597
774.774220773798 551.156130845514 768 1573837786604
774.903748303295 555.150378815971 769 1573837786619
774.661256296895 559.143021753529 769 1573837786619
774.457167713419 563.137724405469 770 1573837786642
774.271217329676 567.133399874621 770 1573837786642
774.132335617548 571.130884874698 769 1573837786657
773.948975665951 575.125115506002 770 1573837786672
773.564768633677 579.106620869096 770 1573837786672
773.254951441241 583.066201434465 776 1573837786702
773.70074629994 587.041282181313 776 1573837786702
774.194753112112 591.010497281509 774 1573837786717
774.603741481875 594.988488797233 774 1573837786732
774.513864131922 598.966555901557 774 1573837786747
774.135111909569 602.946479483482 773 1573837786770
773.916793328084 606.940517164448 773 1573837786770
773.70647810953 610.926555266846 772 1573837786792
773.366584284408 614.89375227462 772 1573837786815
773.491716686923 618.89154418 771 1573837786845
773.341091722795 622.888707188958 771 1573837786845
773.637823880639 626.863279400948 771 1573837786882
773.262808901622 630.844501166624 770 1573837786890
773.133043524246 634.832772371212 769 1573837786912
772.951706087999 638.727752464049 772 1573837786942
END STROKE
===NOTES===
Great Job
