1.00
USERID - 01/01/2000 01:00:00 AM - F - HS - EN - N/A
11/14/2019 12:59:1:932
11/14/2019 12:59:3:994
-195.715914884135 265.63263864208 187 1573757957357
-195.629281642073 265.889181610503 637 1573757957492
-191.704754276343 266.072991938924 710 1573757957537
-187.919306215182 266.852531185269 705 1573757957582
-184.02617563749 266.145822458731 703 1573757957612
-180.067506044348 265.808438579642 699 1573757957665
-176.11245294539 265.375997793852 619 1573757957740
END STROKE
-277.076498232774 261.527265988678 247 1573757950131
-274.450046905388 262.413436595474 691 1573757950372
-270.492552142315 262.834174838335 689 1573757950417
-266.542613260679 263.323360407054 723 1573757950439
-262.559298673542 263.579903375477 722 1573757950462
-258.5921608168 263.471396901362 723 1573757950477
-254.667589628302 263.432448437408 726 1573757950499
-250.697012657027 263.065636028872 728 1573757950522
-246.735671429397 263.022954717154 728 1573757950545
-242.777545604129 263.066719558826 769 1573757950590
-238.777545604129 263.066719558826 769 1573757950590
-234.777545604129 263.066719558826 776 1573757950605
-230.777625596191 263.067818657254 779 1573757950627
-226.81977740991 263.646988523826 779 1573757950627
-222.875373955403 264.29797609879 779 1573757950635
-218.904266218352 264.062268405059 777 1573757950657
-214.945014929977 263.643334290102 775 1573757950672
-210.951320396527 263.836544223704 775 1573757950680
-206.970757277895 264.093087192127 773 1573757950702
-203.06627243603 264.651915675147 772 1573757950725
-199.153950882126 265.407887242078 772 1573757950747
END STROKE
-296.154163330673 520.170504860458 620 1573757944760
-296.434723524629 516.195861603758 619 1573757944745
-295.163595069451 512.452584011051 634 1573757944722
-293.132207552644 509.13273155412 734 1573757944692
-292.787521270284 505.477417836481 812 1573757944669
-292.169572257921 501.555208872926 830 1573757944617
-291.821020552906 497.570423846236 830 1573757944617
-291.991479503448 493.60418453714 837 1573757944579
-292.272942209706 489.614099482284 837 1573757944579
-292.546387428279 485.623496855288 838 1573757944557
-292.7802860293 481.630341280502 838 1573757944557
-293.014184630321 477.637185705717 838 1573757944557
-293.248083231343 473.644030130931 838 1573757944557
-293.415987536306 469.647967218762 839 1573757944527
-293.534145499528 465.649712762662 839 1573757944527
-293.652303462751 461.651458306562 839 1573757944527
-293.770461425974 457.653203850461 839 1573757944527
-293.888619389196 453.654949394361 839 1573757944527
-293.677737905609 449.663463374694 839 1573757944489
-293.395258969204 445.673450135307 839 1573757944489
-293.1127800328 441.683436895919 839 1573757944489
-292.830301096395 437.693423656532 839 1573757944489
-292.547822159991 433.703410417144 839 1573757944489
-292.265343223586 429.713397177757 839 1573757944489
-291.982864287182 425.723383938369 839 1573757944489
-291.700385350777 421.733370698982 839 1573757944489
-291.417906414373 417.743357459594 839 1573757944489
-290.864106226259 413.783130626555 841 1573757944444
-290.274220470259 409.826865368149 841 1573757944444
-289.684334714259 405.870600109743 841 1573757944444
-289.094448958259 401.914334851338 841 1573757944444
-288.680695519852 397.93840040024 841 1573757944422
-288.38331884772 393.949469827408 841 1573757944422
-288.085942175587 389.960539254576 841 1573757944422
-287.788565503455 385.971608681745 841 1573757944422
-287.491188831323 381.982678108913 841 1573757944422
-287.193812159191 377.993747536081 841 1573757944422
-286.896435487058 374.00481696325 841 1573757944422
-286.599058814926 370.015886390418 841 1573757944422
-286.301682142794 366.026955817586 841 1573757944422
-286.004305470661 362.038025244755 841 1573757944422
-285.706928798529 358.049094671923 841 1573757944422
-285.409552126397 354.060164099091 841 1573757944422
-285.112175454264 350.07123352626 841 1573757944422
-284.814798782132 346.082302953428 841 1573757944422
-284.515889794187 342.09348727209 840 1573757944347
-284.215113598247 338.104811592123 840 1573757944347
-283.914337402307 334.116135912157 840 1573757944347
-283.613561206368 330.12746023219 840 1573757944347
-283.312785010428 326.138784552224 840 1573757944347
-283.012008814488 322.150108872257 840 1573757944347
-282.711232618548 318.161433192291 840 1573757944347
-282.410456422609 314.172757512324 840 1573757944347
-281.622239857265 310.251542350509 841 1573757944316
-280.906009306182 306.318943385144 841 1573757944309
-280.462471415576 302.343610174003 841 1573757944309
-280.018933524971 298.368276962863 841 1573757944309
-279.58145976215 294.39234655212 842 1573757944294
-279.241010587977 290.406861091125 842 1573757944294
-278.900561413805 286.421375630129 842 1573757944294
-278.560112239632 282.435890169134 842 1573757944294
-278.21966306546 278.450404708139 842 1573757944294
-277.879213891287 274.464919247143 842 1573757944294
-277.538764717115 270.479433786148 842 1573757944294
-277.198315542942 266.493948325153 842 1573757944294
-276.85786636877 262.508462864157 842 1573757944294
END STROKE
-276.640553361093 258.51479404815 840 1573757944256
-276.450604877671 254.519306646887 840 1573757944256
-276.26065639425 250.523819245625 840 1573757944256
-276.070707910828 246.528331844363 840 1573757944256
-275.875032404915 242.533127339706 841 1573757944234
-275.670288376927 238.538370791053 841 1573757944234
-275.465544348938 234.543614242401 841 1573757944234
-275.260800320949 230.548857693748 841 1573757944234
-275.065740375483 226.55364737878 842 1573757944211
-274.896043450151 222.557248630716 842 1573757944211
-274.726346524818 218.560849882651 842 1573757944211
-274.556649599486 214.564451134587 842 1573757944211
-274.386952674154 210.568052386522 842 1573757944211
-274.217255748822 206.571653638457 842 1573757944211
-274.04755882349 202.575254890393 842 1573757944211
-273.877861898158 198.578856142328 842 1573757944211
-273.708164972825 194.582457394263 842 1573757944211
-273.538468047493 190.586058646199 842 1573757944211
-273.368771122161 186.589659898134 842 1573757944211
-273.199074196829 182.593261150069 842 1573757944211
-273.029377271497 178.596862402005 842 1573757944211
-272.838579130985 174.60247908203 840 1573757944144
-272.248697822054 170.646213160562 840 1573757944144
-271.72022115664 166.681570399707 840 1573757944136
-271.228839436571 162.711867135585 840 1573757944136
-270.737457716501 158.742163871463 840 1573757944136
-270.270367195224 154.769834123433 841 1573757944121
-269.901864645456 150.786844558946 841 1573757944121
-269.533362095687 146.803854994459 841 1573757944121
-269.164859545919 142.820865429972 841 1573757944121
-268.796356996151 138.837875865484 841 1573757944121
-268.427854446382 134.854886300997 841 1573757944121
-268.059351896614 130.87189673651 841 1573757944121
-267.690849346846 126.888907172023 841 1573757944121
-267.322346797077 122.905917607535 841 1573757944121
-267.257132245562 118.908927974557 841 1573757944084
-267.257132245562 114.908927974557 841 1573757944084
-267.257132245562 110.908927974557 841 1573757944084
-266.868282369377 106.930663574989 841 1573757944069
-266.422498007006 102.95558165102 841 1573757944069
-266.134918225432 98.971656541633 833 1573757944054
-266.134918225432 94.971656541633 833 1573757944054
-266.134918225432 90.971656541633 833 1573757944054
-266.134918225432 86.971656541633 833 1573757944054
-266.134918225432 82.971656541633 833 1573757944054
-265.951615421876 78.9758887093955 842 1573757944031
-265.767006662006 74.9801510295948 842 1573757944031
-265.582397902136 70.984413349794 842 1573757944031
-265.397789142265 66.9886756699933 842 1573757944031
-265.025532157716 63.011871508345 842 1573757944009
-264.408214290098 59.0597937446466 842 1573757944009
-263.79089642248 55.1077159809481 842 1573757944009
-263.329369797262 51.1435441808972 841 1573757943994
END STROKE
-343.567752503618 62.9296314158306 467 1573757941932
-342.622340614074 60.7152433271869 700 1573757942007
-338.75363237042 61.0154624878777 688 1573757942045
-334.835249900754 60.5381486441196 695 1573757942067
-330.840861005563 60.3292464754779 707 1573757942090
-326.843534017075 60.1830379014909 707 1573757942090
-322.902168882905 59.6411583214916 710 1573757942097
-318.939475962733 59.3374425790796 730 1573757942105
-314.995918710356 58.7763293141239 733 1573757942127
-311.076055675901 57.9796651495515 733 1573757942127
-307.157135251501 57.1784683361911 738 1573757942150
-303.244652116601 56.3463170764326 738 1573757942150
-299.3321689817 55.5141658166742 738 1573757942150
-295.42212473177 54.6719909149565 749 1573757942165
-291.56468460657 53.6136168409657 749 1573757942165
-287.70724448137 52.5552427669749 749 1573757942165
-283.735366481801 52.1675169711146 751 1573757942172
-279.843889470311 51.2542366628957 764 1573757942180
-275.875706013648 51.3263767236601 762 1573757942195
-271.915112598529 51.4026241376745 783 1573757942210
-267.94099905875 50.9482877282278 783 1573757942210
-263.960904539163 51.0848727393305 782 1573757942232
END STROKE
-259.964063261636 50.9259394128887 782 1573757942232
-255.965172936171 50.8701053639512 783 1573757942240
-252.002035481753 50.3836529409254 792 1573757942247
-248.013486274783 50.088652373512 794 1573757942277
-244.023348789994 49.8079339158279 794 1573757942277
-240.031366534456 49.6082480621101 792 1573757942307
-236.032588000897 49.7070925842081 792 1573757942307
-232.033809467338 49.8059371063062 792 1573757942307
-228.037459222423 49.9690932196653 789 1573757942322
-224.041907634867 50.0441540794024 793 1573757942337
-220.045066383503 49.8852200949962 793 1573757942337
-216.062727781838 50.1171594731452 813 1573757942390
-212.063323216123 50.1861748318396 813 1573757942390
-208.063918650408 50.255190190534 813 1573757942390
-204.064514084692 50.3242055492284 813 1573757942390
-200.066096782487 50.2829611233006 812 1573757942413
-196.06856928414 50.1423414235653 812 1573757942413
-192.085999500208 50.3569215472993 814 1573757942428
-188.118998740615 50.2498221822893 815 1573757942443
-184.220094838276 50.3569215472993 815 1573757942473
-180.280683425246 50.2034030273997 809 1573757942510
-179.595075556047 50.3569215472993 211 1573757942540
END STROKE
-264.451583817391 -32.263764277289 394 1573757943761
-263.190422348974 -28.6667002390257 788 1573757943851
-263.566156907257 -24.6934302734369 812 1573757943888
-263.83887121963 -20.7027377390732 812 1573757943888
-264.111585532004 -16.7120452047094 812 1573757943888
-264.171023623436 -12.7140737670854 829 1573757943903
-264.171023623436 -8.71407376708543 829 1573757943903
-264.446026184524 -4.72519732345085 836 1573757943926
-264.181543624825 -0.733950779372797 836 1573757943926
-263.917061065126 3.25729576470526 836 1573757943926
-264.164174857588 7.24599266403372 834 1573757943941
-264.468425673638 11.2344048093533 834 1573757943941
-264.699832939048 15.2233802104322 833 1573757943949
-264.457294843261 19.2160203484977 833 1573757943949
-264.02704855642 23.192706447092 834 1573757943964
-263.592275733253 27.1690078179938 834 1573757943964
-263.286162105162 31.1540868714484 837 1573757943979
-263.176859315164 35.1525932050808 837 1573757943979
-263.067556525166 39.1510995387133 837 1573757943979
-263.2211269998 43.1463602716667 837 1573757943986
-263.329369797262 47.1435441808972 841 1573757943994
END STROKE
===NOTES===
Great Job
