1.00
USERID - 01/01/2000 01:00:00 AM - F - HS - EN - N/A
11/15/2019 11:9:24:412
11/15/2019 11:11:48:364
-274.594709784734 279.377594406096 801 1573837902433
-270.774500005698 279.706926192052 805 1573837902365
-266.775988428686 279.811122074198 805 1573837902343
-262.776868184675 279.872708701227 806 1573837902313
-258.776868184675 279.872708701227 806 1573837902313
-254.776868184675 279.872708701227 803 1573837902290
-250.777128566224 279.906867815725 794 1573837902268
-246.777593372472 279.967845138901 794 1573837902268
-242.778058178721 280.028822462077 794 1573837902268
-238.785247074045 279.822020193417 783 1573837902223
-234.790400514677 279.619039979837 783 1573837902223
-230.794242845996 279.445286867054 763 1573837902200
-226.797267604556 279.289758993957 763 1573837902200
-222.841441549819 278.8778871429 756 1573837902155
-218.933501491425 279.209515412885 456 1573837902080
END STROKE
-293.103840744114 282.023046577015 776 1573837904857
-292.984575052272 286.021133135748 786 1573837904879
-292.83103978212 290.017475790466 790 1573837904895
-292.549573629452 294.007560602209 790 1573837904895
-292.114075058083 297.977753663255 790 1573837904917
-292.091123036023 301.971615847544 789 1573837904932
-292.284493595026 305.956053683338 790 1573837904940
-292.167096919505 309.928751243124 789 1573837904947
-291.498492790946 313.8288216104 793 1573837904962
-291.742547210783 317.481747568227 797 1573837904977
-291.29857641683 321.453647335181 799 1573837904992
-291.133185305495 325.445262682842 798 1573837905022
-291.2838892068 329.442422716432 798 1573837905022
-291.434593108104 333.439582750023 798 1573837905022
-291.251173746918 337.433434909172 804 1573837905060
-291.021362077088 341.426827776949 804 1573837905060
-290.791550407257 345.420220644726 804 1573837905060
-290.833033561784 349.416469402747 806 1573837905090
-290.97872762048 353.413815177291 806 1573837905090
-291.090378445888 357.411781144704 807 1573837905105
-291.090378445888 361.411781144704 807 1573837905105
-291.436950414113 365.383518753975 810 1573837905150
-291.379412798383 369.383104910413 810 1573837905150
-291.321875182652 373.382691066852 810 1573837905150
-291.245750348575 377.381671078861 809 1573837905172
-291.042583268683 381.376508139073 809 1573837905172
-290.805950622586 385.369232769951 809 1573837905187
-290.546487167084 389.359464023964 809 1573837905202
-290.546487167084 393.359464023964 809 1573837905202
-290.546487167084 397.359464023964 812 1573837905232
-290.546487167084 401.359464023964 812 1573837905232
-290.183881454553 405.329178125206 815 1573837905255
-290.183881454553 409.329178125206 815 1573837905255
-289.965982004301 413.322312319524 814 1573837905285
-289.714159581715 417.314377633053 814 1573837905285
-289.427797432873 421.304051336774 815 1573837905300
-289.149027531796 425.294264399822 816 1573837905308
-289.137258645653 429.275707687518 815 1573837905323
-289.096081606951 433.273979045112 809 1573837905338
-289.176316749637 437.256767959121 816 1573837905353
-289.244315185122 441.2016828219 818 1573837905368
-288.733493184412 445.149859239568 817 1573837905375
-288.370887471881 449.119573340811 818 1573837905398
-288.270846154271 453.116159031097 817 1573837905428
-287.998131841898 457.106851565461 817 1573837905428
-287.710984740975 461.09648735291 817 1573837905435
-287.826996193076 465.08569864798 822 1573837905465
-287.826996193076 469.08569864798 822 1573837905465
-287.746281347586 473.08481618897 823 1573837905495
-287.658827443918 477.083860051537 823 1573837905495
-287.460136072761 481.078648130125 823 1573837905525
-287.200830809354 485.0693279992 824 1573837905540
-286.502029005878 488.985691796906 824 1573837905570
-286.143316811638 492.937771286747 823 1573837905585
-286.014019500397 496.886893441796 821 1573837905608
-286.818057382633 496.867891474538 229 1573837905668
END STROKE
-303.038717510885 186.635725831307 683 1573837904564
-302.615078514722 190.61305499973 694 1573837904594
-302.104740452825 194.580365809659 694 1573837904594
-301.605702049403 198.54840040782 701 1573837904602
-301.359551987954 202.534983305722 717 1573837904624
-300.924781213445 206.511284900626 717 1573837904624
-300.554492585404 210.494049039094 713 1573837904639
-300.145371010303 214.473041192701 725 1573837904662
-299.647126762951 218.436645416946 724 1573837904669
-298.927615006967 222.365320974229 740 1573837904714
-298.38594582757 226.328475588938 740 1573837904714
-297.844276648174 230.291630203648 740 1573837904714
-297.302607468777 234.254784818357 740 1573837904714
-297.013516030272 238.243537688275 745 1573837904729
-296.671544601018 242.228247478048 753 1573837904744
-296.348040247646 246.211710175171 750 1573837904752
-295.779820257983 250.160358704773 752 1573837904774
-295.069984988143 254.096575022024 755 1573837904797
-294.674330285326 258.07695909346 755 1573837904797
-294.300343760601 262.059183983985 770 1573837904812
-294.018867699281 266.049268096746 770 1573837904812
-293.786119865809 270.042458310986 776 1573837904857
-293.55869349191 274.035987732996 776 1573837904857
-293.331267118012 278.029517155005 776 1573837904857
END STROKE
-307.407255129965 145.566358687073 152 1573837904324
-306.319472572356 146.960835579608 556 1573837904399
-305.839512294737 150.92176682522 580 1573837904421
-305.826917269739 154.902136442575 637 1573837904451
-305.242234916551 158.859174039803 637 1573837904451
-304.978996361327 162.838050177834 643 1573837904466
-304.311312411651 166.773541223374 644 1573837904504
-304.22558038549 170.772622370298 644 1573837904504
-304.100869715769 174.766774145228 661 1573837904512
-303.599981598348 178.70887698789 667 1573837904519
-303.109265855288 182.661570856221 681 1573837904534
END STROKE
-343.485693607197 190.335163109 471 1573837908041
-340.41278816584 190.335163109 680 1573837908116
-336.476412470297 189.779871838162 744 1573837908146
-332.491497974794 189.432803453648 744 1573837908146
-328.523482842888 188.96946459186 741 1573837908176
-324.604647518159 188.16776034611 741 1573837908176
-320.68581219343 187.366056100361 741 1573837908176
-316.7669768687 186.564351854611 741 1573837908176
-312.862535613443 185.696186318836 743 1573837908184
-308.885937542255 185.360430772796 772 1573837908214
-304.891206823652 185.155183395593 772 1573837908214
END STROKE
-300.896476105049 184.949936018389 772 1573837908214
-296.901745386445 184.744688641186 772 1573837908214
-292.951887013624 184.1505483733 774 1573837908236
-289.01538517407 183.440651713791 774 1573837908236
-285.078883334515 182.730755054282 774 1573837908236
-281.120414353049 182.178157391317 776 1573837908251
-277.140036038817 181.782444773886 776 1573837908251
-273.200681101308 181.151612608833 775 1573837908266
-269.321483759174 180.17599589066 775 1573837908266
-265.377535976656 179.723311475992 790 1573837908274
-261.422365873526 179.201274991946 800 1573837908289
-257.479277083421 178.530278975364 799 1573837908311
-253.511829822888 178.02100278812 799 1573837908311
-249.544382562356 177.511726600876 799 1573837908311
-245.58083948684 176.973821686447 799 1573837908319
-241.631607681008 176.34068425205 801 1573837908349
-237.689156336448 175.664609259334 801 1573837908349
-233.746704991888 174.988534266617 801 1573837908349
-229.892287433297 174.159713480043 801 1573837908364
END STROKE
===NOTES===
Great Job
