1.00
USERID - 01/01/2000 01:00:00 AM - F - HS - EN - N/A
11/13/2019 10:52:8:138
11/13/2019 10:52:42:769
318.952943353329 510.351004786056 631 1573663998912
319.848773791472 509.130271144169 692 1573663998897
320.781699873839 507.935764350081 692 1573663998897
321.714625956206 506.741257555992 692 1573663998897
322.647552038573 505.546750761904 692 1573663998897
323.656368065142 504.415776164604 699 1573663998882
324.668160934777 503.287293667957 699 1573663998882
325.679953804412 502.15881117131 699 1573663998882
326.691746674047 501.030328674663 699 1573663998882
327.703539543682 499.901846178016 699 1573663998882
328.715332413317 498.773363681369 699 1573663998882
329.727125282952 497.644881184721 699 1573663998882
330.738918152587 496.516398688074 699 1573663998882
331.750711022222 495.387916191427 699 1573663998882
332.762503891857 494.25943369478 699 1573663998882
333.774296761493 493.130951198133 699 1573663998882
334.786089631128 492.002468701486 699 1573663998882
335.797882500763 490.873986204838 699 1573663998882
336.809675370398 489.745503708191 699 1573663998882
337.821468240033 488.617021211544 699 1573663998882
338.833261109668 487.488538714897 699 1573663998882
339.845053979303 486.36005621825 699 1573663998882
340.856846848938 485.231573721603 699 1573663998882
END STROKE
385.581482113082 542.306917812837 736 1573663999516
386.523763371845 541.237081369185 740 1573663999508
387.52203117612 540.214425434407 741 1573663999501
388.460323861553 539.136259778455 741 1573663999501
389.398616546986 538.058094122504 741 1573663999501
390.336909232419 536.979928466552 741 1573663999501
391.275201917852 535.901762810601 741 1573663999501
392.213494603285 534.82359715465 741 1573663999501
393.151787288718 533.745431498698 741 1573663999501
394.090079974151 532.667265842747 741 1573663999501
394.989905953942 531.556997593998 741 1573663999478
395.882806093682 530.440949348777 741 1573663999478
396.775706233422 529.324901103555 741 1573663999478
397.668606373162 528.208852858333 741 1573663999478
398.561506512902 527.092804613112 741 1573663999478
399.454406652642 525.97675636789 741 1573663999478
400.347306792382 524.860708122669 741 1573663999478
401.240206932122 523.744659877447 741 1573663999478
402.133107071862 522.628611632226 741 1573663999478
END STROKE
454.87971523728 584.088718808159 648 1573664000656
455.025735765207 584.217014663137 751 1573664000611
456.038619059024 583.066606747365 754 1573664000604
457.073146619764 581.934943418207 754 1573664000604
458.107674180503 580.80328008905 754 1573664000604
459.142201741243 579.671616759892 754 1573664000604
460.176729301983 578.539953430734 754 1573664000604
461.211256862722 577.408290101577 754 1573664000604
462.245784423462 576.276626772419 754 1573664000604
463.280311984201 575.144963443261 754 1573664000604
464.306932068102 574.006593808219 762 1573664000574
465.25448366899 572.801166444939 762 1573664000574
466.202035269878 571.595739081659 762 1573664000574
467.149586870766 570.390311718379 762 1573664000574
468.097138471655 569.184884355099 762 1573664000574
469.044690072543 567.979456991819 762 1573664000574
469.992241673432 566.774029628539 762 1573664000574
470.93979327432 565.568602265259 762 1573664000574
471.887344875208 564.36317490198 762 1573664000574
END STROKE
535.067389946677 629.178432058881 740 1573664001200
536.207438209768 627.918158185879 776 1573664001192
537.522105509852 626.828223457259 781 1573664001185
538.528485803263 625.447615771902 781 1573664001185
539.534866096674 624.067008086545 781 1573664001185
540.541246390085 622.686400401188 781 1573664001185
541.542591363985 621.302186098668 785 1573664001170
542.525838050097 619.905008647489 785 1573664001170
543.509084736208 618.50783119631 785 1573664001170
544.49233142232 617.11065374513 785 1573664001170
545.475578108432 615.713476293951 785 1573664001170
546.458824794544 614.316298842772 785 1573664001170
547.442071480655 612.919121391593 785 1573664001170
548.425318166767 611.521943940414 785 1573664001170
549.408564852879 610.124766489235 785 1573664001170
550.391811538991 608.727589038056 785 1573664001170
551.375058225102 607.330411586877 785 1573664001170
END STROKE
604.781807286033 666.096190309947 771 1573664001792
605.708404091397 664.930983886917 771 1573664001792
606.653858706863 663.781107862579 764 1573664001777
607.605326829878 662.636120500698 764 1573664001777
608.556794952893 661.491133138817 764 1573664001777
609.525860371026 660.361593740785 763 1573664001762
610.53795141442 659.269824823907 763 1573664001762
611.550042457814 658.178055907028 763 1573664001762
612.562133501209 657.08628699015 763 1573664001762
613.574224544603 655.994518073272 763 1573664001762
614.586315587998 654.902749156393 763 1573664001762
615.598406631392 653.810980239515 763 1573664001762
616.610497674787 652.719211322637 763 1573664001762
617.622588718181 651.627442405758 763 1573664001762
618.634679761575 650.53567348888 763 1573664001762
619.64677080497 649.443904572002 763 1573664001762
620.658861848364 648.352135655123 763 1573664001762
621.670952891758 647.260366738245 763 1573664001762
622.683043935153 646.168597821367 763 1573664001762
END STROKE
341.868639718573 484.103091224955 699 1573663998882
342.880432588208 482.974608728308 699 1573663998882
343.892225457843 481.846126231661 699 1573663998882
344.806224193954 480.638231560874 688 1573663998844
345.703003685174 479.416354275542 688 1573663998844
346.599783176394 478.19447699021 688 1573663998844
347.496562667614 476.972599704878 688 1573663998844
348.393342158835 475.750722419546 688 1573663998844
349.290121650055 474.528845134214 688 1573663998844
350.186901141275 473.306967848882 688 1573663998844
351.083680632495 472.08509056355 688 1573663998844
351.980460123716 470.863213278219 688 1573663998844
352.833748563246 469.612501693693 645 1573663998829
353.610099127778 468.310780772284 645 1573663998829
354.386449692311 467.009059850875 645 1573663998829
355.162800256843 465.707338929466 645 1573663998829
355.505675946581 464.364711205639 582 1573663998806
END STROKE
403.026007211602 521.512563387004 741 1573663999478
403.918907351342 520.396515141782 741 1573663999478
404.811807491082 519.280466896561 741 1573663999478
405.704707630822 518.164418651339 741 1573663999478
406.597607770562 517.048370406118 741 1573663999478
407.490507910302 515.932322160896 741 1573663999478
408.383408050042 514.816273915675 741 1573663999478
409.276308189782 513.700225670453 741 1573663999478
410.169208329522 512.584177425231 741 1573663999478
411.062108469262 511.46812918001 741 1573663999478
411.955008609002 510.352080934788 741 1573663999478
412.847908748742 509.236032689567 741 1573663999478
413.740808888482 508.119984444345 741 1573663999478
414.633709028222 507.003936199123 741 1573663999478
415.526257403809 505.887606702143 691 1573663999441
416.418464806266 504.771004581326 691 1573663999441
417.310672208722 503.65440246051 691 1573663999441
418.202879611179 502.537800339694 691 1573663999441
419.095087013636 501.421198218877 691 1573663999441
419.987294416092 500.304596098061 691 1573663999441
420.879501818549 499.187993977245 691 1573663999441
421.672540585123 498.036638057311 599 1573663999411
END STROKE
341.583239155535 485.432808565584 623 1573663962769
345.006530620959 487.501884577419 623 1573663962769
348.429822086384 489.570960589253 623 1573663962769
351.853113551809 491.640036601088 623 1573663962769
355.276405017234 493.709112612923 623 1573663962769
358.699696482658 495.778188624758 623 1573663962769
362.122987948083 497.847264636593 623 1573663962769
365.546279413508 499.916340648427 623 1573663962769
368.969570878932 501.985416660262 623 1573663962769
372.392862344357 504.054492672097 623 1573663962769
375.816153809782 506.123568683932 623 1573663962769
379.239445275206 508.192644695767 623 1573663962769
382.662736740631 510.261720707601 623 1573663962769
386.086028206056 512.330796719436 623 1573663962769
389.509319671481 514.399872731271 623 1573663962769
392.932611136905 516.468948743106 623 1573663962769
396.35590260233 518.538024754941 623 1573663962769
399.779194067755 520.607100766775 623 1573663962769
END STROKE
472.834896476097 563.1577475387 762 1573664000574
473.782448076985 561.95232017542 762 1573664000574
474.729999677873 560.74689281214 762 1573664000574
475.677551278762 559.54146544886 762 1573664000574
476.62510287965 558.33603808558 762 1573664000574
477.572654480538 557.1306107223 762 1573664000574
478.520206081427 555.92518335902 762 1573664000574
479.467757682315 554.71975599574 762 1573664000574
480.415309283203 553.51432863246 762 1573664000574
481.362860884092 552.30890126918 762 1573664000574
482.31041248498 551.103473905901 762 1573664000574
483.257964085868 549.898046542621 762 1573664000574
484.205515686757 548.692619179341 762 1573664000574
485.153067287645 547.487191816061 762 1573664000574
486.100618888533 546.281764452781 762 1573664000574
487.048170489422 545.076337089501 762 1573664000574
487.853067983828 543.775827368116 725 1573664000536
488.601062488231 542.437390449217 725 1573664000536
489.349056992635 541.098953530318 725 1573664000536
490.097051497039 539.760516611419 725 1573664000536
490.845046001442 538.42207969252 725 1573664000536
491.40138945159 537.017504601708 711 1573664000521
491.13904010125 535.838176853949 586 1573664000499
END STROKE
403.202485533179 522.67617677861 623 1573663962769
406.625776998604 524.745252790445 623 1573663962769
410.049068464029 526.81432880228 623 1573663962769
413.472359929454 528.883404814115 623 1573663962769
416.895651394878 530.952480825949 623 1573663962769
420.318942860303 533.021556837784 623 1573663962769
423.742234325728 535.090632849619 623 1573663962769
427.165525791152 537.159708861454 623 1573663962769
430.588817256577 539.228784873289 623 1573663962769
434.012108722002 541.297860885123 623 1573663962769
437.462842698513 543.320801739283 630 1573663962814
440.914960673683 545.341415875013 630 1573663962814
444.367078648853 547.362030010742 630 1573663962814
447.819196624023 549.382644146472 630 1573663962814
451.271314599192 551.403258282201 630 1573663962814
454.723432574362 553.42387241793 630 1573663962814
458.175550549532 555.44448655366 630 1573663962814
461.627668524702 557.465100689389 630 1573663962814
465.079786499872 559.485714825119 630 1573663962814
468.531904475041 561.506328960848 630 1573663962814
END STROKE
552.358304911214 605.933234135697 785 1573664001170
553.341551597326 604.536056684518 785 1573664001170
554.324798283438 603.138879233339 785 1573664001170
555.30804496955 601.74170178216 785 1573664001170
556.291291655661 600.344524330981 785 1573664001170
557.274538341773 598.947346879802 785 1573664001170
558.257785027885 597.550169428623 785 1573664001170
559.241031713997 596.152991977444 785 1573664001170
560.224278400108 594.755814526265 785 1573664001170
561.20752508622 593.358637075085 785 1573664001170
562.190771772332 591.961459623906 785 1573664001170
563.076880873043 590.501577267045 753 1573664001132
563.94530994829 589.030281981557 753 1573664001132
564.813739023537 587.55898669607 753 1573664001132
565.682168098784 586.087691410582 753 1573664001132
566.550597174031 584.616396125094 753 1573664001132
567.419026249278 583.145100839606 753 1573664001132
568.287455324525 581.673805554118 753 1573664001132
569.155884399772 580.20251026863 753 1573664001132
570.024313475019 578.731214983143 753 1573664001132
570.892742550266 577.259919697655 753 1573664001132
571.761171625513 575.788624412167 753 1573664001132
572.62960070076 574.317329126679 753 1573664001132
572.935827381868 573.322048532603 576 1573664001087
END STROKE
475.531852482499 565.379125793549 611 1573663962829
479.034596842216 567.310649013826 611 1573663962829
482.54565760153 569.226940576748 636 1573663962949
486.06442240288 571.129122027813 636 1573663962949
489.583187204231 573.031303478878 636 1573663962949
493.101952005582 574.933484929943 636 1573663962949
496.620716806932 576.835666381008 636 1573663962949
500.139481608283 578.737847832073 636 1573663962949
503.658246409633 580.640029283138 636 1573663962949
507.177011210984 582.542210734203 636 1573663962949
510.695776012335 584.444392185268 636 1573663962949
514.214540813685 586.346573636333 636 1573663962949
517.733305615036 588.248755087398 636 1573663962949
521.252070416386 590.150936538463 636 1573663962949
524.770835217737 592.053117989528 636 1573663962949
528.289600019088 593.955299440593 636 1573663962949
531.808364820438 595.857480891658 636 1573663962949
535.327129621789 597.759662342723 636 1573663962949
538.845894423139 599.661843793788 636 1573663962949
542.36465922449 601.564025244853 636 1573663962949
545.883424025841 603.466206695918 636 1573663962949
549.402188827191 605.368388146983 636 1573663962949
END STROKE
623.695134978547 645.076828904488 763 1573664001762
624.707226021942 643.98505998761 763 1573664001762
625.719317065336 642.893291070732 763 1573664001762
626.73140810873 641.801522153853 763 1573664001762
627.743499152125 640.709753236975 763 1573664001762
628.755590195519 639.617984320097 763 1573664001762
629.759418195793 638.518818492175 703 1573664001725
630.732914425653 637.392500269633 703 1573664001725
631.706410655513 636.266182047091 703 1573664001725
632.679906885373 635.13986382455 703 1573664001725
633.653403115233 634.013545602008 703 1573664001725
634.626899345093 632.887227379467 703 1573664001725
635.600395574953 631.760909156925 703 1573664001725
636.573891804813 630.634590934384 703 1573664001725
637.547388034673 629.508272711842 703 1573664001725
638.520884264533 628.3819544893 703 1573664001725
639.494380494393 627.255636266759 703 1573664001725
640.467876724253 626.129318044217 703 1573664001725
641.441372954112 625.002999821676 703 1573664001725
642.414869183972 623.876681599134 703 1573664001725
643.388365413832 622.750363376593 703 1573664001725
643.676590027484 621.765163132033 576 1573664001680
642.228689798505 622.082830250016 482 1573664001665
END STROKE
552.920953628542 607.270569598048 636 1573663962949
556.439718429892 609.172751049113 636 1573663962949
559.958483231243 611.074932500178 636 1573663962949
563.477248032594 612.977113951243 636 1573663962949
566.996012833944 614.879295402308 636 1573663962949
570.514777635295 616.781476853373 636 1573663962949
574.033542436646 618.683658304438 636 1573663962949
577.566358045741 620.559606906933 639 1573663962987
581.099660948831 622.434645731868 639 1573663962987
584.632963851921 624.309684556803 639 1573663962987
588.166266755012 626.184723381738 639 1573663962987
591.699569658102 628.059762206673 639 1573663962987
595.232872561192 629.934801031608 639 1573663962987
598.766175464283 631.809839856543 639 1573663962987
602.299336474663 633.685140140269 669 1573663963024
605.797029077014 635.625796333276 669 1573663963024
609.294721679365 637.566452526284 669 1573663963024
612.792414281717 639.507108719291 669 1573663963024
616.290106884068 641.447764912298 669 1573663963024
END STROKE
626.783184691121 647.269733491321 669 1573663963024
630.233348561382 649.291926143887 646 1573663963069
633.645594007305 651.379168587105 646 1573663963069
637.057839453229 653.466411030324 646 1573663963069
640.470084899153 655.553653473543 646 1573663963069
643.882330345076 657.640895916762 646 1573663963069
647.294575791 659.728138359981 646 1573663963069
650.706821236923 661.815380803199 646 1573663963069
654.119066682847 663.902623246418 646 1573663963069
657.519299003601 666.009330412464 663 1573663963084
660.914822392584 668.123667404258 663 1573663963084
664.298546220633 670.256589566428 656 1573663963107
667.656556882365 672.430011843782 656 1573663963107
671.014567544097 674.603434121135 656 1573663963107
674.372578205829 676.776856398488 656 1573663963107
677.620991394463 679.110512598436 661 1573663963129
680.8639940087 681.452079177471 661 1573663963129
684.106996622936 683.793645756506 661 1573663963129
687.332837955671 686.158778699228 641 1573663963159
690.556784033126 688.526514260827 641 1573663963159
693.780730110582 690.894249822426 641 1573663963159
697.010193412219 693.254419415048 642 1573663963189
700.250119210909 695.600241407225 642 1573663963189
703.4900450096 697.946063399402 642 1573663963189
END STROKE
264.083395090868 436.158696476763 559 1573663962544
266.912696313596 438.970107953269 609 1573663962574
270.133079853478 441.342686688749 609 1573663962574
273.353463393361 443.715265424229 609 1573663962574
276.573846933244 446.08784415971 609 1573663962574
279.862409526241 448.358100089237 629 1573663962649
283.292098803229 450.416553747524 629 1573663962649
286.721788080216 452.475007405812 629 1573663962649
290.151477357204 454.533461064099 629 1573663962649
293.581166634191 456.591914722387 629 1573663962649
297.010855911179 458.650368380674 629 1573663962649
300.440545188166 460.708822038962 629 1573663962649
303.870234465153 462.767275697249 629 1573663962649
307.299923742141 464.825729355537 629 1573663962649
310.729613019128 466.884183013824 629 1573663962649
314.159302296116 468.942636672112 629 1573663962649
317.588991573103 471.001090330399 629 1573663962649
321.018680850091 473.059543988686 629 1573663962649
324.448370127078 475.117997646974 629 1573663962649
327.878059404066 477.176451305261 629 1573663962649
331.307748681053 479.234904963549 629 1573663962649
334.736656224685 481.294656541914 623 1573663962769
338.15994769011 483.363732553749 623 1573663962769
END STROKE
===NOTES===
Great Job
