1.00
USERID - 01/01/2000 01:00:00 AM - F - HS - EN - N/A
10/25/2019 13:4:16:43
10/25/2019 13:5:11:711
734.798718120372 213.939212474414 114 1572026710870
734.938150447463 216.91377624709 583 1572026711028
735.777234279153 220.801325595617 631 1572026711073
736.517813990831 224.728736791845 647 1572026711088
737.271849496422 228.650940297661 658 1572026711103
738.146832460915 232.545737979043 663 1572026711133
739.22234630006 236.398434435008 663 1572026711133
740.074157562089 240.302246550125 670 1572026711163
740.778682786456 244.239713274839 670 1572026711163
741.814445545165 248.06771655687 675 1572026711171
742.460140386498 251.963160384702 680 1572026711186
743.335191336215 255.856892938231 685 1572026711208
743.925049298207 259.81316234067 685 1572026711208
744.514091028499 263.768972926667 688 1572026711223
745.343233641308 267.65672796752 713 1572026711246
745.647474841355 271.645140846372 713 1572026711246
746.097939082811 275.618150491302 716 1572026711276
746.631438099047 279.582413196986 716 1572026711276
747.164937115282 283.54667590267 716 1572026711276
747.850515988142 287.487306589208 717 1572026711291
748.329330366035 291.455340117427 716 1572026711313
748.692305362806 295.438837218182 716 1572026711313
749.519422066254 299.338419537639 717 1572026711328
750.07918349379 303.281541574881 725 1572026711388
750.215774622845 307.279208752556 725 1572026711388
750.3523657519 311.276875930232 725 1572026711388
750.488956880956 315.274543107907 725 1572026711388
750.765882790235 319.24731206469 723 1572026711396
751.147364632994 323.186329555045 726 1572026711403
751.595026102496 327.161092984671 730 1572026711418
752.16171318532 331.120298723506 733 1572026711433
752.639260583994 335.09044360333 732 1572026711448
753.002913735125 339.07344621248 730 1572026711456
753.402141433025 343.051187591319 732 1572026711471
753.995936852237 347.003735840012 740 1572026711478
754.841479896696 350.911402835226 740 1572026711493
755.539886784676 354.849959400622 740 1572026711493
756.052867076086 358.816198972662 741 1572026711516
756.535277134778 362.787002485211 741 1572026711516
757.101499384472 366.744013000513 742 1572026711531
757.917020194282 370.659996377491 742 1572026711531
758.333444308398 374.617095512924 741 1572026711569
758.333444308398 378.617095512924 741 1572026711569
758.333444308398 382.617095512924 741 1572026711569
758.333444308398 386.617095512924 741 1572026711569
758.333444308398 390.617095512924 741 1572026711569
758.333444308398 394.617095512924 744 1572026711584
758.31728942415 398.616694523328 746 1572026711591
758.145008376035 402.612582839326 746 1572026711651
758.094729927192 406.612266836541 746 1572026711651
758.044451478348 410.611950833757 746 1572026711651
757.994173029505 414.611634830973 746 1572026711651
END STROKE
752.943884551845 626.439431571624 717 1572026712770
753.268831060479 624.831705337754 783 1572026712545
754.381155313195 621.277926547001 770 1572026712462
754.208549436872 617.344825461686 770 1572026712417
754.920097582285 613.680631174651 768 1572026712342
755.475255604807 609.889009958218 749 1572026712199
755.311927437574 606.019530722019 749 1572026712169
755.194801874705 602.023003876829 748 1572026712154
755.105547370606 598.023999796624 748 1572026712154
755.279346739778 594.033862514149 747 1572026712102
755.279346739778 590.033862514149 747 1572026712102
755.279346739778 586.033862514149 747 1572026712102
755.279346739778 582.033862514149 747 1572026712102
755.717828407374 578.074866646457 748 1572026712042
755.936149064716 574.08082907896 748 1572026712042
756.411605824456 570.112510307636 748 1572026712019
756.78102807224 566.135727549749 748 1572026712004
757.002614082566 562.146805581483 747 1572026711989
757.48207284749 558.184628853107 749 1572026711982
757.610621251987 554.186694973251 749 1572026711982
757.739169656484 550.188761093395 749 1572026711982
757.898210461047 546.192012129146 749 1572026711952
758.080295636435 542.196158654742 749 1572026711952
758.153888262485 538.197834539157 748 1572026711929
758.177962284472 534.198033831 747 1572026711914
758.244184102182 530.198582034709 747 1572026711914
758.310405919892 526.199130238417 747 1572026711914
758.08296496258 522.211375270797 748 1572026711884
757.69885471741 518.229860569134 748 1572026711884
757.31474447224 514.248345867472 748 1572026711884
757.038413244869 510.258168992837 748 1572026711854
757.080025130294 506.272208927747 748 1572026711839
757.491549801682 502.293434311758 748 1572026711839
757.903074473071 498.314659695769 748 1572026711839
758.176954462158 494.327766334394 746 1572026711809
758.236018976793 490.328202435278 746 1572026711809
758.295083491428 486.328638536163 746 1572026711809
758.572027038001 482.3493695031 746 1572026711779
758.150138292686 478.495140578489 746 1572026711771
757.563014237119 474.548950053682 747 1572026711756
757.128311069181 470.572641067224 747 1572026711756
756.896310612724 466.585284927129 745 1572026711741
756.896310612724 462.585284927129 746 1572026711734
756.782672267276 458.586919845403 745 1572026711726
756.787751885423 454.589355693002 746 1572026711711
756.954744897626 450.592843046472 746 1572026711711
757.121737909829 446.596330399942 746 1572026711711
757.288730922033 442.599817753412 746 1572026711711
757.455723934236 438.603305106881 746 1572026711711
757.622716946439 434.606792460351 746 1572026711711
757.789709958643 430.610279813821 746 1572026711711
END STROKE
===NOTES===
Great Job
