1.00
USERID - 01/01/2000 01:00:00 AM - F - HS - EN - N/A
10/25/2019 13:4:16:43
10/25/2019 13:5:26:76
-243.012433405719 902.996649946775 611 1572026722827
-241.085787132731 899.914305893145 615 1572026722948
-239.672236333735 896.202476473708 615 1572026722970
-238.882973474552 892.284371257481 624 1572026723000
-238.08909944247 888.369209957657 625 1572026723008
-237.461882265216 884.437567465904 628 1572026723023
-237.486204992859 880.450565006379 628 1572026723030
-237.084107246265 876.486767436827 649 1572026723060
-236.989052588995 872.487897019806 649 1572026723060
-236.855641385253 868.490231346228 650 1572026723075
-236.736795363116 864.492187271596 652 1572026723105
-236.658708458556 860.492949539811 652 1572026723105
-236.56011237426 856.494410232971 654 1572026723128
-236.365951722849 852.499125306781 654 1572026723128
-236.113396189921 848.507993604444 660 1572026723180
-235.740148808216 844.525445878169 660 1572026723180
-235.366901426512 840.542898151895 660 1572026723180
-234.993654044808 836.560350425621 660 1572026723180
-234.620406663104 832.577802699347 660 1572026723180
-234.523711614411 828.579028530716 652 1572026723203
-234.388354231506 824.583078373576 654 1572026723233
-233.905941294258 820.612275210741 654 1572026723233
-233.42352835701 816.641472047907 654 1572026723233
-232.846047936953 812.684556384662 654 1572026723286
-232.172427803488 808.741684852924 654 1572026723286
-231.498807670022 804.798813321186 654 1572026723286
-230.825187536557 800.855941789448 654 1572026723286
-230.237470180067 796.900319681836 652 1572026723316
-229.736796735834 792.931777619284 652 1572026723316
-229.212418251963 788.966435901066 649 1572026723338
-228.642787312801 785.007203577351 649 1572026723338
-227.814969968707 781.096483895525 649 1572026723368
-226.90862710265 777.200518981778 649 1572026723368
-226.197077321458 773.265691571826 638 1572026723406
-225.538997571745 769.320196540399 638 1572026723406
-224.69835091434 765.418796523456 639 1572026723421
-223.86310674035 761.552760993901 635 1572026723458
-223.945597052508 757.553611665807 635 1572026723458
-223.949311942211 753.559593303056 631 1572026723481
-223.348757519646 749.60493347122 631 1572026723481
-222.321749683668 745.754517839198 630 1572026723503
-220.929021671651 742.007390419512 627 1572026723511
-220.06425123994 738.102673873939 627 1572026723526
-219.424874693021 734.161439313718 627 1572026723548
-219.770929550859 730.205176618512 625 1572026723578
-219.482609616506 726.269325422443 626 1572026723593
-218.846190690885 722.346411542636 616 1572026723623
-218.34501648464 719.442343119066 383 1572026723684
END STROKE
-243.012433405719 902.996649946775 611 1572026722827
-239.339288451498 903.276363461616 617 1572026722782
-235.428763948454 902.480975911707 620 1572026722775
-231.498520169975 901.746448358454 615 1572026722760
-227.586600910487 900.911650354597 615 1572026722760
-223.674681650998 900.07685235074 615 1572026722760
-219.718596573661 899.499214629931 618 1572026722730
-215.752310116631 898.980975553073 618 1572026722730
-211.786023659602 898.462736476215 618 1572026722730
-207.8022864947 898.130569543112 622 1572026722700
-203.808804911386 897.902304688754 622 1572026722700
-199.815323328073 897.674039834396 622 1572026722700
-195.821841744759 897.445774980038 622 1572026722700
-191.828360161445 897.21751012568 622 1572026722700
-187.834878578132 896.989245271321 622 1572026722700
-183.841396994818 896.760980416963 622 1572026722700
-179.847915411505 896.532715562605 622 1572026722700
-175.854433828191 896.304450708247 622 1572026722700
-171.862386829957 896.054669567909 599 1572026722632
-167.874848898165 895.739903674798 589 1572026722625
-163.890833679805 895.382660424504 589 1572026722625
-159.906818461446 895.02541717421 589 1572026722625
-155.917992131535 894.727274339128 596 1572026722610
-151.928034967469 894.444041972313 600 1572026722602
-147.935868765245 894.195147370763 601 1572026722595
-143.942386899693 893.966887454205 601 1572026722595
-139.947286334442 893.772610716948 611 1572026722580
-135.950608373269 893.610159263529 609 1572026722572
-131.954648126543 893.430432508197 609 1572026722572
-127.958687879816 893.250705752865 609 1572026722572
-123.967442519674 892.993149002941 609 1572026722550
-119.979008373278 892.689186735772 609 1572026722550
-115.990574226882 892.385224468604 609 1572026722550
-111.999797234638 892.117736707414 629 1572026722520
-108.005250836216 891.90893280216 629 1572026722520
-104.01826999101 891.590882884664 632 1572026722505
-100.033073288188 891.247070087028 632 1572026722505
-96.0419415024541 891.016904540144 650 1572026722482
-92.0426107708495 890.943735562816 650 1572026722482
-88.0462032037702 890.818339403601 652 1572026722459
-84.0636863300803 890.444762971294 652 1572026722459
-80.0811694563904 890.071186538987 652 1572026722459
-76.0986525827005 889.69761010668 652 1572026722459
-72.1302436321382 889.203647594946 650 1572026722422
-68.1692588382763 888.646333085181 650 1572026722422
-64.2082740444143 888.089018575417 650 1572026722422
-60.2867580504536 887.313551053595 656 1572026722392
-56.3680131379779 886.530448164573 654 1572026722377
-52.4339372431391 885.864982204817 661 1572026722369
-48.5589726331949 884.872687252859 661 1572026722369
-44.682149884982 883.887944854201 654 1572026722347
-40.7891155146557 882.969095904995 654 1572026722347
-36.856996400885 882.249082254584 652 1572026722332
-32.892640866965 881.738917233978 667 1572026722317
-28.90056606002 881.846362579054 670 1572026722302
-24.9148954512864 881.547936576231 667 1572026722294
-20.9414213618919 881.088585060993 678 1572026722279
-16.9696663736744 880.777976050556 676 1572026722242
-13.021956788402 881.293847964686 683 1572026722219
-9.16450521684728 882.352180319435 683 1572026722219
-5.2708924096499 883.1220740607 692 1572026722167
-2.48126814135238 882.617417918368 672 1572026721919
END STROKE
-15.4394175632493 705.216540490532 111 1572026720837
-14.4895324507052 709.043811325763 537 1572026720988
-13.6030198561059 712.94325251215 549 1572026721010
-12.9183872291974 716.883200930034 569 1572026721033
-12.3769276099213 720.845590017711 579 1572026721048
-12.1792227319003 724.840213237533 606 1572026721070
-11.7334698585643 728.815298692705 606 1572026721070
-11.1442500185784 732.768370715286 611 1572026721085
-10.5207071791013 736.712540010438 620 1572026721115
-10.2736248602249 740.704901508061 620 1572026721115
-10.0392440464521 744.697833903724 637 1572026721138
-9.92716209089156 748.696263299779 637 1572026721138
-9.92524925488118 752.694692695834 645 1572026721160
-10.0373312104417 756.693122091889 645 1572026721160
-10.7084349728865 760.631407034379 647 1572026721175
-10.94804923328 764.609018704396 657 1572026721198
-11.0673408089723 768.59338502615 657 1572026721220
-12.0980724351926 772.458303177251 657 1572026721220
-12.946533912284 776.359833977005 657 1572026721228
-13.5418474804408 780.315134057965 667 1572026721243
-13.9884894977204 784.284707040127 664 1572026721288
-13.715766556215 788.275398984787 664 1572026721288
-13.4430436147096 792.266090929448 664 1572026721288
-13.0756614727 796.247585056542 663 1572026721303
-12.6105813599362 800.220140790488 664 1572026721348
-12.2149275062884 804.200524946331 664 1572026721348
-11.8192736526406 808.180909102175 664 1572026721348
END STROKE
-11.3790432424194 812.155277239858 665 1572026721371
-10.7053814959477 816.098141661993 665 1572026721371
-10.409106964193 820.074306163172 652 1572026721393
-10.204981216564 824.06605320413 665 1572026721416
-9.76576419386127 828.01162596123 663 1572026721431
-9.32231871686463 831.957690605412 663 1572026721461
-8.87107792901348 835.92904656666 664 1572026721476
-8.57640699405697 839.918097793713 664 1572026721498
-8.32075966880573 843.909585121213 664 1572026721513
-8.06631308643287 847.901299519438 666 1572026721536
-7.65906847773086 851.866525378322 667 1572026721558
-7.53065021801283 855.827675774514 667 1572026721573
-7.30554888679285 859.766358406127 667 1572026721603
-6.8913930849939 863.687601041122 668 1572026721633
-6.66562188459516 867.677627261639 667 1572026721671
-6.43782784829056 871.615795390951 668 1572026721739
-4.77706088213339 875.060260689841 668 1572026721821
-3.96446887467047 878.927309534711 668 1572026721866
-2.48126814135238 882.617417918368 672 1572026721919
END STROKE
-216.370307152578 717.022946937381 602 1572026673724
-213.677919987266 716.325422740906 650 1572026673979
-210.104957525774 714.582023717256 648 1572026674062
-206.240033480535 713.780300693108 649 1572026674122
-202.291992519604 713.267664497965 650 1572026674152
-198.418793482056 712.294721204974 649 1572026674182
-194.483039058886 711.64335849483 648 1572026674212
-190.533550901408 711.788838011567 648 1572026674235
-186.551186897581 711.517701325085 648 1572026674257
-182.61865209957 711.246246220941 647 1572026674287
-178.688877423505 711.977579470277 648 1572026674310
-174.712789661042 711.852375953887 647 1572026674370
-170.71982569277 711.615228851678 647 1572026674370
-166.726861724499 711.37808174947 647 1572026674370
-162.733897756227 711.140934647261 647 1572026674370
-158.742348045188 710.881108288426 646 1572026674400
-154.750856311171 710.620352200721 646 1572026674400
-150.760147715917 710.348178931411 635 1572026674460
-146.770435460495 710.061480276145 635 1572026674460
-142.780723205072 709.774781620879 635 1572026674460
-138.79101094965 709.488082965613 635 1572026674460
-134.801298694227 709.201384310347 635 1572026674460
-130.811586438805 708.914685655081 635 1572026674460
-126.822275049743 708.622760906292 646 1572026674520
-122.835511061921 708.297625695335 646 1572026674520
-118.848747074099 707.972490484379 646 1572026674520
-114.861983086276 707.647355273422 646 1572026674520
-110.875219098454 707.322220062466 646 1572026674520
-106.888455110632 706.997084851509 646 1572026674520
-102.90169112281 706.671949640553 646 1572026674520
-98.9145963838182 706.351402559141 646 1572026674550
-94.9224199274537 706.101348282534 646 1572026674550
-90.9302434710893 705.851294005927 646 1572026674550
-86.9380670147248 705.601239729321 646 1572026674550
-82.940338934014 705.48844613965 645 1572026674595
-78.9410082024094 705.415277162322 645 1572026674595
-74.9416774708048 705.342108184994 645 1572026674595
-70.9423467392003 705.268939207666 645 1572026674595
-66.9436492811654 705.173309877032 646 1572026674618
-62.9465494305914 705.021018102662 646 1572026674618
-58.9490828865617 704.887982024743 645 1572026674633
-54.9490828865617 704.887982024743 645 1572026674633
-50.9490828865617 704.887982024743 646 1572026674685
-46.9490828865617 704.887982024743 646 1572026674685
-42.9490828865617 704.887982024743 646 1572026674685
-38.9490828865617 704.887982024743 646 1572026674685
-34.9490828865617 704.887982024743 646 1572026674685
-30.9520107945066 705.020376640212 644 1572026674715
-26.9559214704349 705.197210217453 644 1572026674715
-22.9598321463632 705.374043794694 644 1572026674715
-18.963851543165 705.553316712377 643 1572026674798
END STROKE
-215.754472493017 720.989979327326 90 1572026724446
-212.90387199065 722.118413248347 621 1572026724611
-210.247509690474 724.876394934068 645 1572026724679
-207.713718706652 727.913091269355 658 1572026724731
-204.605325836773 730.377622014705 673 1572026724784
-201.666101974156 733.077194720354 675 1572026724799
-198.61622566605 735.639446526724 674 1572026724814
-195.604659063374 738.268351774316 676 1572026724837
-192.782072525487 741.094416542133 678 1572026724867
-189.73845539291 743.434945489573 680 1572026724882
-187.800670302689 746.711164217892 688 1572026724919
-184.820681067224 749.37355631284 688 1572026724934
-181.982188405732 752.191874578563 689 1572026724949
-178.765603775653 754.564693197205 688 1572026724972
-175.682975354583 757.111805480411 691 1572026724994
-172.735732918676 759.808986228864 692 1572026725002
-169.282606731954 761.749535396769 693 1572026725017
-166.048150234367 764.071537690112 694 1572026725032
-162.598184210181 766.080561701866 697 1572026725054
-159.11847717674 768.047751083927 700 1572026725069
-155.804589994267 770.287874237203 700 1572026725069
-152.244043820209 772.105646850708 700 1572026725084
-148.958540527364 774.372376957883 702 1572026725122
-145.735354077027 776.741146492127 702 1572026725122
-142.512167626689 779.109916026371 702 1572026725122
-139.14953389664 781.266829893452 703 1572026725144
-135.882972541127 783.57541753759 703 1572026725144
-132.638378688001 785.913182828021 707 1572026725189
-129.494352665945 788.386055726622 707 1572026725189
-126.350326643889 790.858928625222 707 1572026725189
-123.320100639882 793.459621427413 707 1572026725197
-120.265394470239 796.026111725868 706 1572026725212
-117.292531198046 798.691565525411 708 1572026725250
-114.16573569981 801.186189728014 708 1572026725250
-111.038940201574 803.680813930616 708 1572026725250
-108.064854993993 806.337886433622 708 1572026725265
-105.12950759041 809.008696957608 697 1572026725295
-101.922145223336 811.398848970824 697 1572026725295
-98.9936848454123 814.115646728378 711 1572026725310
-95.6380014572991 816.270091057793 713 1572026725332
-92.3006254033038 818.452351678682 713 1572026725347
-89.2689079421314 821.043029219918 716 1572026725355
-86.0664346031578 823.41137768088 719 1572026725385
-83.0433087290742 826.030673378094 719 1572026725385
-79.9228847707554 828.522768856879 719 1572026725407
-76.6036125138642 830.754904982798 719 1572026725407
-73.4638568428955 833.215304288103 719 1572026725415
-70.345661764459 835.719839794279 722 1572026725437
-67.2234188527954 838.220048430568 723 1572026725445
-64.1082524972151 840.728914335189 724 1572026725482
-60.9735312044653 843.213571739496 724 1572026725482
-57.8388099117154 845.698229143804 724 1572026725482
-54.9450058809112 848.459725311648 729 1572026725505
-51.8485334206834 850.976938424443 732 1572026725520
END STROKE
-48.759264618419 853.514553762369 732 1572026725550
-45.6563058633662 856.028999219364 732 1572026725565
-42.4804045646709 858.430020073113 735 1572026725595
-39.5851054578304 861.184711462382 736 1572026725610
-36.4655409365479 863.570784383238 734 1572026725633
-33.1448099822649 865.778677862123 737 1572026725655
-29.7123931481785 867.784206144544 738 1572026725693
-26.3492147483856 869.926758765217 738 1572026725708
-22.782083980075 871.687722386785 739 1572026725730
-19.3336386867674 873.520040484062 739 1572026725760
-15.8785305785854 875.477147063919 738 1572026725783
-12.5560819403898 877.598795327714 737 1572026725828
-9.77886386259437 880.295161442622 738 1572026725873
-6.46898397652014 882.41868519383 739 1572026725903
-2.61173918770451 883.325189065452 764 1572026726076
END STROKE
===NOTES===
Great Job
