1.00
USERID - 01/01/2000 01:00:00 AM - F - HS - EN - N/A
11/13/2019 10:52:8:138
11/13/2019 10:52:58:625
645.180984228705 322.053114144987 314 1573663973710
642.4911641579 320.054322683471 369 1573663973718
639.673199706283 318.241138147971 464 1573663973725
636.684984339914 316.738516906519 503 1573663973733
633.553738898022 315.595806064073 586 1573663973748
630.279305480872 314.882794762207 586 1573663973748
627.004872063723 314.169783460342 586 1573663973748
623.728450777238 313.471755608198 591 1573663973755
620.381374641353 313.306284581961 591 1573663973755
617.036311789441 313.200603659057 608 1573663973763
613.70794818452 313.590853621735 608 1573663973763
610.395955635514 314.044690488617 635 1573663973778
607.292950833252 315.310257759478 635 1573663973778
604.18994603099 316.575825030338 635 1573663973778
601.086941228729 317.841392301198 635 1573663973778
597.983936426467 319.106959572059 635 1573663973778
595.409868408824 321.235035838085 665 1573663973793
592.874947433387 323.42694709729 665 1573663973793
590.340026457951 325.618858356494 665 1573663973793
587.929709244487 327.917283475323 689 1573663973808
586.158898940283 330.762372258904 689 1573663973808
584.388088636079 333.607461042485 689 1573663973808
582.617278331875 336.452549826066 689 1573663973808
581.282266943756 339.493775190274 713 1573663973838
580.326959079304 342.705890724318 713 1573663973838
579.371651214852 345.918006258363 713 1573663973838
578.416343350399 349.130121792407 713 1573663973838
577.461035485947 352.342237326451 713 1573663973838
576.505727621495 355.554352860496 713 1573663973838
576.026268041608 358.807539580852 737 1573663973875
576.417062760119 362.135839268067 737 1573663973875
576.807857478631 365.464138955282 737 1573663973875
577.198652197143 368.792438642498 737 1573663973875
577.589446915654 372.120738329713 737 1573663973875
577.980241634166 375.449038016928 737 1573663973875
578.371036352678 378.777337704143 737 1573663973875
579.069757024952 382.004563394786 731 1573663973898
580.727435724553 384.917019514425 731 1573663973898
582.385114424153 387.829475634065 731 1573663973898
584.042793123753 390.741931753704 731 1573663973898
585.914089925124 393.483850487637 716 1573663973905
588.412093171826 395.712484720075 712 1573663973920
591.252893445601 397.490166672634 712 1573663973920
594.093693719376 399.267848625193 712 1573663973920
597.184764088061 400.516169823937 678 1573663973935
600.361441478724 401.583418658831 678 1573663973935
603.548179658481 402.605764765781 708 1573663973958
606.876542821909 402.996018493843 708 1573663973958
610.204905985338 403.386272221905 708 1573663973958
613.533269148766 403.776525949967 708 1573663973958
616.861632312195 404.166779678028 708 1573663973958
620.210801618501 404.055104417778 688 1573663973973
623.560044540599 403.941653244532 688 1573663973973
626.889299750807 403.688013599964 648 1573663973996
630.136793235103 402.860919053136 648 1573663973996
633.384286719398 402.033824506309 648 1573663973996
636.631780203693 401.206729959481 648 1573663973996
639.879273687989 400.379635412653 648 1573663973996
642.963675286235 399.072238447854 681 1573663974026
646.043335882626 397.75087932522 681 1573663974026
649.122996479018 396.429520202585 681 1573663974026
652.202657075409 395.108161079951 681 1573663974026
655.194073738061 393.615807898039 671 1573663974041
658.0553440413 391.871264527489 671 1573663974041
660.690116701063 389.825145644295 674 1573663974056
663.163004287475 387.563481145546 674 1573663974056
665.689269643364 385.366787101438 678 1573663974078
667.884774686861 382.834978079432 678 1573663974078
669.94635515998 380.207127467799 704 1573663974093
671.640150721575 377.315526541762 704 1573663974093
672.854434747848 374.208586113564 714 1573663974116
673.890426733207 371.021578123897 714 1573663974116
673.919524451738 367.690661809331 716 1573663974138
673.753432847077 364.346494118306 701 1573663974161
673.290170488763 361.027505219966 701 1573663974161
672.826908130449 357.708516321626 701 1573663974161
672.146643044349 354.427690689484 700 1573663974176
671.396597709799 351.163582843726 703 1573663974191
670.41152682481 347.96046956576 703 1573663974191
669.263444063186 344.815305615312 702 1573663974206
668.112686541913 341.675156115518 700 1573663974213
666.751611495285 338.673486012508 701 1573663974228
664.738721080571 336.005222486206 698 1573663974251
662.457331931911 333.550520289949 698 1573663974251
660.175942783251 331.095818093692 698 1573663974251
657.876889802738 328.657692916359 697 1573663974266
655.571806511694 326.22522701911 697 1573663974266
653.008985564399 324.07520625117 692 1573663974288
650.376251536333 322.001800633016 692 1573663974288
647.6295586243 320.097425754304 694 1573663974296
644.564684272851 318.760682544192 672 1573663974311
641.516458689906 317.37958188272 644 1573663974333
638.408522037618 316.129794665286 579 1573663974356
635.172387376538 315.259316764768 579 1573663974356
631.918682327099 314.472496632918 480 1573663974371
628.605786438048 313.967501436662 480 1573663974371
625.282301869998 313.54033159132 230 1573663974394
601.417081583734 341.906854602851 776 1573663974684
601.472430980555 341.900525784448 736 1573663974691
601.527780377376 341.894196966045 736 1573663974691
601.583129774198 341.887868147642 736 1573663974691
601.638479171019 341.881539329239 736 1573663974691
601.69382856784 341.875210510836 736 1573663974691
601.749177964661 341.868881692434 736 1573663974691
601.804527361482 341.862552874031 736 1573663974691
601.859876758303 341.856224055628 736 1573663974691
601.915226155125 341.849895237225 736 1573663974691
601.970575551946 341.843566418822 736 1573663974691
602.025924948767 341.837237600419 736 1573663974691
602.081274345588 341.830908782016 736 1573663974691
602.136623742409 341.824579963613 736 1573663974691
602.19197313923 341.81825114521 736 1573663974691
602.247322536051 341.811922326808 736 1573663974691
602.302671932873 341.805593508405 736 1573663974691
602.358021329694 341.799264690002 736 1573663974691
602.413370726515 341.792935871599 736 1573663974691
602.468720123336 341.786607053196 736 1573663974691
602.524069520157 341.780278234793 736 1573663974691
602.579418916978 341.77394941639 736 1573663974691
602.6347683138 341.767620597987 736 1573663974691
602.690117710621 341.761291779584 736 1573663974691
602.745467107442 341.754962961182 736 1573663974691
602.800816504263 341.748634142779 736 1573663974691
602.776962117912 341.707549317613 699 1573663974714
602.7441446049 341.662531315541 699 1573663974714
602.711327091888 341.617513313469 699 1573663974714
602.678509578876 341.572495311398 699 1573663974714
602.645692065864 341.527477309326 699 1573663974714
602.612874552852 341.482459307254 699 1573663974714
602.58005703984 341.437441305182 699 1573663974714
602.547239526827 341.39242330311 699 1573663974714
602.514422013815 341.347405301038 699 1573663974714
602.481604500803 341.302387298967 699 1573663974714
602.446180368711 341.25970178505 616 1573663974721
602.405070565205 341.222103996199 616 1573663974721
602.363960761699 341.184506207347 616 1573663974721
602.322850958193 341.146908418495 616 1573663974721
602.281741154687 341.109310629644 616 1573663974721
602.240631351181 341.071712840792 616 1573663974721
602.199521547675 341.034115051941 616 1573663974721
602.158411744169 340.996517263089 616 1573663974721
602.117301940663 340.958919474237 616 1573663974721
602.076192137156 340.921321685386 519 1573663974729
602.03508233365 340.883723896534 519 1573663974729
601.993972530144 340.846126107683 519 1573663974729
601.952862726638 340.808528318831 519 1573663974729
601.911752923132 340.77093052998 519 1573663974729
601.870643119626 340.733332741128 519 1573663974729
601.82953331612 340.695734952276 519 1573663974729
601.788423512614 340.658137163425 519 1573663974729
601.743336863072 340.626546039916 379 1573663974736
601.692671045893 340.603381743241 379 1573663974736
601.642005228715 340.580217446566 379 1573663974736
601.591339411536 340.55705314989 379 1573663974736
601.540673594358 340.533888853215 379 1573663974736
601.490007777179 340.51072455654 379 1573663974736
601.439341960001 340.487560259864 379 1573663974736
601.394037660874 340.456299547195 192 1573663974744
601.352935000776 340.418693949158 192 1573663974744
601.311832340679 340.38108835112 192 1573663974744
601.270729680582 340.343482753083 192 1573663974744
627.987996449155 340.953853248901 707 1573663975182
628.003251787237 340.953853248901 771 1573663975190
628.018507125319 340.953853248901 771 1573663975190
628.033762463401 340.953853248901 771 1573663975190
628.049017801483 340.953853248901 771 1573663975190
628.064273139565 340.953853248901 771 1573663975190
628.079528477647 340.953853248901 771 1573663975190
628.094783815729 340.953853248901 771 1573663975190
628.110039153811 340.953853248901 771 1573663975190
628.125294491893 340.953853248901 771 1573663975190
628.140549829975 340.953853248901 771 1573663975190
628.155805168057 340.953853248901 771 1573663975190
628.171060506139 340.953853248901 771 1573663975190
628.186315844221 340.953853248901 771 1573663975190
628.201571182303 340.953853248901 771 1573663975190
628.216826520385 340.953853248901 771 1573663975190
628.232081858468 340.953853248901 771 1573663975190
628.24733719655 340.953853248901 771 1573663975190
628.262592534632 340.953853248901 771 1573663975190
628.277847872714 340.953853248901 771 1573663975190
628.293103210796 340.953853248901 771 1573663975190
628.308358548878 340.953853248901 771 1573663975190
628.32361388696 340.953853248901 771 1573663975190
628.338869225042 340.953853248901 771 1573663975190
628.354124563124 340.953853248901 771 1573663975190
628.369379901206 340.953853248901 771 1573663975190
628.384635239288 340.953853248901 771 1573663975190
628.39989057737 340.953853248901 771 1573663975190
628.415145915452 340.953853248901 771 1573663975190
628.430401253534 340.953853248901 771 1573663975190
628.445656591616 340.953853248901 771 1573663975190
628.460911929698 340.953853248901 771 1573663975190
628.47616726778 340.953853248901 771 1573663975190
628.491422605862 340.953853248901 771 1573663975190
628.506677943945 340.953853248901 771 1573663975190
628.49952450503 340.945153759203 710 1573663975250
628.488265263658 340.934860323249 710 1573663975250
628.477006022286 340.924566887296 710 1573663975250
628.465746780915 340.914273451343 710 1573663975250
628.454487539543 340.903980015389 710 1573663975250
628.443228298171 340.893686579436 710 1573663975250
628.431969056799 340.883393143483 710 1573663975250
628.420709815427 340.873099707529 710 1573663975250
628.409450574055 340.862806271576 710 1573663975250
628.398191332683 340.852512835623 710 1573663975250
628.386932091311 340.842219399669 710 1573663975250
628.375672849939 340.831925963716 710 1573663975250
628.364413608567 340.821632527762 710 1573663975250
628.353154367195 340.811339091809 710 1573663975250
628.341895125823 340.801045655856 710 1573663975250
628.332281471838 340.800638783253 653 1573663975257
628.324963523364 340.81402433405 653 1573663975257
628.317645574891 340.827409884847 653 1573663975257
628.310327626417 340.840795435644 653 1573663975257
628.303009677944 340.854180986441 653 1573663975257
628.29569172947 340.867566537237 653 1573663975257
628.288373780997 340.880952088034 653 1573663975257
628.281055832523 340.894337638831 653 1573663975257
628.27373788405 340.907723189628 653 1573663975257
628.266419935576 340.921108740425 653 1573663975257
628.259101987103 340.934494291222 653 1573663975257
628.251784038629 340.947879842019 653 1573663975257
628.244466090155 340.961265392816 653 1573663975257
628.237148141682 340.974650943613 653 1573663975257
628.229830193208 340.98803649441 653 1573663975257
628.222512244735 341.001422045206 653 1573663975257
628.215194296261 341.014807596003 653 1573663975257
628.207876347788 341.0281931468 653 1573663975257
628.200558399314 341.041578697597 653 1573663975257
628.193240450841 341.054964248394 653 1573663975257
628.185922502367 341.068349799191 653 1573663975257
628.178604553894 341.081735349988 653 1573663975257
628.17128660542 341.095120900785 653 1573663975257
628.163968656947 341.108506451582 653 1573663975257
628.1694668691 341.1055529832 570 1573663975265
628.180724154832 341.095257408522 570 1573663975265
628.191981440564 341.084961833844 570 1573663975265
628.203238726295 341.074666259166 570 1573663975265
628.214496012027 341.064370684488 570 1573663975265
628.225753297759 341.05407510981 570 1573663975265
628.23701058349 341.043779535132 570 1573663975265
628.248267869222 341.033483960454 570 1573663975265
628.259525154953 341.023188385776 570 1573663975265
628.270782440685 341.012892811098 570 1573663975265
628.282039726417 341.002597236419 570 1573663975265
628.293297012148 340.992301661741 570 1573663975265
628.30455429788 340.982006087063 570 1573663975265
628.315811583612 340.971710512385 570 1573663975265
628.327068869343 340.961414937707 570 1573663975265
628.335336896546 340.94980234795 253 1573663975280
628.335336896546 340.934547009868 253 1573663975280
628.335336896546 340.919291671786 253 1573663975280
628.335336896546 340.904036333704 253 1573663975280
628.335336896546 340.888780995622 253 1573663975280
628.335336896546 340.87352565754 253 1573663975280
628.335336896546 340.858270319458 253 1573663975280
628.335336896546 340.843014981376 253 1573663975280
628.335336896546 340.827759643294 253 1573663975280
628.335336896546 340.812504305212 253 1573663975280
628.335336896546 340.79724896713 253 1573663975280
606.279715350365 342.85979536799 274 1573663976619
606.43268811788 342.85979536799 355 1573663976627
606.516845637235 342.743756497483 417 1573663976634
606.590215524705 342.609527114657 417 1573663976634
606.627055797757 342.465965720577 468 1573663976649
606.627055797757 342.312992953062 468 1573663976649
606.627055797757 342.160020185547 468 1573663976649
606.627055797757 342.007047418032 469 1573663976657
606.627055797757 341.854074650517 469 1573663976657
606.604566625917 341.706847062852 468 1573663976664
606.531196738448 341.572617680026 468 1573663976664
606.457826850978 341.4383882972 468 1573663976664
606.347318474119 341.333287560155 473 1573663976679
606.234436141138 341.230048776251 473 1573663976679
606.121553808157 341.126809992347 473 1573663976679
606.008671475176 341.023571208444 473 1573663976679
605.895789142195 340.92033242454 473 1573663976679
605.782906809214 340.817093640636 473 1573663976679
605.670024476233 340.713854856732 473 1573663976679
605.548165376395 340.627742756921 481 1573663976687
605.399039461545 340.593652741938 481 1573663976687
605.249913546696 340.559562726954 481 1573663976687
605.100787631847 340.52547271197 481 1573663976687
604.951661716998 340.491382696987 481 1573663976687
604.800268745969 340.477382866334 486 1573663976694
604.647295978454 340.477382866334 486 1573663976694
604.494323210939 340.477382866334 486 1573663976694
604.34545670493 340.49200624918 509 1573663976702
604.214844404303 340.571637238913 509 1573663976702
604.084232103675 340.651268228646 509 1573663976702
603.953619803047 340.730899218379 509 1573663976702
603.826454199088 340.81511955126 542 1573663976709
603.713571866106 340.918358335163 542 1573663976709
603.600689533125 341.021597119066 542 1573663976709
603.487807200143 341.124835902969 542 1573663976709
603.374924867161 341.228074686873 542 1573663976709
603.271242716745 341.340029914304 561 1573663976717
603.174245420631 341.458318511167 561 1573663976717
603.077248124517 341.576607108029 561 1573663976717
602.980250828403 341.694895704892 561 1573663976717
602.883253532289 341.813184301755 561 1573663976717
602.779258855787 341.923425148993 563 1573663976725
602.648639804713 342.003045065457 563 1573663976725
602.518020753639 342.082664981921 563 1573663976725
602.387401702565 342.162284898386 563 1573663976725
602.276564129092 342.256789840564 570 1573663976732
602.236235621005 342.404350943286 570 1573663976732
602.195907112918 342.551912046009 570 1573663976732
602.155578604831 342.699473148731 570 1573663976732
602.115250096744 342.847034251454 570 1573663976732
602.111762478517 342.99953901701 577 1573663976740
602.111762478517 343.152511784525 577 1573663976740
602.111762478517 343.30548455204 577 1573663976740
602.111762478517 343.458457319555 577 1573663976740
602.142423000974 343.607315765024 577 1573663976747
602.182751509061 343.754876867746 577 1573663976747
602.223080017148 343.902437970469 577 1573663976747
602.263408525235 344.049999073191 577 1573663976747
602.318770815411 344.191492858305 586 1573663976755
602.392162253545 344.325710459274 586 1573663976755
602.471964289549 344.452051331339 586 1573663976770
602.618290168904 344.496654073768 586 1573663976770
602.764616048259 344.541256816197 586 1573663976770
602.910941927614 344.585859558626 586 1573663976770
603.018794673486 344.536134040967 605 1573663976777
603.092186111619 344.401916439998 605 1573663976777
603.171923588558 344.272677018835 624 1573663976792
603.284805921539 344.169438234931 624 1573663976792
603.397688254521 344.066199451027 624 1573663976792
603.510570587502 343.962960667123 624 1573663976792
603.623452920483 343.859721883219 624 1573663976792
603.736335253464 343.756483099316 624 1573663976792
603.849217586445 343.653244315412 624 1573663976792
603.962099919426 343.550005531508 624 1573663976792
604.05647744739 343.432251766571 634 1573663976800
604.129858110901 343.298028274499 634 1573663976800
604.203238774412 343.163804782428 634 1573663976800
604.276619437923 343.029581290356 634 1573663976800
604.350000101434 342.895357798285 634 1573663976800
604.407942240184 342.754149171276 638 1573663976807
604.460319554768 342.610422748799 638 1573663976807
604.512696869353 342.466696326322 638 1573663976807
604.543079361829 342.319087083279 633 1573663976822
604.543079361829 342.166114315764 633 1573663976822
604.543079361829 342.013141548249 633 1573663976822
604.543079361829 341.860168780734 633 1573663976822
604.529111393751 341.709661826011 631 1573663976830
604.476734079168 341.565935403533 631 1573663976830
604.424356764584 341.422208981056 631 1573663976830
604.37197945 341.278482558578 631 1573663976830
604.283694626823 341.153894536063 625 1573663976837
604.193581877172 341.030280782979 625 1573663976837
604.103469127522 340.906667029894 625 1573663976837
604.008600929453 340.788875055048 611 1573663976845
603.869488166578 340.725248749118 611 1573663976845
603.730375403702 340.661622443188 611 1573663976845
603.591262640827 340.674376124577 604 1573663976852
603.452149877951 340.738002430507 604 1573663976852
603.311604035887 340.795049984318 599 1573663976860
603.158631268372 340.795049984318 599 1573663976860
603.005658500857 340.795049984318 599 1573663976860
602.852685733342 340.795049984318 599 1573663976860
602.715309344861 340.850601480604 594 1573663976867
602.584690293788 340.930221397069 594 1573663976867
602.454071242714 341.009841313533 594 1573663976867
602.32345219164 341.089461229997 594 1573663976867
602.233404183437 341.207781502264 583 1573663976882
602.160034295967 341.34201088509 583 1573663976882
602.164090775077 341.430323631474 463 1573663976912
602.317063542592 341.430323631474 362 1573663976920
602.467170936546 341.422944871797 224 1573663976927
602.580053269526 341.319706087892 224 1573663976927
602.692935602506 341.216467303987 224 1573663976927
602.805817935486 341.113228520082 224 1573663976927
602.936334239426 341.033470399979 57 1573663976935
603.066948790802 340.953843102084 57 1573663976935
603.197563342178 340.874215804189 57 1573663976935
630.245676232992 343.177462485974 392 1573663977311
630.395181434399 343.177462485974 411 1573663977319
630.359261266259 343.067518653694 468 1573663977334
630.287533455371 342.936343479241 468 1573663977334
630.220726767814 342.802752469401 452 1573663977341
630.160815978997 342.665776184478 452 1573663977341
630.10090519018 342.528799899556 452 1573663977341
630.040994401363 342.391823614633 452 1573663977341
629.981083612547 342.254847329711 452 1573663977341
629.92117282373 342.117871044788 452 1573663977341
629.839672917285 341.99411826109 444 1573663977349
629.744874342825 341.878511014222 444 1573663977349
629.650075768366 341.762903767355 444 1573663977349
629.555277193907 341.647296520487 444 1573663977349
629.460478619448 341.531689273619 444 1573663977349
629.369977855604 341.413449584569 444 1573663977356
629.310067066787 341.276473299646 444 1573663977356
629.250156277971 341.139497014723 444 1573663977356
629.190245489154 341.002520729801 444 1573663977356
629.130334700338 340.865544444878 444 1573663977356
629.070423911521 340.728568159955 444 1573663977356
628.994100655787 340.603337399883 461 1573663977371
628.883777124339 340.502438818839 461 1573663977371
628.773453592891 340.401540237796 461 1573663977371
628.663130061443 340.300641656752 461 1573663977371
628.552806529995 340.199743075708 461 1573663977371
628.465767467693 340.238852612704 515 1573663977386
628.394039656802 340.370027787157 515 1573663977386
628.31934425276 340.49932105741 538 1573663977394
628.231274166791 340.620132750575 538 1573663977394
628.143204080823 340.740944443739 538 1573663977394
628.055133994855 340.861756136904 538 1573663977394
627.987996449155 340.989387716869 548 1573663977401
627.987996449155 341.138892918276 548 1573663977401
627.987996449155 341.288398119683 548 1573663977401
627.990592289748 341.43744495904 549 1573663977409
628.041793815197 341.577909221539 549 1573663977409
628.092995340645 341.718373484039 549 1573663977409
628.144196866093 341.858837746539 549 1573663977409
628.161699797064 342.005252357808 559 1573663977431
628.161699797064 342.154757559215 559 1573663977431
628.161699797064 342.304262760623 559 1573663977431
628.161699797064 342.45376796203 559 1573663977431
628.161699797064 342.603273163437 559 1573663977431
628.161699797064 342.752778364844 559 1573663977431
628.161699797064 342.902283566252 559 1573663977431
628.161699797064 343.051788767659 559 1573663977431
628.161699797064 343.201293969066 559 1573663977431
628.161699797064 343.350799170474 559 1573663977431
628.161699797064 343.500304371881 559 1573663977431
628.161699797064 343.649809573288 559 1573663977431
628.231428901581 343.781501479963 566 1573663977439
628.303135650315 343.912688169204 566 1573663977439
628.410241190277 344.005859125732 608 1573663977454
628.546200563766 344.06804315912 608 1573663977454
628.682159937254 344.130227192508 608 1573663977454
628.825139012528 344.087027933312 617 1573663977461
628.968144904015 344.043426095645 617 1573663977461
629.111150795502 343.999824257978 617 1573663977461
629.247202458188 343.941774009225 629 1573663977469
629.370490199809 343.857204877659 629 1573663977469
629.493777941429 343.772635746093 629 1573663977469
629.61706568305 343.688066614527 629 1573663977469
629.740353424671 343.603497482961 629 1573663977469
629.863641166292 343.518928351394 629 1573663977469
629.977617569936 343.422630089608 678 1573663977484
630.087947490445 343.321738494873 678 1573663977484
630.198277410954 343.220846900137 678 1573663977484
630.308607331463 343.119955305402 678 1573663977484
630.418937251972 343.019063710666 678 1573663977484
630.470370109015 342.878756014883 660 1573663977499
630.521565888566 342.738289658043 660 1573663977499
630.572761668117 342.597823301202 660 1573663977499
630.623957447668 342.457356944362 660 1573663977499
630.675153227219 342.316890587522 660 1573663977499
630.72634900677 342.176424230681 660 1573663977499
630.766720028285 342.034046714245 638 1573663977507
630.766720028285 341.884541512838 638 1573663977507
630.766720028285 341.73503631143 638 1573663977507
630.763865195163 341.58690297073 580 1573663977522
630.647134165352 341.493491665594 580 1573663977522
630.530403135542 341.400080360458 580 1573663977522
630.413672105731 341.306669055322 580 1573663977522
630.296941075921 341.213257750186 580 1573663977522
630.18021004611 341.11984644505 580 1573663977522
630.0634790163 341.026435139914 580 1573663977522
629.94674798649 340.933023834777 580 1573663977522
629.830016956679 340.839612529641 580 1573663977522
629.713285926869 340.746201224505 580 1573663977522
629.596554897058 340.652789919369 580 1573663977522
629.479823867248 340.559378614233 580 1573663977522
629.360199789554 340.47110558643 579 1573663977529
629.219795506391 340.419739814583 579 1573663977529
629.079391223229 340.368374042735 579 1573663977529
628.938986940067 340.317008270887 579 1573663977529
628.798582656904 340.265642499039 579 1573663977529
628.658178373742 340.214276727192 579 1573663977529
628.51777409058 340.162910955344 579 1573663977529
628.368835011642 340.159715748351 560 1573663977537
628.219329810235 340.159715748351 560 1573663977537
628.069824608828 340.159715748351 560 1573663977537
627.923260072839 340.179448552497 561 1573663977544
627.780251088826 340.223040245964 561 1573663977544
627.637242104813 340.266631939432 561 1573663977544
627.4942331208 340.3102236329 561 1573663977544
627.356928594115 340.368861653965 568 1573663977552
627.22096473553 340.431035880189 568 1573663977552
627.085000876945 340.493210106413 568 1573663977552
626.94903701836 340.555384332637 568 1573663977552
626.813073159775 340.617558558861 568 1573663977552
626.722114801223 340.728068921176 581 1573663977559
626.650408052487 340.859255610415 581 1573663977559
626.59870090801 340.995551483942 616 1573663977567
626.59870090801 341.145056685349 616 1573663977567
626.606590239912 341.293169156231 637 1573663977574
626.657780272579 341.433637607505 637 1573663977574
626.708970305246 341.574106058779 637 1573663977574
626.760160337914 341.714574510053 637 1573663977574
626.878420008622 341.789568983874 634 1573663977597
627.017615398848 341.844125822012 634 1573663977597
627.156810789074 341.89868266015 634 1573663977597
627.2960061793 341.953239498288 634 1573663977597
627.435201569526 342.007796336426 634 1573663977597
627.574396959752 342.062353174564 634 1573663977597
627.713592349979 342.116910012702 634 1573663977597
627.852787740205 342.17146685084 634 1573663977597
627.989463071536 342.220438169107 619 1573663977612
628.040670344085 342.079976001653 619 1573663977612
628.091877616633 341.939513834198 619 1573663977612
628.143084889182 341.799051666744 619 1573663977612
628.231918431826 341.683770899736 571 1573663977619
628.342241963274 341.582872318692 571 1573663977619
628.452565494722 341.481973737649 571 1573663977619
628.509040244455 341.357350324237 474 1573663977627
628.509040244455 341.207845122829 474 1573663977627
628.535097694342 341.064998340221 340 1573663977634
628.606820240714 340.933820287218 340 1573663977634
628.678542787086 340.802642234215 340 1573663977634
628.750265333458 340.671464181211 340 1573663977634
628.82198787983 340.540286128208 340 1573663977634
628.819048217432 340.409109573416 192 1573663977642
628.747320406543 340.277934398962 192 1573663977642
628.682677343937 340.144948718578 44 1573663977649
628.682677343937 339.995443517171 44 1573663977649
628.682677343937 339.845938315763 44 1573663977649
621.388726693987 362.395868707871 256 1573663978100
621.55669801333 362.395868707871 371 1573663978107
621.682153812678 362.286354145581 449 1573663978115
621.76856850761 362.147879788559 521 1573663978130
621.826081271334 361.990061392512 521 1573663978130
621.883594035058 361.832242996466 521 1573663978130
621.90970424086 361.668881000334 549 1573663978145
621.90970424086 361.50090968099 549 1573663978145
621.90970424086 361.332938361647 549 1573663978145
621.90970424086 361.164967042304 549 1573663978145
621.865786740408 361.004748628309 570 1573663978160
621.808273976683 360.846930232263 570 1573663978160
621.750761212959 360.689111836217 570 1573663978160
621.643785322374 360.56439226827 578 1573663978167
621.519835192495 360.451031210472 578 1573663978167
621.395885062617 360.337670152675 578 1573663978167
621.237334780545 360.284970495189 585 1573663978182
621.076663795426 360.235988879631 585 1573663978182
620.915992810307 360.187007264072 585 1573663978182
620.755321825188 360.138025648513 585 1573663978182
620.594650840069 360.089044032955 585 1573663978182
620.43397985495 360.040062417396 585 1573663978182
620.271225897725 360.027260346861 599 1573663978190
620.105995113946 360.05747875538 599 1573663978190
619.940764330166 360.087697163899 599 1573663978190
619.775533546386 360.117915572418 599 1573663978190
619.610302762606 360.148133980936 599 1573663978190
619.448696659712 360.188553659309 600 1573663978197
619.301442824915 360.269366234193 600 1573663978197
619.154188990117 360.350178809077 600 1573663978197
619.00693515532 360.43099138396 600 1573663978197
618.859681320523 360.511803958844 600 1573663978197
618.712427485725 360.592616533728 600 1573663978197
618.581975568649 360.691608984592 599 1573663978205
618.489830488941 360.832049891764 599 1573663978205
618.397685409232 360.972490798937 599 1573663978205
618.305540329524 361.112931706109 599 1573663978205
618.213395249816 361.253372613281 599 1573663978205
618.121250170107 361.393813520454 599 1573663978205
618.008422772886 361.516644832924 603 1573663978212
617.884472643007 361.630005890722 603 1573663978212
617.760522513129 361.743366948519 603 1573663978212
617.636572383251 361.856728006317 603 1573663978212
617.512622253372 361.970089064114 603 1573663978212
617.39068033949 362.085025346134 605 1573663978220
617.310104907245 362.232409076038 605 1573663978220
617.229529475 362.379792805942 605 1573663978220
617.148954042755 362.527176535846 605 1573663978220
617.06837861051 362.67456026575 605 1573663978220
617.014486820399 362.832713211097 617 1573663978227
616.970188494506 362.994737969837 617 1573663978227
616.925890168612 363.156762728578 617 1573663978227
616.881591842719 363.318787487318 617 1573663978227
616.873367126327 363.485654729397 621 1573663978242
616.873367126327 363.65362604874 621 1573663978242
616.873367126327 363.821597368083 621 1573663978242
616.877947387792 363.986996766429 620 1573663978257
617.021365859035 364.074435351893 620 1573663978257
617.164784330279 364.161873937358 620 1573663978257
617.308202801523 364.249312522822 620 1573663978257
617.461415527643 364.301871415771 637 1573663978272
617.629386846986 364.301871415771 637 1573663978272
617.797358166329 364.301871415771 637 1573663978272
617.965329485672 364.301871415771 637 1573663978272
618.13279505428 364.29519843416 649 1573663978280
618.298847657338 364.269882487816 649 1573663978280
618.464900260397 364.244566541472 649 1573663978280
618.630952863456 364.219250595128 649 1573663978280
618.797005466515 364.193934648784 649 1573663978280
618.963058069573 364.168618702439 649 1573663978280
619.129110672632 364.143302756095 649 1573663978280
619.253551733618 364.030968338323 663 1573663978288
619.377501863496 363.917607280524 663 1573663978288
619.501451993373 363.804246222726 663 1573663978288
619.625402123251 363.690885164928 663 1573663978288
619.760792642466 363.591934841788 682 1573663978295
619.899312482139 363.496926325649 682 1573663978295
620.037832321812 363.401917809511 682 1573663978295
620.176352161485 363.306909293373 682 1573663978295
620.314872001158 363.211900777234 682 1573663978295
620.442164878203 363.102751286015 684 1573663978303
620.566107829298 362.989382379362 684 1573663978303
620.690050780393 362.876013472709 684 1573663978303
620.813993731488 362.762644566056 684 1573663978303
620.918133862571 362.63279139331 672 1573663978318
621.007140333147 362.490340656851 672 1573663978318
621.096146803723 362.347889920393 672 1573663978318
621.185153274299 362.205439183934 672 1573663978318
621.274159744874 362.062988447476 672 1573663978318
621.36316621545 361.920537711018 672 1573663978318
621.452172686025 361.778086974559 672 1573663978318
621.541179156601 361.635636238101 672 1573663978318
621.562363793476 361.473739131989 656 1573663978333
621.562363793476 361.305767812646 656 1573663978333
621.562363793476 361.137796493303 656 1573663978333
621.429653189446 361.044340264235 645 1573663978348
621.286239660202 360.956893573322 645 1573663978348
621.142826130958 360.869446882409 645 1573663978348
621.005109064366 360.774415687867 637 1573663978355
620.881158934487 360.66105463007 637 1573663978355
620.757208804608 360.547693572274 637 1573663978355
620.633258674729 360.434332514477 637 1573663978355
620.50930854485 360.32097145668 637 1573663978355
620.385358414971 360.207610398883 637 1573663978355
620.234021614927 360.146500096366 632 1573663978363
620.07027432139 360.109067650798 632 1573663978363
619.906527027854 360.07163520523 632 1573663978363
619.742779734317 360.034202759661 632 1573663978363
619.58393241192 360.044596643349 623 1573663978370
619.431177512536 360.114455821959 623 1573663978370
619.278422613152 360.184315000569 623 1573663978370
619.125667713768 360.254174179178 623 1573663978370
618.972912814384 360.324033357788 623 1573663978370
618.885001300712 360.463543354974 612 1573663978378
618.804414037426 360.61092061617 612 1573663978378
618.691606360594 360.733022423346 614 1573663978385
618.567656230715 360.846383481143 614 1573663978385
618.443706100836 360.959744538939 614 1573663978385
618.319755970956 361.073105596736 614 1573663978385
618.262728915885 361.215951792001 615 1573663978393
618.262728915885 361.383923111344 615 1573663978393
618.262728915885 361.551894430688 615 1573663978393
618.231573820523 361.715683522849 621 1573663978400
618.187275494629 361.877708281589 621 1573663978400
618.142977168736 362.03973304033 621 1573663978400
618.098678842842 362.20175779907 621 1573663978400
618.089025567983 362.368433272965 630 1573663978408
618.089025567983 362.536404592308 630 1573663978408
618.140280158162 362.695324521563 635 1573663978415
618.197812291149 362.853135857644 635 1573663978415
618.255344424136 363.010947193726 635 1573663978415
618.332962151801 363.159669350832 634 1573663978423
618.413537584046 363.307053080736 634 1573663978423
618.494113016291 363.45443681064 634 1573663978423
618.574688448536 363.601820540544 634 1573663978423
618.679592618174 363.730121056033 636 1573663978430
618.803542748053 363.843482113831 636 1573663978430
618.927492877931 363.956843171628 636 1573663978430
619.05144300781 364.070204229426 636 1573663978430
619.191142808028 364.143007562377 636 1573663978438
619.359114127371 364.143007562377 636 1573663978438
619.522676107651 364.122758846301 638 1573663978445
619.675438565363 364.052916197184 638 1573663978445
619.827734552629 363.982368986755 655 1573663978453
619.951684682506 363.869007928956 655 1573663978453
620.075634812384 363.755646871157 655 1573663978453
620.180743874323 363.631432358958 653 1573663978460
620.216622950707 363.467337703348 653 1573663978460
620.252502027091 363.303243047739 653 1573663978460
620.288381103475 363.139148392129 653 1573663978460
620.324260179859 362.975053736519 653 1573663978460
620.368240989761 362.813309636004 644 1573663978475
620.425758058083 362.655492808721 644 1573663978475
620.483275126406 362.497675981439 644 1573663978475
620.540792194728 362.339859154157 644 1573663978475
620.59830926305 362.182042326874 644 1573663978475
620.655826331373 362.024225499592 644 1573663978475
620.713343399695 361.866408672309 644 1573663978475
620.770860468017 361.708591845027 644 1573663978475
620.82837753634 361.550775017745 644 1573663978475
620.867682898694 361.389742960113 645 1573663978483
620.867682898694 361.22177164077 645 1573663978483
620.843216457662 361.058119207266 645 1573663978490
620.785706921783 360.900299634954 645 1573663978490
620.728197385903 360.742480062641 645 1573663978490
620.670687850024 360.584660490329 645 1573663978490
620.613178314144 360.426840918017 645 1573663978490
620.555668778264 360.269021345705 645 1573663978490
620.464922542376 360.138430975294 643 1573663978498
620.321504071133 360.05099238983 643 1573663978498
620.178085599889 359.963553804365 643 1573663978498
620.034667128646 359.876115218901 643 1573663978498
619.872739453064 359.854592352821 645 1573663978505
619.704768133721 359.854592352821 645 1573663978505
619.536796814378 359.854592352821 645 1573663978505
619.384843689289 359.911630794649 636 1573663978513
619.241430160046 359.999077485562 636 1573663978513
619.098016630802 360.086524176475 636 1573663978513
618.955832658169 360.175143753088 633 1573663978520
618.875245394881 360.322521014284 633 1573663978520
618.794658131593 360.46989827548 633 1573663978520
618.749435741147 360.630966966636 658 1573663978535
618.709775224316 360.794188924493 658 1573663978535
618.670114707485 360.957410882349 658 1573663978535
618.630454190654 361.120632840206 658 1573663978535
618.590793673822 361.283854798062 658 1573663978535
618.551133156991 361.447076755919 658 1573663978535
618.51147264016 361.610298713776 658 1573663978535
618.471812123329 361.773520671632 658 1573663978535
618.436366015374 361.937247306503 704 1573663978550
618.436366015374 362.105218625846 704 1573663978550
618.436366015374 362.273189945189 704 1573663978550
618.436366015374 362.441161264532 704 1573663978550
618.436366015374 362.609132583875 704 1573663978550
618.49417454572 362.739975838696 712 1573663978573
618.646926925751 362.80984052589 712 1573663978573
618.798702771095 362.863255649767 706 1573663978595
618.942116300339 362.775808958854 706 1573663978595
619.085529829584 362.688362267942 706 1573663978595
619.228943358828 362.600915577029 706 1573663978595
619.348164724535 362.488462380988 638 1573663978610
619.440309804244 362.348021473816 638 1573663978610
619.532454883953 362.207580566643 638 1573663978610
619.624599963661 362.067139659471 638 1573663978610
619.71674504337 361.926698752299 638 1573663978610
619.808890123079 361.786257845127 638 1573663978610
619.963005704235 361.760595060715 517 1573663978618
619.999364904422 361.628982941559 211 1573663978625
END STROKE
===NOTES===
Great Job
