1.00
USERID - 01/01/2000 01:00:00 AM - F - HS - EN - N/A
11/13/2019 10:52:8:138
11/13/2019 10:53:11:202
1053.99128353231 455.629077521944 117 1573663989095
1055.41502317383 455.448979218304 410 1573663989148
1055.55434866978 454.087464408839 175 1573663989193
1055.49555084683 454.942408361562 449 1573663989245
1054.40035512856 456.117505588304 523 1573663989283
1053.43556369652 457.579502946928 572 1573663989298
1052.35725844358 458.96014262033 572 1573663989298
1051.27895319063 460.340782293732 572 1573663989298
1050.30040448974 461.790669314846 633 1573663989320
1049.38394379546 463.283655557966 633 1573663989320
1048.46748310119 464.776641801086 633 1573663989320
1047.55102240692 466.269628044206 633 1573663989320
1046.63456171264 467.762614287326 633 1573663989320
1045.71810101837 469.255600530446 633 1573663989320
1044.83043059708 470.765581985378 668 1573663989358
1043.9660804108 472.289329629109 668 1573663989358
1043.10173022452 473.813077272839 668 1573663989358
1042.23738003824 475.33682491657 668 1573663989358
1041.37302985196 476.8605725603 668 1573663989358
1040.50867966568 478.38432020403 668 1573663989358
1039.6443294794 479.90806784776 668 1573663989358
1038.77997929313 481.431815491491 668 1573663989358
1037.91562910685 482.955563135221 668 1573663989358
1037.05127892057 484.479310778951 668 1573663989358
1036.18692873429 486.003058422682 668 1573663989358
1035.32257854801 487.526806066412 668 1573663989358
1034.45822836173 489.050553710142 668 1573663989358
1033.59387817545 490.574301353873 668 1573663989358
1032.65361300428 492.051196005444 667 1573663989403
1031.67908599765 493.50694503589 667 1573663989403
1030.70455899102 494.962694066337 667 1573663989403
1029.73003198439 496.418443096783 667 1573663989403
1028.75550497776 497.87419212723 667 1573663989403
1027.78097797114 499.329941157676 667 1573663989403
1026.80645096451 500.785690188123 667 1573663989403
1025.83192395788 502.241439218569 667 1573663989403
1024.85739695125 503.697188249015 667 1573663989403
1023.88286994462 505.152937279462 667 1573663989403
1022.90834293799 506.608686309908 667 1573663989403
1022.1515871743 508.188566606883 663 1573663989418
1021.34065427225 509.739435099663 663 1573663989433
1020.5759599454 511.293781215253 661 1573663989441
1020.12641801693 512.975064734174 653 1573663989463
1020.32734139077 513.477423711399 277 1573663989501
1020.93981624876 511.848664360307 116 1573663989508
1053.29673513436 459.7586288781 168 1573663989864
1052.90162619296 460.425229105502 536 1573663989932
1052.72786679784 461.856508079662 619 1573663989954
1052.59330934107 463.292301554188 619 1573663989954
1052.45875188429 464.728095028713 619 1573663989954
1052.32419442751 466.163888503238 619 1573663989954
1052.31585067001 467.600028262828 660 1573663989977
1052.44252755699 469.036538470578 660 1573663989977
1052.56920444397 470.473048678327 660 1573663989977
1052.69588133095 471.909558886076 660 1573663989977
1052.82255821793 473.346069093826 660 1573663989977
1052.94923510492 474.782579301575 660 1573663989977
1053.0759119919 476.219089509325 660 1573663989977
1053.30082277106 477.641478428858 709 1573663990022
1053.58391517397 479.055503641531 709 1573663990022
1053.86700757689 480.469528854203 709 1573663990022
1054.15009997981 481.883554066876 709 1573663990022
1054.43319238273 483.297579279548 709 1573663990022
1054.71628478565 484.711604492221 709 1573663990022
1054.99937718856 486.125629704893 709 1573663990022
1055.28246959148 487.539654917566 709 1573663990022
1055.5655619944 488.953680130238 709 1573663990022
1055.84865439732 490.367705342911 709 1573663990022
1056.13174680024 491.781730555583 709 1573663990022
1056.41483920315 493.195755768256 709 1573663990022
1056.69793160607 494.609780980928 709 1573663990022
1056.98102400899 496.023806193601 709 1573663990022
1057.26411641191 497.437831406273 709 1573663990022
1057.54720881483 498.851856618946 709 1573663990022
1057.91446206221 500.2451129966 703 1573663990074
1058.32170282957 501.628501433756 703 1573663990074
1058.72894359694 503.011889870912 703 1573663990074
1059.13618436431 504.395278308068 703 1573663990074
1059.54342513168 505.778666745225 703 1573663990074
1059.95066589904 507.162055182381 703 1573663990074
1060.35790666641 508.545443619537 703 1573663990074
1060.76514743378 509.928832056693 703 1573663990074
1061.17238820115 511.312220493849 703 1573663990074
1061.57962896851 512.695608931006 703 1573663990074
1061.98686973588 514.078997368162 703 1573663990074
1062.39411050325 515.462385805318 703 1573663990074
1062.67459597183 515.745772621089 644 1573663990164
1022.21046070127 510.266549450012 423 1573663990556
1023.13102635195 511.410874952384 564 1573663990594
1023.25241579503 512.924612007474 581 1573663990601
1023.61646917121 514.409424546551 660 1573663990639
1023.99080230669 515.892960176403 660 1573663990639
1024.36513544217 517.376495806256 660 1573663990639
1024.73946857765 518.860031436109 660 1573663990639
1025.11380171313 520.343567065961 660 1573663990639
1025.48813484861 521.827102695814 660 1573663990639
1025.8624679841 523.310638325666 660 1573663990639
1026.23680111958 524.794173955519 660 1573663990639
1026.60041610816 526.28034799004 704 1573663990669
1026.95750901599 527.768127515553 704 1573663990669
1027.31460192383 529.255907041066 704 1573663990669
1027.67169483166 530.743686566579 704 1573663990669
1028.02878773949 532.231466092092 704 1573663990669
1028.38588064733 533.719245617605 704 1573663990669
1028.74297355516 535.207025143118 704 1573663990669
1029.100066463 536.694804668631 704 1573663990669
1029.45715937083 538.182584194144 704 1573663990669
1029.74240139103 539.685520622189 712 1573663990684
1030.01668586355 541.190768538479 712 1573663990684
1030.29097033607 542.696016454769 712 1573663990684
1030.37266309708 544.218668000077 712 1573663990691
1030.46218607464 545.74122311571 708 1573663990699
1030.71604837989 547.250049544209 708 1573663990699
1030.72006979289 548.779747345928 708 1573663990706
1030.86210940079 550.292509837228 703 1573663990736
1030.71073728211 551.815037256701 703 1573663990736
1030.55936516342 553.337564676174 703 1573663990736
1030.64461287595 554.84960384077 702 1573663990751
1030.72006979289 556.366312145475 701 1573663990774
1030.97637926467 555.230712983218 717 1573663990864
1031.57021632962 553.824885910242 715 1573663990871
1032.5273889955 552.632826666667 726 1573663990909
1033.49345708872 551.446354711407 726 1573663990909
1034.45952518195 550.259882756147 726 1573663990909
1035.42559327517 549.073410800887 726 1573663990909
1036.39166136839 547.886938845627 726 1573663990909
1037.35772946161 546.700466890367 726 1573663990909
1038.34332253494 545.530293687465 723 1573663990924
1039.33809837134 544.367785925487 723 1573663990924
1040.33287420775 543.205278163509 723 1573663990924
1041.28787173953 542.010813986438 733 1573663990961
1042.20867103685 540.78887621576 733 1573663990961
1043.12947033418 539.566938445082 733 1573663990961
1044.0502696315 538.345000674403 733 1573663990961
1044.97106892882 537.123062903725 733 1573663990961
1045.89186822615 535.901125133047 733 1573663990961
1046.81266752347 534.679187362368 733 1573663990961
1047.73346682079 533.45724959169 733 1573663990961
1048.65426611812 532.235311821012 733 1573663990961
1049.57506541544 531.013374050334 733 1573663990961
1050.38630857628 529.716709775393 735 1573663990969
1051.18789875633 528.413461355245 735 1573663990969
1052.21962584977 527.284798812473 735 1573663990976
1053.22483177472 526.136460139282 737 1573663990991
1054.00451923045 524.819991099487 737 1573663990991
1054.78420668618 523.503522059691 737 1573663990991
1055.64601334704 522.253781749901 736 1573663990999
1056.70105608327 521.151075165295 743 1573663991007
1058.00619004558 520.366252724032 720 1573663991052
1059.26381277545 519.523238450411 717 1573663991067
1060.45207908285 518.652454094702 691 1573663991119
1060.59068578432 517.183495900471 671 1573663991149
1060.90179176922 515.732938618402 671 1573663991157
1062.11794226473 515.220654659307 629 1573663991202
END STROKE
===NOTES===
Great Job
