1.00
USERID - 01/01/2000 01:00:00 AM - F - HS - EN - N/A
11/13/2019 10:52:8:138
11/13/2019 10:53:5:250
733.135481745413 457.513429661652 599 1573663983918
737.112654171211 457.568411087814 666 1573663984001
741.1095632179 457.411191265627 666 1573663984001
745.10647226459 457.253971443441 666 1573663984001
749.10338131128 457.096751621254 666 1573663984001
753.10029035797 456.939531799068 666 1573663984001
757.09719940466 456.782311976881 666 1573663984001
761.09410845135 456.625092154695 666 1573663984001
765.09101749804 456.467872332508 666 1573663984001
769.089198561435 456.496622547242 685 1573663984031
773.087884276364 456.599153290074 685 1573663984031
777.086569991293 456.701684032905 685 1573663984031
781.085255706221 456.804214775737 685 1573663984031
785.084023918417 456.901784981642 706 1573663984061
789.083907702771 456.932276155159 706 1573663984061
793.083791487125 456.962767328676 706 1573663984061
797.083675271479 456.993258502194 706 1573663984061
801.083559055833 457.023749675711 706 1573663984061
805.083442840187 457.054240849229 706 1573663984061
809.083402199809 457.071447893597 757 1573663984174
813.083373995442 457.086469016569 757 1573663984174
817.083345791076 457.101490139541 757 1573663984174
END STROKE
821.08331758671 457.116511262513 757 1573663984174
825.083289382343 457.131532385485 757 1573663984174
829.083261177977 457.146553508457 757 1573663984174
833.083232973611 457.16157463143 757 1573663984174
837.083204769244 457.176595754402 757 1573663984174
841.083176564878 457.191616877374 757 1573663984174
845.083148360512 457.206638000346 757 1573663984174
849.083120156145 457.221659123318 757 1573663984174
853.083091951779 457.23668024629 757 1573663984174
857.083063747413 457.251701369262 757 1573663984174
861.083035543046 457.266722492234 757 1573663984174
865.08300733868 457.281743615206 757 1573663984174
869.082979134314 457.296764738178 757 1573663984174
873.082950929947 457.31178586115 757 1573663984174
877.082922725581 457.326806984122 757 1573663984174
881.082894521214 457.341828107095 757 1573663984174
885.082866316848 457.356849230067 757 1573663984174
889.082838112482 457.371870353039 757 1573663984174
893.082173581319 457.314893093944 762 1573663984204
897.081255043448 457.229175772135 762 1573663984204
901.080336505576 457.143458450326 762 1573663984204
905.079417967705 457.057741128518 762 1573663984204
909.078499429834 456.972023806709 762 1573663984204
913.077041398555 456.928877713882 769 1573663984264
917.072666383671 457.115909738732 769 1573663984264
921.068291368787 457.302941763582 769 1573663984264
925.063916353902 457.489973788432 769 1573663984264
929.059541339018 457.677005813283 769 1573663984264
933.055166324134 457.864037838133 769 1573663984264
937.050791309249 458.051069862983 769 1573663984264
941.046416294365 458.238101887833 769 1573663984264
945.042041279481 458.425133912683 769 1573663984264
949.037666264596 458.612165937533 769 1573663984264
953.033291249712 458.799197962383 769 1573663984264
957.027347711355 459.008388750179 777 1573663984301
961.009477623628 459.386067663775 777 1573663984301
964.991607535902 459.763746577372 777 1573663984301
968.973737448176 460.141425490968 777 1573663984301
972.955867360449 460.519104404564 777 1573663984301
976.937997272723 460.89678331816 777 1573663984301
980.924213432915 461.188100614623 778 1573663984332
984.924213432915 461.188100614623 778 1573663984332
988.924213432915 461.188100614623 778 1573663984332
992.923066687607 461.245811621106 769 1573663984362
996.892728219191 461.280146281435 773 1573663984429
1000.83167399715 461.505767732606 773 1573663984452
1004.73801262632 462.272252276936 762 1573663984482
1008.45479693964 463.56325441349 759 1573663984504
END STROKE
1015.61007650356 462.84893919512 464 1573663985273
1017.25632979187 462.582123049123 464 1573663985273
1018.90258308017 462.315306903126 464 1573663985273
1020.54883636848 462.048490757129 464 1573663985273
1022.19508965679 461.781674611132 464 1573663985273
1023.8413429451 461.514858465135 464 1573663985273
1025.4875962334 461.248042319138 464 1573663985273
1027.14465711857 461.065258010377 558 1573663985250
1028.80484949631 460.906821859471 558 1573663985250
END STROKE
===NOTES===
Great Job
