1.00
USERID - 01/01/2000 01:00:00 AM - F - HS - EN - N/A
11/12/2019 16:0:28:226
11/12/2019 16:6:48:655
618.079981975285 427.871364797554 84 1573596406950
621.76917529303 427.39619053102 448 1573596407063
625.754483974661 427.448902084194 462 1573596407116
629.747319674632 427.459352643764 481 1573596407131
633.717845671153 427.542848264857 504 1573596407161
637.702728418978 427.590166319089 498 1573596407183
641.680963158076 427.292374623512 492 1573596407206
645.63478737694 426.7816780126 521 1573596407243
649.629633936308 426.57869779902 521 1573596407243
653.591416935434 426.039536066724 534 1573596407258
657.581258066096 425.899952250986 532 1573596407273
661.547429360352 425.471919775009 534 1573596407288
665.524611837016 425.08815670791 535 1573596407303
669.464710482468 424.421377173544 533 1573596407326
673.433297121192 424.038227042753 529 1573596407356
677.426351759687 423.802611563646 529 1573596407356
681.398047416846 423.764691727424 576 1573596407378
685.311501572763 423.27138129887 595 1573596407416
689.299829819567 423.120169428575 590 1573596407431
693.254396835056 422.965082064147 589 1573596407454
697.229591296644 422.881292976749 588 1573596407476
701.20215791951 423.142760778674 588 1573596407499
705.17240327176 423.470097599034 589 1573596407514
709.133025857077 423.912346407137 588 1573596407529
713.092463584149 424.09279797077 589 1573596407544
717.079543361771 423.842876777437 588 1573596407581
721.074091776389 423.634111446809 588 1573596407581
725.018597635881 422.997980287595 591 1573596407596
728.989879574971 422.629866836406 589 1573596407611
732.985616091128 422.769063912817 592 1573596407626
736.9814734183 422.950948948637 597 1573596407664
740.976594129999 423.148459705201 597 1573596407664
END STROKE
744.836737228533 423.899582928382 595 1573596407671
748.825740707118 424.09279797077 594 1573596407701
752.786441884053 424.365619355681 594 1573596407724
756.706697259455 424.361623842207 594 1573596407731
760.64811596219 424.495921996612 596 1573596407754
764.646249241618 424.465637623341 595 1573596407769
768.640542701404 424.501320044658 594 1573596407776
772.63749995169 424.421377173544 610 1573596407844
776.63749995169 424.421377173544 610 1573596407844
780.63749995169 424.421377173544 610 1573596407844
784.63749995169 424.421377173544 610 1573596407844
788.636496505542 424.359908767343 607 1573596407867
792.630456949522 424.171078219129 609 1573596407874
796.614984862323 424.156348060971 609 1573596407904
800.607530942119 423.914023705324 608 1573596407919
804.604638717327 423.761955634357 611 1573596407934
808.602346776837 423.626566303449 611 1573596407934
812.522138011655 423.624486538837 609 1573596407949
816.498960900692 423.635526360838 607 1573596407964
820.495151738874 423.738214407591 610 1573596407979
824.47486026036 423.525641822891 609 1573596407994
828.464586742522 423.295516887117 609 1573596408024
832.46128630101 423.133058771952 609 1573596408024
836.458103832259 422.973534529171 611 1573596408039
840.457492911056 422.942802096102 611 1573596408062
844.43043326345 422.644463538496 611 1573596408069
848.379224354533 422.765083458319 617 1573596408099
852.365408192876 422.436900826156 624 1573596408114
856.356146730521 422.187309265719 623 1573596408144
860.352847434588 422.02487933587 623 1573596408144
864.350719477233 422.016330003607 624 1573596408167
868.349429739399 422.117898892784 624 1573596408167
872.34916713665 422.162454117089 647 1573596408219
876.34894104545 422.204982677901 647 1573596408219
880.34871495425 422.247511238713 647 1573596408219
884.345028875132 422.232086061324 646 1573596408227
888.322519139412 422.088843623067 646 1573596408234
892.317684483997 421.959845961079 645 1573596408257
896.312786276924 421.76558172127 647 1573596408272
900.300788376192 421.460590203344 649 1573596408302
904.300119618074 421.387449122474 649 1573596408302
908.299450859955 421.314308041604 649 1573596408302
912.297475738843 421.191080982493 674 1573596408317
916.27352158745 420.807399577062 673 1573596408332
920.238358602667 420.659994907989 680 1573596408347
924.189941793366 420.175875369522 676 1573596408377
928.189116203427 420.257140601394 676 1573596408377
932.187160191387 420.257022787932 679 1573596408407
936.182534593384 420.06471213335 679 1573596408407
940.177908995381 419.872401478768 679 1573596408407
944.174864761534 419.718052904779 685 1573596408422
948.151698933834 419.341436886317 680 1573596408430
952.123238545499 419.197109825629 681 1573596408445
956.114341859409 419.358407799225 681 1573596408467
960.081412441391 419.777306238801 681 1573596408482
964.077134305393 419.96221218289 681 1573596408497
968.076598754895 419.985651941212 684 1573596408527
972.056160799545 419.782485124457 683 1573596408535
976.02175569022 419.959363261108 684 1573596408572
980.019768700743 419.833299913182 684 1573596408572
983.974597465271 420.00220669712 682 1573596408602
987.968755206414 420.084885095653 682 1573596408610
991.964592049878 420.044782941303 690 1573596408640
995.963546473583 420.136235208265 690 1573596408640
999.959459442927 420.313378867072 687 1573596408655
END STROKE
===NOTES===
Great Job
