1.00
USERID - 01/01/2000 01:00:00 AM - F - HS - EN - N/A
11/12/2019 16:0:28:226
11/12/2019 16:1:42:909
13.9782391241491 863.064522994274 92 1573596100768
17.7233885098479 863.182119675388 477 1573596100971
21.691229064712 863.064522994274 501 1573596100986
25.6514935899618 862.94777816547 519 1573596101016
29.6011454982564 862.407489928875 530 1573596101031
33.5810970806278 862.05568160238 536 1573596101046
37.5716349090825 861.82609899777 544 1573596101076
41.5695776281751 861.697825793809 544 1573596101076
45.5666927188317 861.552555396913 559 1573596101114
49.55818492327 861.291806510228 559 1573596101114
53.5496771277084 861.031057623542 559 1573596101114
57.5411693321468 860.770308736857 559 1573596101114
61.5326615365851 860.509559850172 559 1573596101114
65.5293096604923 860.362067083402 573 1573596101144
69.5279833464465 860.259068281187 573 1573596101144
73.5266570324006 860.156069478971 573 1573596101144
77.5260315804994 860.107498179534 574 1573596101174
81.5260315804994 860.107498179534 574 1573596101174
85.5260315804994 860.107498179534 574 1573596101174
89.5223583119135 859.94277877704 577 1573596101196
93.5159832925442 859.737042874833 588 1573596101204
97.4911926506167 859.302303473251 589 1573596101226
101.477437783613 858.970867597604 589 1573596101226
105.465818413124 858.667735886158 598 1573596101241
109.45750624328 858.411123805303 606 1573596101264
113.451730796406 858.196251240258 606 1573596101264
117.445955349531 857.981378675214 606 1573596101264
121.43427549937 857.676552250267 616 1573596101286
125.422317208791 857.367483772551 616 1573596101286
129.413915923782 857.15034802465 628 1573596101294
133.408770207227 857.037592489223 631 1573596101332
137.392143646548 856.673262909152 631 1573596101332
141.375517085868 856.30893332908 631 1573596101332
145.358890525189 855.944603749009 631 1573596101332
149.34226396451 855.580274168937 631 1573596101332
153.328990208041 855.255275408822 642 1573596101362
157.316554924585 854.940112543978 642 1573596101362
161.304119641128 854.624949679135 642 1573596101362
165.291051409789 854.30236174853 644 1573596101377
169.274425920539 853.938043883045 644 1573596101377
173.254585113395 853.542471934843 661 1573596101399
177.228700224778 853.088149272547 661 1573596101399
181.202815336161 852.63382661025 661 1573596101399
185.192735364819 852.363997972888 677 1573596101414
189.173978137336 852.011819617512 672 1573596101437
193.134960110709 851.454485062137 672 1573596101437
END STROKE
190.556301399722 727.364508422589 284 1573596098464
190.376699746005 730.218754225153 555 1573596098592
191.104474718614 733.133099419087 578 1573596098637
191.256226407508 736.140291922385 578 1573596098637
191.407978096401 739.147484425683 578 1573596098637
191.559729785295 742.154676928981 578 1573596098637
191.597631560879 745.16338655562 604 1573596098652
191.526065076869 748.173554917248 604 1573596098652
191.454498592859 751.183723278875 604 1573596098652
191.699161895193 754.184773527488 623 1573596098682
191.944054589117 757.185817161865 623 1573596098682
192.188947283041 760.186860796243 623 1573596098682
192.409017883848 763.189618824753 650 1573596098712
192.579030155084 766.195834245278 650 1573596098712
192.74904242632 769.202049665803 650 1573596098712
192.848200161918 772.207112498156 656 1573596098735
192.580499720276 775.206207661787 656 1573596098735
192.312799278635 778.205302825419 656 1573596098735
192.268108092417 781.206946292036 654 1573596098757
192.467206900893 784.211375520931 654 1573596098757
192.754441902078 787.184732931623 652 1573596098780
193.232184613992 790.138627124916 654 1573596098802
193.561603925912 793.125920342694 659 1573596098810
193.886812440995 796.107318097233 661 1573596098825
193.975465551652 799.11622404607 660 1573596098847
194.124904245289 802.123532378087 660 1573596098847
193.980244181381 805.126682027231 661 1573596098877
194.129688044796 808.133990102347 661 1573596098877
194.540108821027 811.115199770335 664 1573596098900
194.624243892613 814.06455697991 664 1573596098907
194.423466228874 817.043014251549 662 1573596098937
194.675831054017 820.04343877518 662 1573596098937
195.226766685522 822.995706716623 689 1573596098960
195.85098538241 825.9335594124 689 1573596098975
195.945241824488 828.893049056078 696 1573596099013
195.945241824488 831.904068040903 696 1573596099013
196.124912002301 834.846332821889 700 1573596099035
196.663785487549 837.751171059546 705 1573596099073
196.695390838333 840.759735990802 705 1573596099088
196.369462619057 843.69663921616 705 1573596099103
196.375630253146 846.634327419465 707 1573596099170
END STROKE
197.096570955252 850.903785597899 667 1573596101504
201.091729445024 850.70704047954 667 1573596101504
205.086887934797 850.510295361181 667 1573596101504
209.082046424569 850.313550242823 667 1573596101504
213.077204914342 850.116805124464 667 1573596101504
217.072363404115 849.920060006105 667 1573596101504
221.068179712849 849.773258250396 667 1573596101527
225.067134136554 849.864710517359 667 1573596101527
229.066482220901 849.921730903779 667 1573596101564
233.066482220901 849.921730903779 667 1573596101564
237.066482220901 849.921730903779 667 1573596101564
241.064332447575 849.806536376034 666 1573596101602
245.061547221821 849.657291447991 666 1573596101602
249.035459137687 849.26457249823 666 1573596101632
253.035459137687 849.26457249823 666 1573596101632
257.028898259389 849.411657419575 657 1573596101647
261.01640544804 849.429569863433 665 1573596101692
265.015941349009 849.490500782158 665 1573596101692
269.015477249979 849.551431700884 665 1573596101692
273.013219954017 849.663128326142 664 1573596101715
277.007086898452 849.884548357179 664 1573596101715
281.003183479628 850.060004122999 666 1573596101730
285.002176451295 850.142101413461 662 1573596101767
289.001624162299 850.2085695031 662 1573596101767
293.001277856815 850.250247436475 664 1573596101775
296.974252283711 850.685346654965 663 1573596101790
300.970051323171 850.677182493294 662 1573596101835
304.969355533338 850.602577972416 662 1573596101835
308.956698687843 850.743084905601 663 1573596101857
312.918457191096 850.870084335972 662 1573596101880
316.890747419976 851.00826368115 661 1573596101902
320.874818983695 850.988768926585 663 1573596101925
324.838850354192 851.385297694729 663 1573596101940
328.819118061843 851.420125550674 664 1573596101955
332.751703191761 851.725281099571 663 1573596101977
336.726828570413 851.770143515549 660 1573596102000
340.720752842408 851.903621956302 661 1573596102022
344.714531838279 852.124691445575 662 1573596102037
348.686907442641 851.913994552021 662 1573596102045
352.661484093537 852.206119530394 662 1573596102060
356.658805785846 852.113753686887 661 1573596102083
360.658024888327 852.057401716691 662 1573596102105
364.657943171437 852.054895885615 662 1573596102113
368.646945413998 852.024930333354 662 1573596102128
372.631191874895 852.063965087609 661 1573596102135
376.62335691368 852.154456851779 663 1573596102158
380.614826363621 851.91827547185 663 1573596102203
384.596417462116 851.534957947617 663 1573596102203
388.578008560611 851.151640423383 663 1573596102203
392.559599659106 850.76832289915 663 1573596102203
396.515733782331 850.180106893313 665 1573596102218
400.502744231624 849.887172844117 667 1573596102240
404.469592473516 849.434048102237 667 1573596102248
408.443962230035 849.628582325079 669 1573596102293
412.441156648445 849.776672844872 687 1573596102315
416.439865926743 849.878280461008 687 1573596102315
420.430399635303 849.719891962615 686 1573596102330
END STROKE
417.610891095699 811.150262357541 178 1573596106134
417.757624202603 812.03104375492 611 1573596106284
418.76252216621 814.730249602359 611 1573596106306
418.868308244005 817.586575204172 620 1573596106344
418.868308244005 820.490463701689 620 1573596106344
419.041965358072 823.387118759532 638 1573596106366
418.823605761604 826.282785779865 638 1573596106366
418.776013260716 829.178156035341 683 1573596106404
419.004435884816 832.07304662236 683 1573596106404
419.232858508917 834.96793720938 683 1573596106404
419.461281133017 837.862827796399 683 1573596106404
419.689703757117 840.757718383418 683 1573596106404
419.918126381217 843.652608970437 683 1573596106404
420.242600964475 846.538087007106 697 1573596106426
420.580493022842 849.422250206875 697 1573596106426
END STROKE
420.918385081209 852.306413406645 697 1573596106426
421.366133763753 855.174599363358 718 1573596106449
421.863791748592 858.035526649421 718 1573596106449
422.313215588422 860.902280960492 718 1573596106457
422.448570954368 863.801023675581 718 1573596106487
422.399737849369 866.704501544253 718 1573596106487
422.35090474437 869.607979412926 718 1573596106487
422.302071639371 872.511457281598 718 1573596106487
422.845301656875 875.294394757098 716 1573596106517
423.026386160779 878.192631601882 716 1573596106517
423.22923427476 881.08897557674 720 1573596106547
423.551226829304 883.974957073706 720 1573596106547
423.873219383848 886.860938570673 720 1573596106547
424.077647015054 889.753458216168 721 1573596106569
424.077647015054 892.657346713686 721 1573596106569
424.18530677355 895.557967634598 725 1573596106584
424.105081006298 898.445038275011 728 1573596106614
424.249257600832 901.345345416609 728 1573596106614
424.364791600597 904.200696749945 734 1573596106637
424.796190678116 907.039082682303 734 1573596106659
425.381331414833 909.848678696859 739 1573596106689
425.694335994899 912.716794138242 752 1573596106719
425.694335994899 915.62068263576 752 1573596106719
426.051614249788 918.476309837544 757 1573596106757
425.929622727109 921.37763478908 757 1573596106757
425.855499220362 924.24166731703 760 1573596106787
425.694335994899 925.251960041159 709 1573596106900
424.639108403796 922.590967574143 335 1573596106922
END STROKE
424.416970383248 849.400491232663 690 1573596102353
428.413668628276 849.238000807749 690 1573596102353
432.410869606377 849.100251561807 691 1573596102383
436.410869606377 849.100251561807 691 1573596102383
440.410869606377 849.100251561807 691 1573596102383
444.410869606377 849.100251561807 690 1573596102405
448.396551313397 848.880103734831 689 1573596102420
452.314463434567 848.755896860611 693 1573596102503
456.191297183645 848.167581320385 692 1573596102556
460.13275569887 848.607414092682 692 1573596102608
464.125255772939 848.443093156259 688 1573596102788
468.065055907634 848.443093156259 688 1573596102833
472.024949583221 848.748945613122 688 1573596102909
END STROKE
===NOTES===
Great Job
