1.00
USERID - 01/01/2000 01:00:00 AM - F - HS - EN - N/A
11/14/2019 12:59:1:932
11/14/2019 13:0:46:588
683.973454063101 510.70605926901 732 1573758045837
687.718962312595 512.10562432246 765 1573758045852
691.516419426938 513.360673302559 772 1573758045860
695.453228352649 514.0461654619 794 1573758045875
699.404409887366 514.669193936134 794 1573758045875
703.365798274291 515.222692889011 797 1573758045905
707.329338088126 515.761536228157 797 1573758045905
711.292877901962 516.300379567302 797 1573758045905
715.256417715797 516.839222906447 797 1573758045905
719.219957529633 517.378066245592 797 1573758045905
723.185115004278 517.904774076844 798 1573758045920
727.151406358857 518.422975669469 798 1573758045920
731.112487482942 518.972426199872 800 1573758045927
735.032347222116 519.769106578194 800 1573758045927
739.011227723385 520.124194790823 800 1573758045935
742.925349276883 520.914756936775 805 1573758045950
746.831688694014 521.768527751477 826 1573758045957
750.796305055628 522.295739066067 831 1573758046010
754.776182567618 522.696457158449 831 1573758046010
758.756060079607 523.097175250831 831 1573758046010
762.735937591596 523.497893343213 831 1573758046010
END STROKE
766.715815103585 523.898611435596 831 1573758046010
770.695692615574 524.299329527978 831 1573758046010
774.675570127564 524.70004762036 831 1573758046010
778.655447639553 525.100765712742 831 1573758046010
782.616295267435 525.641500701676 833 1573758046017
786.567572177669 526.259136874379 833 1573758046032
790.533860992815 526.777357903333 833 1573758046032
794.487854325432 527.37405236306 834 1573758046055
798.422569256513 528.093787322008 834 1573758046055
802.357284187593 528.813522280956 834 1573758046055
806.241475518445 529.747064462596 846 1573758046070
810.082166516888 530.864692600429 846 1573758046070
813.95019162213 531.883314845043 847 1573758046077
817.923979978342 532.302362724586 847 1573758046092
821.852416755037 532.984913069581 847 1573758046107
825.727381364982 533.977208021536 847 1573758046107
829.67452886039 534.566253888405 846 1573758046130
833.653097344738 534.979766663721 846 1573758046130
837.631665829087 535.393279439037 846 1573758046130
841.618892282826 535.700217773944 847 1573758046175
845.6120361259 535.934316574719 847 1573758046175
849.605179968973 536.168415375494 847 1573758046175
853.598323812046 536.402514176269 847 1573758046175
857.59146765512 536.636612977044 847 1573758046175
861.580194256736 536.91266309041 846 1573758046198
865.534523668262 537.515389317766 846 1573758046198
869.488853079788 538.118115545122 846 1573758046198
873.391888663687 538.965060101167 846 1573758046213
877.277974006399 539.900381262422 847 1573758046228
881.212694525746 540.620085670241 847 1573758046228
885.128247358411 541.432986366641 846 1573758046235
889.044171015808 542.122108818999 846 1573758046250
893.011746146576 542.592647075962 847 1573758046265
896.991253665492 542.997023023433 847 1573758046265
900.941111213668 543.627867418059 847 1573758046295
904.890593243356 544.261580047866 847 1573758046295
908.840075273043 544.895292677672 847 1573758046295
912.78955730273 545.529005307478 847 1573758046295
916.728463957462 546.22524569828 849 1573758046333
920.66667721149 546.925585876908 849 1573758046333
924.604890465518 547.625926055536 849 1573758046333
928.543103719545 548.326266234164 849 1573758046333
932.481316973573 549.026606412792 849 1573758046333
936.468028037202 549.061529377963 849 1573758046348
940.466169777906 548.939617027291 849 1573758046348
944.433458019141 549.327972572509 848 1573758046363
948.387575900825 549.93160057061 849 1573758046378
952.189887834474 551.173544192208 849 1573758046378
956.089788647831 552.033229810101 848 1573758046415
959.904572896185 553.236317977491 848 1573758046415
963.709921045467 554.46653018105 848 1573758046430
967.49842557909 555.689827155766 848 1573758046445
971.432257508381 556.358179383629 848 1573758046460
975.233946124131 557.597627367051 849 1573758046468
979.14321460292 558.336818954117 849 1573758046490
982.972125900073 559.177692826568 848 1573758046513
986.891736029964 559.839054435106 849 1573758046535
990.858946009851 560.330396710731 849 1573758046543
994.818663892369 560.808071208928 849 1573758046558
998.79872599292 561.120755020936 849 1573758046573
1002.71502326973 561.934767084523 849 1573758046573
1006.66402254081 562.551790135537 849 1573758046588
END STROKE
===NOTES===
Great Job
