1.00
USERID - 01/01/2000 01:00:00 AM - F - HS - EN - N/A
11/15/2019 11:9:24:412
11/15/2019 11:11:53:730
363.715285324098 409.411756163905 802 1573837914609
363.216656683467 405.506895570148 802 1573837914549
363.035388407184 401.570424254435 804 1573837914504
362.775664787714 397.624962630043 791 1573837914466
363.216656683467 393.66537053955 804 1573837914436
362.690063681669 389.722552953518 804 1573837914399
363.083658499612 385.831299631422 806 1573837914369
363.242500319438 381.846397811971 805 1573837914338
363.579262395999 377.878061943189 806 1573837914308
363.67008124842 373.886269801455 805 1573837914293
363.818557392947 369.913895340874 806 1573837914278
363.61999547785 365.91882673497 806 1573837914278
363.760530672283 361.982586966222 804 1573837914226
363.760530672283 357.982586966222 806 1573837914218
363.649968526993 353.985213086398 806 1573837914196
363.894141866757 350.03656493079 809 1573837914173
363.954316587362 346.062579659033 795 1573837914158
364.304473821063 342.088299656476 797 1573837914136
364.18444255581 338.091033040791 797 1573837914128
364.096590574518 334.119197176021 792 1573837914106
363.941868108531 330.183277407827 794 1573837914091
364.335439941869 326.203909421981 794 1573837914083
364.753670488044 322.225834107178 794 1573837914083
365.041322679214 318.236820210234 791 1573837914053
365.210953522403 314.242114509058 792 1573837914031
365.449324552802 310.25295212046 786 1573837914023
365.658109302942 306.259959436083 783 1573837914008
365.988687461219 302.28951877406 778 1573837913993
366.153400875474 298.305123363443 777 1573837913985
366.195045376708 294.305340152379 777 1573837913985
366.236689877943 290.305556941314 777 1573837913985
366.278334379177 286.305773730249 777 1573837913985
366.167544864591 282.310092623989 764 1573837913925
366.553341104674 278.341352151105 756 1573837913918
366.790926218988 274.351319917165 757 1573837913903
366.732474810732 270.354597236178 754 1573837913888
366.842644648814 266.364284234525 745 1573837913865
366.842644648814 262.364284234525 745 1573837913865
366.861000463418 258.365709197439 723 1573837913835
367.205250361339 254.392433336278 716 1573837913828
367.104821667265 250.409459250134 705 1573837913805
367.046423032759 246.417936121517 703 1573837913798
366.877102672156 242.42159026697 690 1573837913783
365.936164947467 238.590357960849 631 1573837913730
END STROKE
===NOTES===
Great Job
