1.00
USERID - 01/01/2000 01:00:00 AM - F - HS - EN - N/A
11/14/2019 12:59:1:932
11/14/2019 13:0:25:793
49.7686628872574 1007.16622261649 73 1573758008821
52.1016259726961 1006.57215746968 510 1573758008896
55.0788739119463 1007.08377183975 688 1573758008971
59.0034137672956 1006.82230973013 697 1573758008993
62.9903023310845 1006.67348942639 716 1573758009001
66.9354522046392 1007.28763224414 733 1573758009016
70.9067299117417 1007.64411083997 775 1573758009053
74.9050443106731 1007.52799896591 775 1573758009053
78.9033587096046 1007.41188709186 775 1573758009053
82.9016731085361 1007.2957752178 775 1573758009053
86.8999875074676 1007.17966334374 775 1573758009053
90.8980931123589 1007.27584787012 791 1573758009076
94.8961713839261 1007.39982421634 791 1573758009076
98.8942496554932 1007.52380056257 791 1573758009076
102.89232792706 1007.64777690879 791 1573758009076
106.891393581 1007.73082823232 812 1573758009099
110.890798827774 1007.79980411276 812 1573758009099
114.890204074547 1007.8687799932 812 1573758009099
118.889345570676 1007.9435944264 821 1573758009129
122.878680120511 1008.2355016882 821 1573758009129
126.868014670346 1008.52740895 821 1573758009129
130.857349220182 1008.8193162118 821 1573758009129
134.846683770017 1009.1112234736 821 1573758009129
138.836018319852 1009.4031307354 821 1573758009129
142.833002988864 1009.42858441564 841 1573758009174
146.832514046228 1009.3660440125 841 1573758009174
150.832025103592 1009.30350360936 841 1573758009174
154.831536160956 1009.24096320622 841 1573758009174
158.831047218319 1009.17842280309 841 1573758009174
162.830558275683 1009.11588239995 841 1573758009174
166.830069333047 1009.05334199681 841 1573758009174
170.829580390411 1008.99080159367 841 1573758009174
174.828196794401 1009.03342210343 838 1573758009219
178.826064903725 1009.16399997463 838 1573758009219
182.82393301305 1009.29457784582 838 1573758009219
186.821801122375 1009.42515571702 838 1573758009219
190.819669231699 1009.55573358821 838 1573758009219
194.817537341024 1009.68631145941 838 1573758009219
198.811970999195 1009.89025336918 839 1573758009226
202.772945229961 1010.40148592424 838 1573758009241
206.712470680175 1011.0944067185 838 1573758009241
210.696325227193 1011.33497735216 839 1573758009279
214.69542109235 1011.42002005486 839 1573758009279
218.694516957508 1011.50506275755 839 1573758009279
222.693612822665 1011.59010546025 839 1573758009279
226.692708687822 1011.67514816295 839 1573758009279
230.69180455298 1011.76019086564 839 1573758009279
234.675218264381 1012.0890367014 839 1573758009286
238.663377937445 1012.2474788943 841 1573758009301
242.662155998935 1012.14861527638 841 1573758009301
246.660934060425 1012.04975165846 841 1573758009301
END STROKE
250.364599586379 1008.63327548354 771 1573758000093
250.768783569228 1004.75402168867 773 1573758000063
251.789507564766 1001.1026245196 775 1573758000033
252.609027626639 997.237538976341 774 1573758000018
252.55514814173 993.285089686116 774 1573758000003
252.935917914374 989.306449816597 775 1573757999981
253.731214891076 985.422499453919 774 1573757999966
253.731214891076 981.422499453919 774 1573757999966
254.011775085032 977.447854611238 779 1573757999921
254.292335278987 973.473211354538 780 1573757999898
254.669669992079 969.520974261806 776 1573757999891
255.599996284166 965.632423055675 779 1573757999868
256.334031733374 961.700350833639 779 1573757999868
257.068067182581 957.768278611603 779 1573757999868
257.511084051958 953.800814396014 780 1573757999838
258.263816540429 949.939744546363 779 1573757999823
258.329772765557 945.996720943538 780 1573757999815
258.271558741035 942.000186086247 763 1573757999800
258.386609236348 938.001841005651 763 1573757999800
258.502926527299 934.003554872148 753 1573757999770
258.759674735692 930.011803332099 753 1573757999770
259.016422944085 926.020051792049 753 1573757999770
259.622871941372 922.076744403977 746 1573757999740
259.622871941372 918.076744403977 746 1573757999733
259.718126744561 914.079346325008 740 1573757999725
260.000251854236 910.092198783722 732 1573757999710
260.639844853095 906.143664777814 732 1573757999710
261.149221482625 902.179526315363 735 1573757999695
261.598803669613 898.207342217503 733 1573757999688
262.122731380049 894.24919296314 732 1573757999673
261.904307187625 890.261384339582 721 1573757999665
262.029209452555 886.263334887134 721 1573757999665
262.141328944928 882.265294368046 716 1573757999643
262.010838656956 878.267423399049 716 1573757999643
261.880348368984 874.269552430053 716 1573757999643
261.749858081011 870.271681461056 716 1573757999643
261.619367793039 866.27381049206 716 1573757999643
261.089094376062 862.315908252626 683 1573757999605
260.42238591106 858.371882836616 672 1573757999583
259.70527842209 854.436688197305 672 1573757999583
259.476306783697 850.478996910386 661 1573757999560
260.041080683906 846.519068824973 661 1573757999560
END STROKE
250.63117040714 1012.50661713187 845 1573758009324
254.598780036678 1013.01462680461 845 1573758009324
258.566389666216 1013.52263647735 845 1573758009324
262.537788056506 1013.99831160183 846 1573758009346
266.515363559817 1014.42126918299 846 1573758009346
270.492939063127 1014.84422676415 846 1573758009346
274.458797624481 1015.35226178113 846 1573758009376
278.402627645393 1016.02024738438 846 1573758009376
282.346457666304 1016.68823298764 846 1573758009376
286.290287687216 1017.35621859089 846 1573758009376
290.211629898518 1018.13729726777 846 1573758009384
294.146684267439 1018.71271167142 845 1573758009391
298.081091162485 1019.3546513755 847 1573758009406
301.998428940121 1020.16364132346 847 1573758009406
305.963160162384 1020.5088060898 846 1573758009414
309.944915243631 1020.74391325825 846 1573758009436
313.897026376193 1021.36101746005 846 1573758009436
317.849137508755 1021.97812166185 846 1573758009436
321.811604583662 1022.51860922268 846 1573758009444
325.750244759679 1023.16277989442 846 1573758009451
329.660779174449 1023.77427958928 846 1573758009459
333.649481308817 1023.66890547635 846 1573758009482
337.60187567801 1024.28419301106 846 1573758009482
341.554270047203 1024.89948054578 846 1573758009482
345.506664416396 1025.51476808049 846 1573758009482
349.496940352188 1025.64044849669 846 1573758009489
353.484443364316 1025.8552576197 846 1573758009512
357.45745802921 1026.31910508659 846 1573758009512
361.430472694104 1026.78295255347 846 1573758009512
365.406235126844 1027.21621764038 845 1573758009534
369.398301871623 1027.46801737276 845 1573758009534
373.390368616403 1027.71981710513 845 1573758009534
377.382435361182 1027.97161683751 845 1573758009534
381.374757869891 1028.21871524175 845 1573758009542
385.370580477395 1028.40147653239 845 1573758009542
389.340447861528 1028.85245776099 846 1573758009557
393.297172828905 1029.43925204568 846 1573758009557
397.254325402807 1030.02295773546 846 1573758009579
401.221645540413 1030.5332232798 846 1573758009579
405.188965678019 1031.04348882415 846 1573758009579
409.156285815625 1031.5537543685 846 1573758009579
413.123605953231 1032.06401991284 846 1573758009579
417.099186655895 1032.4991897133 845 1573758009594
421.082561481774 1032.86350413321 845 1573758009594
425.065936307652 1033.22781855313 845 1573758009594
429.049315307923 1033.59208732655 845 1573758009609
433.032696120578 1033.95633628176 845 1573758009609
437.016076933232 1034.32058523698 845 1573758009609
440.997876907166 1034.7016757309 845 1573758009617
444.983168577581 1035.04207608508 845 1573758009647
448.971602601951 1035.3460399534 845 1573758009647
452.960036626321 1035.65000382173 845 1573758009647
456.948470650691 1035.95396769005 845 1573758009647
460.936904675062 1036.25793155838 845 1573758009647
464.924295008352 1036.57499422576 845 1573758009669
468.910539334636 1036.90643980375 845 1573758009669
472.896783660919 1037.23788538175 845 1573758009669
476.883027987203 1037.56933095974 845 1573758009669
480.873891992787 1037.83408579114 846 1573758009684
484.867763462377 1038.05542418455 846 1573758009684
488.860949613438 1038.28811293183 846 1573758009692
492.818929729946 1038.76359510976 845 1573758009699
496.735938820102 1039.5544446013 846 1573758009714
500.687669387709 1040.1739811386 846 1573758009714
504.638649269101 1040.79768994438 846 1573758009729
508.558496924837 1041.59442977382 846 1573758009729
512.485541579965 1042.3273503138 847 1573758009744
516.484383093417 1042.42361323655 847 1573758009744
520.483224606868 1042.51987615931 847 1573758009744
524.43415842252 1042.97801623675 846 1573758009752
528.357702907446 1043.6665153526 848 1573758009789
532.353172087462 1043.85684672559 848 1573758009789
536.348641267478 1044.04717809857 848 1573758009789
540.344110447494 1044.23750947156 848 1573758009789
544.33957962751 1044.42784084454 848 1573758009789
548.335048807526 1044.61817221753 848 1573758009789
552.330517987542 1044.80850359052 848 1573758009789
556.326539073691 1044.98659312267 848 1573758009804
560.32292620846 1045.15656332314 848 1573758009804
564.31931334323 1045.32653352362 848 1573758009804
568.317458156208 1045.43770000368 848 1573758009827
572.316862490531 1045.50672877014 848 1573758009827
576.316266824854 1045.57575753659 848 1573758009827
580.315671159177 1045.64478630305 848 1573758009827
END STROKE
584.305247427608 1045.92141081071 851 1573758009849
588.293285503392 1046.23052617121 851 1573758009849
592.281323579177 1046.5396415317 851 1573758009849
596.269361654961 1046.8487568922 851 1573758009849
600.261137898208 1047.10272363591 852 1573758009872
604.25441085142 1047.33460964487 852 1573758009872
608.247683804631 1047.56649565383 852 1573758009872
612.240956757843 1047.79838166279 852 1573758009872
616.23138169972 1048.06837604296 852 1573758009880
620.214762827385 1048.43262155325 852 1573758009880
624.212756746427 1048.47658999873 851 1573758009895
628.212756746427 1048.47658999873 851 1573758009895
632.201458426493 1048.655185558 851 1573758009917
636.169569360696 1049.15926453382 851 1573758009917
640.1376802949 1049.66334350963 851 1573758009917
643.993415304467 1050.65942251577 850 1573758009940
647.947744715993 1051.26214874313 850 1573758009940
651.703549884076 1052.19751212231 850 1573758009970
655.670679525986 1052.58206053194 850 1573758009992
659.596852404586 1053.13480658525 849 1573758010022
663.582491321719 1053.27969536299 847 1573758010045
667.580358386107 1053.14908550318 847 1573758010045
671.574481059802 1052.94204738983 850 1573758010060
673.654366513568 1052.52991915257 555 1573758010105
669.662854952959 1052.32541968371 119 1573758010112
665.662854952959 1052.32541968371 119 1573758010112
END STROKE
579.173655308407 1019.48243845649 285 1573758025628
579.860292653811 1018.0271030652 827 1573758025711
580.844347180575 1017.9313044373 830 1573758025733
581.068013237796 1019.55155977632 827 1573758025756
581.281331525059 1021.17720658316 827 1573758025756
581.494649812321 1022.80285339 827 1573758025756
581.70876199324 1024.4283915038 825 1573758025763
581.940242219546 1026.0515517353 825 1573758025763
582.171722445852 1027.67471196679 825 1573758025763
582.403202672158 1029.29787219828 825 1573758025763
582.599724957976 1030.92508245646 824 1573758025778
582.745495237271 1032.55817255133 824 1573758025778
582.891265516566 1034.19126264619 824 1573758025778
583.037035795862 1035.82435274106 824 1573758025778
583.182806075157 1037.45744283592 824 1573758025778
583.328576354452 1039.09053293079 824 1573758025778
583.474346633747 1040.72362302565 824 1573758025778
583.620116913042 1042.35671312052 824 1573758025778
583.576552386983 1043.99122600969 823 1573758025793
583.455341549363 1045.62632238762 823 1573758025793
END STROKE
579.182306975787 1082.85130498223 810 1573758025846
579.232438388001 1081.38482439888 818 1573758025831
579.445730011811 1079.75917409347 818 1573758025831
579.659021635622 1078.13352378806 818 1573758025831
579.872313259432 1076.50787348265 818 1573758025831
580.120683388512 1074.88800469651 821 1573758025816
580.440369848775 1073.27989002417 821 1573758025816
580.760056309038 1071.67177535183 821 1573758025816
581.079742769301 1070.06366067949 821 1573758025816
581.399429229564 1068.45554600715 821 1573758025816
581.719115689827 1066.84743133481 821 1573758025816
582.03880215009 1065.23931666247 821 1573758025816
582.282730938563 1063.62199896779 821 1573758025801
582.357367467501 1061.98411569331 821 1573758025801
582.432003996439 1060.34623241883 821 1573758025801
582.506640525377 1058.70834914436 821 1573758025801
582.606865686023 1057.07199703312 823 1573758025793
582.728076523643 1055.43690065519 823 1573758025793
582.849287361263 1053.80180427726 823 1573758025793
582.970498198883 1052.16670789933 823 1573758025793
583.091709036503 1050.5316115214 823 1573758025793
583.212919874123 1048.89651514347 823 1573758025793
583.334130711743 1047.26141876555 823 1573758025793
END STROKE
===NOTES===
Great Job
