1.00
USERID - 01/01/2000 01:00:00 AM - F - HS - EN - N/A
11/13/2019 10:52:8:138
11/13/2019 10:53:6:197
1022.90514159605 426.563172409001 214 1573663984897
1023.83794123327 426.840069607341 444 1573663984950
1024.44226249966 428.386477785933 491 1573663984965
1025.41964690739 429.725018867981 573 1573663985002
1026.55710610755 430.944661156936 573 1573663985002
1027.69456530771 432.164303445892 573 1573663985002
1028.83202450786 433.383945734848 573 1573663985002
1029.96948370802 434.603588023804 573 1573663985002
1031.23937134214 435.683779888811 618 1573663985040
1032.51610416079 436.756763604816 618 1573663985040
1033.79283697944 437.829747320822 618 1573663985040
1035.06956979809 438.902731036827 618 1573663985040
1036.34630261673 439.975714752832 618 1573663985040
1037.62303543538 441.048698468837 618 1573663985040
1038.89976825403 442.121682184842 618 1573663985040
1040.17650107268 443.194665900848 618 1573663985040
1041.45323389133 444.267649616853 618 1573663985040
1042.72996670998 445.340633332858 618 1573663985040
1043.93096829371 446.49704501839 616 1573663985047
1045.12213945268 447.664286216713 616 1573663985047
1046.44394685232 448.677512139509 612 1573663985055
1047.78990166326 449.662269161284 612 1573663985055
1049.09096884384 450.705350994512 610 1573663985077
1050.38751778036 451.754303615091 610 1573663985077
1051.68406671689 452.803256235669 610 1573663985077
1053.02305707531 453.793933369543 607 1573663985085
1054.32736658731 454.824524159181 611 1573663985092
1054.75904068176 455.946744639927 602 1573663985183
END STROKE
740.637290717247 161.939000601529 543 1573663982614
743.099389959823 165.091470636233 543 1573663982614
745.967982424066 167.878505737068 615 1573663982644
748.841489904939 170.661122267848 615 1573663982644
751.714997385811 173.443738798628 615 1573663982644
754.588504866683 176.226355329408 615 1573663982644
757.501739145945 178.967268774532 654 1573663982704
760.420476368793 181.702405521381 654 1573663982704
763.33921359164 184.43754226823 654 1573663982704
766.257950814488 187.172679015079 654 1573663982704
769.176688037335 189.907815761929 654 1573663982704
772.095425260183 192.642952508778 654 1573663982704
775.01416248303 195.378089255627 654 1573663982704
777.932899705877 198.113226002476 654 1573663982704
780.851636928725 200.848362749325 654 1573663982704
783.770374151572 203.583499496174 654 1573663982704
786.68911137442 206.318636243024 654 1573663982704
789.607848597267 209.053772989873 654 1573663982704
792.437421192075 211.880331910606 669 1573663982764
795.24466702525 214.729782880903 669 1573663982764
798.051912858424 217.5792338512 669 1573663982764
800.859158691598 220.428684821497 669 1573663982764
803.666404524772 223.278135791795 669 1573663982764
806.473650357946 226.127586762092 669 1573663982764
809.28089619112 228.977037732389 669 1573663982764
812.088142024294 231.826488702686 669 1573663982764
814.895387857468 234.675939672983 669 1573663982764
817.702633690642 237.52539064328 669 1573663982764
820.509879523816 240.374841613577 669 1573663982764
823.31712535699 243.224292583874 669 1573663982764
826.124371190164 246.073743554171 669 1573663982764
828.931617023338 248.923194524468 669 1573663982764
END STROKE
831.738862856512 251.772645494765 669 1573663982764
834.546108689686 254.622096465063 669 1573663982764
837.38290944378 257.441769974265 669 1573663982847
840.253338429642 260.227562040648 669 1573663982847
843.123767415504 263.013354107031 669 1573663982847
845.994196401366 265.799146173415 669 1573663982847
848.864625387228 268.584938239798 669 1573663982847
851.73505437309 271.370730306181 669 1573663982847
854.605483358951 274.156522372565 669 1573663982847
857.475912344813 276.942314438948 669 1573663982847
860.346341330675 279.728106505332 669 1573663982847
863.216770316537 282.513898571715 669 1573663982847
866.087199302399 285.299690638098 669 1573663982847
868.957628288261 288.085482704482 669 1573663982847
871.828057274122 290.871274770865 669 1573663982847
874.698486259984 293.657066837248 669 1573663982847
877.568915245846 296.442858903632 669 1573663982847
880.439344231708 299.228650970015 669 1573663982847
883.30977321757 302.014443036398 669 1573663982847
886.180202203431 304.800235102782 669 1573663982847
889.050631189293 307.586027169165 669 1573663982847
891.921060175155 310.371819235548 669 1573663982847
894.791489161017 313.157611301932 669 1573663982847
897.661918146879 315.943403368315 669 1573663982847
900.53234713274 318.729195434698 669 1573663982847
903.473075979277 321.439911349263 670 1573663982900
906.441271394202 324.121294570442 670 1573663982900
909.409466809126 326.802677791621 670 1573663982900
912.377662224051 329.4840610128 670 1573663982900
915.345857638976 332.165444233979 670 1573663982900
918.3140530539 334.846827455158 670 1573663982900
921.282248468825 337.528210676338 670 1573663982900
924.250443883749 340.209593897517 670 1573663982900
927.218639298674 342.890977118696 670 1573663982900
930.186834713598 345.572360339875 670 1573663982900
933.155030128523 348.253743561054 670 1573663982900
936.123225543447 350.935126782233 670 1573663982900
939.091420958372 353.616510003412 670 1573663982900
942.059616373297 356.297893224592 670 1573663982900
945.032011635559 358.974608235249 653 1573663982967
948.011133805549 361.643846159502 653 1573663982967
950.99025597554 364.313084083756 653 1573663982967
953.96937814553 366.982322008009 653 1573663982967
956.948500315521 369.651559932262 653 1573663982967
959.927622485511 372.320797856515 653 1573663982967
962.906744655502 374.990035780768 653 1573663982967
965.885866825492 377.659273705021 653 1573663982967
968.864988995482 380.328511629274 653 1573663982967
971.844111165473 382.997749553528 653 1573663982967
974.823233335463 385.666987477781 653 1573663982967
977.802355505454 388.336225402034 653 1573663982967
980.781477675444 391.005463326287 653 1573663982967
983.760599845435 393.67470125054 653 1573663982967
986.739480547817 396.344208118552 647 1573663983020
989.713107016868 399.019567089337 647 1573663983020
992.686733485919 401.694926060122 647 1573663983020
995.66035995497 404.370285030906 647 1573663983020
998.633986424021 407.045644001691 647 1573663983020
1001.60761289307 409.721002972476 647 1573663983020
1004.58123936212 412.396361943261 647 1573663983020
1007.55486583117 415.071720914046 647 1573663983020
1010.41212650665 417.870186108018 649 1573663983042
1013.25051477302 420.688616885837 649 1573663983042
1015.62865026532 423.871463216773 634 1573663983065
1018.6392149968 426.505186816078 634 1573663983065
1021.47790946101 429.319369336085 633 1573663983087
1024.2551934775 432.198031089708 633 1573663983087
1027.44268582009 434.594279404827 584 1573663983117
END STROKE
713.441927231098 704.415809059239 627 1573663963265
716.591964129159 706.793493379865 558 1573663963295
END STROKE
723.348285506711 712.975829514058 658 1573663986783
726.684968633323 710.816026995781 672 1573663986753
729.874303212608 708.403442950735 701 1573663986731
732.93232041944 705.861675417793 707 1573663986708
735.81813770284 703.133029242017 713 1573663986693
738.815691740901 700.484507052398 713 1573663986693
741.813245778962 697.835984862779 713 1573663986693
744.810799817023 695.18746267316 713 1573663986693
747.553720992463 692.277923335992 713 1573663986655
750.275645635715 689.346861030879 713 1573663986655
752.997570278968 686.415798725766 713 1573663986655
755.71949492222 683.484736420653 713 1573663986655
758.711200024958 680.830537090052 717 1573663986625
761.711799126579 678.185465251453 717 1573663986625
764.712398228201 675.540393412854 717 1573663986625
767.712997329822 672.895321574255 717 1573663986625
770.715456382637 670.252368833584 718 1573663986595
773.727378206659 667.620197310682 718 1573663986595
776.739300030682 664.98802578778 718 1573663986595
779.751221854705 662.355854264878 718 1573663986595
782.763143678727 659.723682741976 718 1573663986595
785.77506550275 657.091511219074 718 1573663986595
788.969992069951 654.685213687864 717 1573663986565
792.169631646441 652.284733198345 717 1573663986565
795.369271222931 649.884252708826 717 1573663986565
798.568910799421 647.483772219308 717 1573663986565
801.768550375911 645.083291729789 717 1573663986565
804.968189952401 642.682811240271 717 1573663986565
END STROKE
1039.6443294794 479.90806784776 668 1573663989358
1040.50867966568 478.38432020403 668 1573663989358
1041.37302985196 476.8605725603 668 1573663989358
1042.23738003824 475.33682491657 668 1573663989358
1043.10173022452 473.813077272839 668 1573663989358
1043.9660804108 472.289329629109 668 1573663989358
1044.83043059708 470.765581985378 668 1573663989358
1045.71810101837 469.255600530446 633 1573663989320
1046.63456171264 467.762614287326 633 1573663989320
END STROKE
808.167829528891 640.282330750752 717 1573663986565
811.367469105381 637.881850261233 717 1573663986565
814.567108681871 635.481369771715 717 1573663986565
817.766748258361 633.080889282196 717 1573663986565
820.966387834851 630.680408792678 717 1573663986565
824.166027411341 628.279928303159 717 1573663986565
827.365666987831 625.87944781364 717 1573663986565
830.567734464155 623.482246839426 730 1573663986498
833.797707074179 621.122739064805 730 1573663986498
837.027679684202 618.763231290184 730 1573663986498
840.257652294225 616.403723515562 730 1573663986498
843.487624904249 614.044215740941 730 1573663986498
846.717597514272 611.68470796632 730 1573663986498
849.947570124296 609.325200191699 730 1573663986498
853.177542734319 606.965692417077 730 1573663986498
856.407515344343 604.606184642456 730 1573663986498
859.658975393659 602.276633749036 714 1573663986460
862.929410045309 599.973536445558 714 1573663986460
866.199844696958 597.670439142079 714 1573663986460
869.470279348608 595.367341838601 714 1573663986460
872.740714000257 593.064244535122 714 1573663986460
876.011148651907 590.761147231644 714 1573663986460
879.281583303557 588.458049928165 714 1573663986460
882.552017955206 586.154952624686 714 1573663986460
885.822452606856 583.851855321208 714 1573663986460
889.092887258505 581.548758017729 714 1573663986460
892.363321910155 579.245660714251 714 1573663986460
895.602826103541 576.899315624038 703 1573663986415
898.839296416622 574.548728481949 703 1573663986415
902.075766729702 572.198141339861 703 1573663986415
905.312237042782 569.847554197773 703 1573663986415
908.548707355862 567.496967055684 703 1573663986415
911.785177668942 565.146379913596 703 1573663986415
915.021647982023 562.795792771508 703 1573663986415
918.253051552222 560.438255015113 707 1573663986385
921.481257291866 558.076330439152 707 1573663986385
924.70946303151 555.714405863191 707 1573663986385
927.937668771154 553.35248128723 707 1573663986385
931.165874510798 550.990556711268 707 1573663986385
934.394080250442 548.628632135307 707 1573663986385
937.622285990086 546.266707559346 707 1573663986385
940.85049172973 543.904782983385 707 1573663986385
944.078423589249 541.542491999964 696 1573663986348
947.257642962507 539.115031562244 696 1573663986348
950.436862335765 536.687571124523 696 1573663986348
953.616081709024 534.260110686802 696 1573663986348
956.795301082282 531.832650249082 696 1573663986348
959.97452045554 529.405189811361 696 1573663986348
963.153739828799 526.97772937364 696 1573663986348
966.332959202057 524.55026893592 696 1573663986348
969.512178575315 522.122808498199 696 1573663986348
972.691397948573 519.695348060478 696 1573663986348
975.870617321832 517.267887622758 696 1573663986348
979.04983669509 514.840427185037 696 1573663986348
982.23088885696 512.415386650043 685 1573663986295
985.428955561968 510.012811084048 685 1573663986295
988.627022266977 507.610235518053 685 1573663986295
991.825088971985 505.207659952058 685 1573663986295
995.023155676993 502.805084386062 685 1573663986295
998.221222382002 500.402508820067 685 1573663986295
1001.41610671668 497.996041481891 674 1573663986265
1004.40586593808 495.338723322915 674 1573663986265
END STROKE
1007.39562515949 492.68140516394 674 1573663986265
1010.3853843809 490.024087004965 674 1573663986265
1013.3751436023 487.36676884599 674 1573663986265
1016.33098588527 484.671832319417 657 1573663986242
1019.42391860992 482.140340896576 653 1573663986235
1022.59106110516 479.697144544491 653 1573663986235
1025.7582036004 477.253948192405 653 1573663986235
1028.92534609564 474.81075184032 653 1573663986235
1032.09248859088 472.367555488235 653 1573663986235
1035.25963108612 469.92435913615 653 1573663986235
1038.48911355493 467.56873806799 603 1573663986197
END STROKE
===NOTES===
Great Job
