1.00
USERID - 01/01/2000 01:00:00 AM - F - HS - EN - N/A
11/15/2019 11:9:24:412
11/15/2019 11:9:51:94
1021.44681877112 414.259195804577 597 1573837796050
1022.77930397189 411.364653037396 597 1573837796050
1022.23742775579 409.702235199656 201 1573837795960
END STROKE
685.438169772074 422.028594088159 693 1573837790628
689.434997510524 421.869320646682 693 1573837790628
693.431825248974 421.710047205205 693 1573837790628
697.428552819782 421.548294417187 694 1573837790651
701.425202947979 421.384624771918 694 1573837790651
705.421853076176 421.22095512665 694 1573837790651
709.418503204373 421.057285481381 694 1573837790651
713.41515333257 420.893615836112 694 1573837790651
717.411803460767 420.729946190844 694 1573837790651
721.408283804896 420.562233647173 694 1573837790666
725.404584121877 420.390234296888 694 1573837790666
729.400884438857 420.218234946604 694 1573837790666
733.397184755838 420.046235596319 694 1573837790666
737.390705519907 419.822200636919 697 1573837790673
741.382588251774 419.567500312964 697 1573837790673
745.37699017506 419.358314761331 698 1573837790734
749.372597998864 419.17091647331 698 1573837790734
753.368205822668 418.983518185288 698 1573837790734
757.363813646473 418.796119897267 698 1573837790734
761.359421470277 418.608721609245 698 1573837790734
765.355029294081 418.421323321224 698 1573837790734
769.350637117886 418.233925033203 698 1573837790734
END STROKE
773.34624494169 418.046526745181 698 1573837790734
777.341852765494 417.85912845716 698 1573837790734
781.337460589299 417.671730169138 698 1573837790734
785.333068413103 417.484331881117 698 1573837790734
789.328676236907 417.296933593095 698 1573837790734
793.324284060712 417.109535305074 698 1573837790734
797.319891884516 416.922137017052 698 1573837790734
801.31549970832 416.734738729031 698 1573837790734
805.311107532125 416.547340441009 698 1573837790734
809.303093059183 416.296898717846 698 1573837790756
813.293869976288 416.025422019213 698 1573837790756
817.284646893394 415.75394532058 698 1573837790756
821.275423810499 415.482468621948 698 1573837790756
825.266200727604 415.210991923315 698 1573837790756
829.259045616405 414.985045145639 699 1573837790764
833.258000837186 414.893627739278 699 1573837790764
837.256129648751 414.775169963582 699 1573837790809
841.253204072385 414.622212283385 699 1573837790809
845.250278496019 414.469254603187 699 1573837790809
849.247352919652 414.31629692299 699 1573837790809
853.244427343286 414.163339242792 699 1573837790809
857.24150176692 414.010381562595 699 1573837790809
861.238576190554 413.857423882397 699 1573837790809
865.235650614188 413.704466202199 699 1573837790809
869.232725037822 413.551508522002 699 1573837790809
873.229799461456 413.398550841804 699 1573837790809
877.22687388509 413.245593161607 699 1573837790809
881.224927755092 413.123402496081 699 1573837790831
885.223637671126 413.021819980775 699 1573837790831
889.222347587159 412.92023746547 699 1573837790831
893.221057503193 412.818654950165 699 1573837790831
897.219767419226 412.71707243486 699 1573837790831
901.218222338033 412.606074037998 700 1573837790869
905.216569140165 412.491083386733 700 1573837790869
909.214915942297 412.376092735468 700 1573837790869
913.21326274443 412.261102084203 700 1573837790869
917.211609546562 412.146111432938 700 1573837790869
921.209956348695 412.031120781672 700 1573837790869
925.208303150827 411.916130130407 700 1573837790869
929.203811748818 411.737863279619 701 1573837790876
933.196913731579 411.504501770766 700 1573837790899
937.193461669915 411.338355520181 700 1573837790899
941.19000960825 411.172209269596 700 1573837790899
945.186557546586 411.006063019011 700 1573837790899
949.183227475916 410.843067444949 701 1573837790914
953.180657193 410.69969500348 701 1573837790914
957.178086910084 410.556322562012 701 1573837790914
961.168091244684 410.280398122245 700 1573837790921
965.161691653069 410.059885904909 700 1573837790959
969.15716152319 409.869569019297 700 1573837790959
973.152631393312 409.679252133685 700 1573837790959
977.148101263434 409.488935248073 700 1573837790959
981.143948786327 409.307040358083 699 1573837791004
985.140417060807 409.138988785416 699 1573837791004
989.136885335286 408.97093721275 699 1573837791004
993.133353609766 408.802885640083 699 1573837791004
997.112189079921 408.622894715575 700 1573837791019
1001.10149434254 408.558937295555 698 1573837791041
1005.07565475778 408.827305427089 662 1573837791094
END STROKE
===NOTES===
Great Job
