1.00
USERID - 01/01/2000 01:00:00 AM - F - HS - EN - N/A
11/12/2019 16:0:28:226
11/12/2019 16:6:40:640
643.55363092794 130.034125760487 563 1573596394542
646.703904243156 132.474673717331 555 1573596394557
649.81521768479 134.976230416599 569 1573596394579
653.08825401141 137.267997701659 585 1573596394594
656.330293871827 139.581716720289 640 1573596394632
659.58765434847 141.86717183369 643 1573596394647
662.216569806177 144.870053713737 636 1573596394669
664.555230640436 148.090749244616 639 1573596394707
667.379306212735 150.923521237196 639 1573596394707
670.229100799812 153.729442295764 638 1573596394744
673.180805207159 156.428968382255 638 1573596394744
676.132509614507 159.128494468746 638 1573596394744
679.140770964476 161.759972732124 635 1573596394782
681.722296050787 164.815415127055 635 1573596394782
684.736339499774 167.431452046535 634 1573596394804
688.008869737644 169.717885280751 635 1573596394827
691.023323901146 172.311003129155 637 1573596394849
693.639058932951 175.312481524672 638 1573596394872
696.620235778845 177.939048551762 645 1573596394894
699.439660473173 180.768936692967 643 1573596394917
702.444065552849 183.38608928483 643 1573596394939
705.820564363344 185.277321320796 669 1573596394992
708.92125860401 187.705916625129 668 1573596395000
712.064981122312 190.107727293182 668 1573596395022
715.520692769537 192.023327376504 668 1573596395052
718.818859423518 194.26130260387 667 1573596395067
722.124695795254 196.508936382178 682 1573596395082
725.368710971647 198.808437328262 700 1573596395105
728.553286752787 201.214661564951 697 1573596395120
731.559857503296 203.775722237219 701 1573596395150
END STROKE
734.932995982312 205.923054475681 699 1573596395157
737.958335997251 208.449880610593 698 1573596395202
741.477298484105 210.351696326196 698 1573596395202
744.746124834663 212.656921165806 703 1573596395232
748.005601897595 214.975500316079 702 1573596395247
751.224243596814 217.348176406466 711 1573596395270
754.347323361046 219.847450858431 711 1573596395270
756.660778824718 223.094135028916 706 1573596395292
759.525253330498 225.820590991775 706 1573596395315
762.327919141256 228.639504387257 704 1573596395330
765.122006415983 231.409399937602 704 1573596395360
768.229205304929 233.912691029361 703 1573596395375
770.861776154899 236.92392742359 703 1573596395390
773.624664791108 239.808626399074 704 1573596395405
776.63820863683 242.387157745842 704 1573596395420
779.78741211981 244.784308883586 700 1573596395450
782.950355862219 247.154026202184 703 1573596395488
786.40678866377 249.13382015002 700 1573596395518
789.953593099264 250.9043823814 700 1573596395600
793.303708226528 252.986924883614 700 1573596395653
796.590083975154 255.099103862427 699 1573596395720
800.026652468151 257.080703234811 699 1573596395766
803.208016117709 259.505352761912 699 1573596395766
806.406129424768 261.906723388526 699 1573596395788
809.716056473759 264.152693764634 699 1573596395788
812.865529927318 266.601818391603 700 1573596395796
816.082942018229 268.97692472775 699 1573596395811
818.589563572316 271.266393099919 698 1573596395826
821.953337252395 273.402285970743 702 1573596395863
825.222589951429 275.707060751466 702 1573596395863
828.495631971818 278.006386515209 701 1573596395878
831.785437776084 280.281578550082 702 1573596395901
835.049966701566 282.593039320826 702 1573596395901
838.333316780798 284.877493978631 700 1573596395916
841.4670506834 287.356406094556 700 1573596395931
844.534364780534 289.911370342292 700 1573596395953
847.515966208849 292.559469406928 699 1573596395976
850.525852971596 295.193574604169 703 1573596396006
853.537820322491 297.822497984683 701 1573596396028
856.717983894063 300.2398497422 701 1573596396043
859.604558463715 302.951267710411 698 1573596396066
862.677358767995 305.477559401452 701 1573596396088
865.667078280975 308.114736702344 701 1573596396126
868.813223565996 310.541277806296 700 1573596396156
871.707330363583 313.289843142753 699 1573596396164
874.614280209323 316.003628434682 701 1573596396194
877.565222433755 318.685794691247 700 1573596396216
880.664077060508 321.17382882453 701 1573596396239
883.710030315115 323.754691034773 701 1573596396254
886.733921057188 326.327670366873 701 1573596396269
889.921922966423 328.732702195623 700 1573596396291
892.985305846375 331.207888478683 702 1573596396306
895.987838434468 333.763827347876 702 1573596396336
899.239717943855 336.068462323445 701 1573596396351
902.161075297427 338.800116725601 700 1573596396366
905.183503682608 341.402621276922 701 1573596396374
908.084122737942 344.151029223751 701 1573596396389
911.139258552707 346.732336560851 699 1573596396426
914.20143387697 349.305871538945 699 1573596396426
917.094988883318 352.064688787461 698 1573596396441
920.39681743163 354.268113455522 698 1573596396456
923.498289446548 356.77871889537 698 1573596396486
926.376554532484 359.555289964751 699 1573596396524
929.441837752099 362.12512240745 699 1573596396524
932.507120971713 364.694954850149 699 1573596396524
935.694202469296 367.111794383728 702 1573596396547
938.812168172566 369.616064248726 699 1573596396569
941.930348729286 372.120606513805 700 1573596396592
945.09374693739 374.568648951543 700 1573596396592
948.184351250801 377.10788894494 700 1573596396614
951.337768900764 379.551002483783 700 1573596396637
954.425223531266 382.057248535267 700 1573596396667
957.730767101073 384.2948896223 700 1573596396674
960.935111492634 386.668511574872 699 1573596396704
964.148307927562 389.024805354327 700 1573596396712
967.330486124105 391.446529328145 699 1573596396749
970.150452010139 394.283392455192 699 1573596396749
973.068190325119 397.018329571312 697 1573596396764
976.074780550453 399.65620029616 696 1573596396787
979.306203406448 401.999387835476 698 1573596396802
982.395205813721 404.535994478987 697 1573596396832
985.581065461888 406.936717254733 700 1573596396839
988.720119304865 409.3993334794 697 1573596396854
991.733058162636 412.005991202886 698 1573596396892
994.970939929752 414.354633717655 698 1573596396892
998.236751603543 416.618645697348 697 1573596396914
1001.55143117357 418.784270610311 696 1573596396945
END STROKE
600.476073374868 746.42166349293 119 1573596398620
603.072774707158 743.718219414246 422 1573596398763
606.015950602681 741.026479331941 461 1573596398801
609.16659276567 738.593472521388 466 1573596398816
612.506281890978 736.462590568075 509 1573596398846
615.524385501624 733.837660655367 504 1573596398868
618.517035577165 731.183598575203 504 1573596398868
621.441296150894 728.457504375705 504 1573596398876
624.705319731786 726.176379638718 529 1573596398898
628.09423170271 724.051521601967 556 1573596398913
631.440648429251 721.868155443395 571 1573596398951
634.628684885745 719.452286334344 571 1573596398951
637.882313348065 717.131294312286 574 1573596398966
641.109555017605 714.784605810101 564 1573596399003
644.166037041104 712.204311710579 564 1573596399003
647.471947233645 710.012075317116 571 1573596399026
650.572736133896 707.504738927618 576 1573596399063
653.524433610901 704.805205263401 576 1573596399063
656.625232775075 702.297902059515 575 1573596399086
659.876659133197 700.003349836466 574 1573596399146
662.866957493097 697.346638388307 574 1573596399146
665.864218755967 694.697881899424 577 1573596399184
668.893501465495 692.085709189636 577 1573596399184
671.966002006554 689.533875281562 578 1573596399199
675.502774778148 687.682934007809 579 1573596399214
679.044709491608 685.834329713986 586 1573596399244
682.536360817243 683.882824904822 586 1573596399244
685.856555786963 681.655049814988 573 1573596399259
688.989026773712 679.200931740191 612 1573596399281
692.490627652978 677.271327089705 610 1573596399311
695.876869492267 675.142156780442 610 1573596399311
699.340261632785 673.185515338984 608 1573596399341
702.531796336414 670.774269554015 608 1573596399341
705.580132555025 668.185532915041 607 1573596399356
708.728753962492 665.71939060009 604 1573596399394
711.892154277831 663.271350885356 604 1573596399394
715.2638094832 661.135059389288 606 1573596399424
718.729706865812 659.140138184172 607 1573596399439
721.825359153917 656.606970816794 607 1573596399439
724.925370514292 654.079140683344 606 1573596399469
728.025784112929 651.551803049116 606 1573596399469
731.183824475733 649.102607999716 606 1573596399476
734.361742037201 646.680551596384 605 1573596399521
737.459996285009 644.150567284982 605 1573596399521
740.558250532816 641.62058297358 605 1573596399521
743.628201250624 639.056871488544 604 1573596399566
746.657476493223 636.444690119538 604 1573596399566
749.686751735821 633.832508750532 604 1573596399566
752.716026978419 631.220327381526 604 1573596399566
755.785906095043 628.658305899947 603 1573596399597
END STROKE
758.97168928984 626.239466212049 603 1573596399597
762.157472484637 623.820626524152 603 1573596399597
765.40543585258 621.492975347064 604 1573596399627
768.820690100934 619.410659708383 604 1573596399627
772.269077806493 617.387743107094 604 1573596399634
775.456572222986 615.001211190157 607 1573596399664
778.528651620674 612.439507035829 607 1573596399664
781.50703199181 609.770523996491 606 1573596399717
784.458718557001 607.070978401234 606 1573596399717
787.410405122191 604.371432805976 606 1573596399717
790.399696625078 601.713641553262 610 1573596399747
793.392346224761 599.059578936533 610 1573596399747
796.573321313185 596.648462077487 610 1573596399792
799.525018790188 593.948928413268 610 1573596399792
802.476716267191 591.249394749049 610 1573596399792
805.428413744195 588.549861084829 610 1573596399792
808.330259590127 585.797236360796 611 1573596399814
811.210037974675 583.021110200858 611 1573596399814
814.14603631098 580.306553372834 608 1573596399844
817.171765390599 577.690265250943 608 1573596399844
820.197494470218 575.073977129052 608 1573596399844
823.241236414187 572.479818164296 611 1573596399874
826.41715491822 570.048040695912 611 1573596399874
829.593073422253 567.616263227527 611 1573596399874
832.792873925724 565.216145917923 609 1573596399889
835.938566608157 562.745993884253 609 1573596399919
839.06675397065 560.253125713118 609 1573596399949
842.155116609839 557.711076105251 609 1573596399949
845.232901482891 555.156375118858 609 1573596399965
848.169768645309 552.453652712663 607 1573596399987
851.253301774108 549.906269081759 608 1573596399995
854.499080877574 547.592796169849 605 1573596400040
857.580828096122 545.042730664618 605 1573596400040
860.664428372827 542.494924475194 607 1573596400055
863.774799418232 539.980384870413 612 1573596400070
867.034271580287 537.661798830433 612 1573596400070
870.215928052409 535.240294810337 617 1573596400130
873.335040011559 532.736070262441 617 1573596400130
876.454151970709 530.231845714545 617 1573596400130
879.57326392986 527.727621166649 617 1573596400130
882.69237588901 525.223396618753 617 1573596400130
885.811487848161 522.719172070857 617 1573596400130
888.930599807311 520.214947522961 617 1573596400130
892.050333705383 517.711517988124 618 1573596400145
895.231702309537 515.286874961924 618 1573596400145
898.413070913692 512.862231935724 618 1573596400145
901.615217917408 510.465103039126 619 1573596400190
904.817847683324 508.068613401662 619 1573596400190
908.020477449239 505.672123764198 619 1573596400190
911.223107215155 503.275634126735 619 1573596400190
914.418003497378 500.869571186547 617 1573596400205
917.434242743787 498.242348164338 617 1573596400205
920.71857433138 495.970623346553 618 1573596400227
924.033037006849 493.738241509718 618 1573596400265
927.077474901936 491.143747743496 618 1573596400265
930.121912797022 488.549253977275 618 1573596400265
933.186305460388 485.978522400575 614 1573596400280
936.347615869172 483.535878735475 617 1573596400310
939.685254521292 481.331299812443 617 1573596400310
943.022893173411 479.126720889411 617 1573596400310
946.381511451052 476.954746708953 630 1573596400340
949.770993504969 474.830738374182 630 1573596400340
END STROKE
953.160475558887 472.706730039412 630 1573596400340
956.638898316197 470.738623305622 629 1573596400355
960.095380952231 468.739947887626 629 1573596400363
963.584781379966 466.802973740032 626 1573596400393
966.911857909242 464.58248690865 626 1573596400393
970.254743832068 462.388416522147 627 1573596400400
973.684805082265 460.340847678728 626 1573596400415
976.942379361032 458.022476868766 627 1573596400423
980.377735185884 455.990321179539 635 1573596400445
983.841193693104 454.004269465881 635 1573596400453
987.161271182807 451.811928085785 645 1573596400468
990.07229469823 449.483404267345 652 1573596400483
993.509241805992 447.703813456367 652 1573596400513
996.775800356648 445.431002792934 669 1573596400565
1000.23078469626 443.416477887471 665 1573596400573
1003.40269695126 441.008167093472 670 1573596400618
1006.99472162646 439.248235636641 670 1573596400618
1010.46655969454 437.285476594071 673 1573596400640
END STROKE
===NOTES===
Great Job
