1.00
USERID - 01/01/2000 01:00:00 AM - F - HS - EN - N/A
11/12/2019 16:0:28:226
11/12/2019 16:1:33:150
-232.35911466532 735.804755503263 698 1573596049531
-232.399610262961 739.804550511331 698 1573596049531
-232.440105860602 743.8043455194 698 1573596049531
-232.444548319771 747.802865615947 697 1573596049547
-232.12162556698 751.789809419881 697 1573596049547
-232.296948152085 755.782093778168 698 1573596049569
-232.296948152085 759.782093778168 698 1573596049577
-232.666381365124 763.751959239632 698 1573596049607
-232.765743860444 767.750724936009 698 1573596049607
-232.862124203513 771.749560956482 697 1573596049629
-232.951362390155 775.748565400846 697 1573596049629
-232.988711550338 779.747532119034 698 1573596049652
-232.893658468697 783.746402573508 698 1573596049652
-232.770007828659 787.744331931444 696 1573596049667
-232.500432178865 791.732511747054 692 1573596049682
-232.11731223632 795.709324207593 691 1573596049689
-231.843044775722 799.694374511116 692 1573596049719
-231.408274684116 803.670676180688 692 1573596049719
-231.005809045716 807.649640074111 689 1573596049749
-230.783757013602 811.64347193024 689 1573596049749
-230.561704981488 815.637303786369 689 1573596049749
-230.378796669608 819.633046739048 689 1573596049764
-230.174073014083 823.62771590933 690 1573596049787
-229.946666462413 827.621218857571 690 1573596049802
-229.655872117044 831.610634685571 690 1573596049802
-229.406450361362 835.60198360459 690 1573596049839
-229.323944319479 839.601132608197 690 1573596049839
-229.246807308577 843.600224155307 691 1573596049854
-229.414878160673 847.596691619039 691 1573596049854
-229.268651849229 851.593403307871 691 1573596049869
-229.098791355546 855.589793610573 690 1573596049899
-228.927438453702 859.586121698084 690 1573596049899
-228.581913056858 863.569868816925 691 1573596049922
-228.177151773618 867.549337161264 691 1573596049922
-227.920941245035 871.529762521445 692 1573596049937
-227.543283639397 875.510223463154 692 1573596049952
-227.276754915656 879.501163575104 695 1573596049967
-226.767216740043 883.453582757177 696 1573596049997
-226.559850579197 887.446797452684 697 1573596050020
-226.67195389949 891.445226249797 697 1573596050020
-226.727763785307 895.444423647465 697 1573596050042
-226.571677052692 899.441377103774 697 1573596050042
-226.475691533311 903.439266262941 698 1573596050080
-226.293642452364 907.435121381952 698 1573596050080
-226.100496181504 911.430434808192 699 1573596050095
-225.650573447987 915.389253738302 699 1573596050110
-225.172765406617 919.352161639743 701 1573596050125
-225.255061747326 923.338850040168 700 1573596050162
-225.16583206667 927.337854674335 700 1573596050162
-224.997349382191 931.333088885084 699 1573596050185
-224.659356047732 935.31727402407 700 1573596050200
-223.982904114103 939.256604595272 698 1573596050207
-223.780933675433 943.212655986444 699 1573596050230
-223.377777570184 947.187256754404 698 1573596050252
-223.159417464844 951.181292165413 698 1573596050252
-223.135722020346 955.180644915371 698 1573596050267
-223.072895734756 959.179152471199 699 1573596050290
-222.989777438288 963.176009928218 701 1573596050320
-223.077223005878 967.175053973075 701 1573596050320
-223.418582717699 971.143848501404 702 1573596050328
-223.381259325837 975.13381534034 704 1573596050350
-223.315357936111 979.132786174096 703 1573596050373
-223.315357936111 983.132786174096 703 1573596050373
-223.034231520332 987.121420239632 706 1573596050388
-222.815170213446 991.114984548786 696 1573596050418
-222.629255212741 995.110661664434 696 1573596050418
-222.533732343512 998.993199592123 707 1573596050448
-222.302930269998 1002.9767097166 706 1573596050455
-222.343948515046 1006.9695718033 706 1573596050485
-222.244586019725 1010.96833749968 706 1573596050485
-221.590259220736 1014.89871557279 707 1573596050515
-221.040308885548 1018.80049009702 706 1573596050553
-220.980142424235 1022.77138127355 707 1573596050575
-220.799916251839 1026.69711000505 707 1573596050620
-220.441251807963 1030.66926742638 705 1573596050635
-220.261615892198 1034.65532190477 706 1573596050688
-220.261615892198 1038.59949478291 705 1573596050748
END STROKE
-222.057940787802 1036.8789730468 87 1573596083845
-218.733469166574 1037.20761491965 579 1573596084032
-214.808170011272 1036.67011434535 583 1573596084062
-210.822884446732 1036.3900714548 592 1573596084077
-206.849980975897 1035.92693441195 591 1573596084100
-202.892922145857 1035.34991491698 590 1573596084122
-198.947101314157 1034.69379148033 590 1573596084122
-194.999654822739 1034.04873505709 588 1573596084137
-191.03183056296 1033.54240448966 588 1573596084137
-187.064102489758 1033.03532459441 592 1573596084167
-183.097034534486 1032.52310214444 592 1573596084167
-179.129966579214 1032.01087969447 592 1573596084167
-175.162898623942 1031.49865724449 592 1573596084167
-171.190636007814 1031.03505070439 601 1573596084190
-167.204903330074 1030.6975080825 601 1573596084190
-163.219170652335 1030.3599654606 601 1573596084190
-159.231156290203 1030.0507851042 603 1573596084205
-155.245469275363 1029.71726838122 605 1573596084235
-151.269341316141 1029.28091250365 605 1573596084235
-147.293213356919 1028.84455662608 605 1573596084235
-143.317085397696 1028.40820074851 605 1573596084235
-139.369663766164 1027.76827458626 606 1573596084258
-135.427918188124 1027.08809681684 606 1573596084258
-131.462507994894 1026.64217499118 604 1573596084273
-127.465668178759 1026.50034295536 617 1573596084310
-123.485671057999 1026.10081458497 617 1573596084310
-119.505673937238 1025.70128621459 617 1573596084310
-115.525676816478 1025.30175784421 617 1573596084310
-111.563876099173 1024.77592329994 619 1573596084325
-107.632953060249 1024.03575841152 619 1573596084325
-103.657352645107 1023.62331066083 631 1573596084348
-99.6717511122933 1023.28422302963 631 1573596084348
-95.7308691567672 1022.61059221072 630 1573596084363
-91.7760262189736 1022.05200192426 630 1573596084385
-87.7791799422426 1021.89553499802 630 1573596084430
-83.7808133008439 1021.78123626246 630 1573596084430
-79.7824466594453 1021.6669375269 630 1573596084430
-75.8429459059133 1021.15828239047 632 1573596084438
-71.8541478538857 1020.92713040783 652 1573596084475
-67.8657108399469 1020.62320576941 652 1573596084475
-63.8674405795562 1020.51013670219 651 1573596084513
-59.8705346497612 1020.36015653459 650 1573596084535
-55.8756861285395 1020.15721493586 650 1573596084535
-51.8790403495042 1020.03584840453 651 1573596084558
-47.8982865294334 1019.6590160705 650 1573596084580
-43.9126618169689 1019.34171975992 649 1573596084595
-39.9137729020483 1019.3003930539 648 1573596084618
-35.9524007165834 1019.04680140343 648 1573596084648
-31.9691619079185 1019.3003930539 648 1573596084671
-28.0211418911169 1019.79323052303 655 1573596084723
-24.0522989147049 1019.36513010213 656 1573596084753
-20.0780873244617 1018.92628597712 675 1573596084776
-16.0957015527802 1018.64323464835 678 1573596084791
-12.1335159853842 1018.47903905208 683 1573596084813
-8.18064926695042 1018.20436999872 682 1573596084858
-4.31269707751012 1018.31471811566 680 1573596084896
-0.347884908134591 1018.31471811566 691 1573596084941
END STROKE
14.6967827872097 1015.31236910161 545 1573596088223
14.4483587618321 1011.32859768316 543 1573596088245
14.087672363887 1007.34896884436 569 1573596088290
13.9287688339045 1003.3521263821 569 1573596088290
13.788263784519 999.354786489302 631 1573596088410
13.7309717724673 995.355196807177 631 1573596088410
13.6736797604156 991.355607125053 631 1573596088410
13.6163877483639 987.356017442929 631 1573596088410
13.5590957363122 983.356427760804 631 1573596088410
13.5018037242605 979.35683807868 631 1573596088410
13.4445117122088 975.357248396556 631 1573596088410
13.3872197001571 971.357658714431 631 1573596088410
13.3299276881054 967.358069032307 631 1573596088410
13.2726356760537 963.358479350183 631 1573596088410
13.4710190797398 959.365783160381 627 1573596088440
13.7437441785961 955.375091363154 627 1573596088440
13.8983796860103 951.378522209806 628 1573596088463
14.1553835535979 947.390691356559 627 1573596088493
14.646774707762 943.420989260229 627 1573596088493
14.9868239176056 939.449819420846 629 1573596088508
15.0742224518577 935.529415106501 639 1573596088523
15.1443842555519 931.555740729031 639 1573596088561
15.3803714765941 927.562708043026 639 1573596088561
15.4152921882226 923.563739046153 638 1573596088598
15.4152921882226 919.563739046153 638 1573596088598
15.4806498028559 915.565759692463 643 1573596088628
15.7277477714945 911.573399163416 643 1573596088628
15.9579671105054 907.580421564876 660 1573596088681
16.003054299121 903.58067567977 660 1573596088681
16.0481414877366 899.580929794664 660 1573596088681
16.0932286763521 895.581183909558 660 1573596088681
16.1558996830066 891.582025662128 667 1573596088711
16.3779517151204 887.588193805998 667 1573596088711
16.6000037472343 883.594361949869 667 1573596088711
17.015902485924 879.61836304525 665 1573596088741
17.5262367927466 875.651051752286 665 1573596088741
17.6281300003357 871.668761514733 670 1573596088756
17.2213762551131 867.693974195038 689 1573596088786
17.0676399141233 863.702590157052 695 1573596088853
END STROKE
17.1457278821332 859.703352446031 695 1573596088853
17.223815850143 855.70411473501 695 1573596088853
17.3019038181529 851.704877023989 695 1573596088853
17.3799917861628 847.705639312969 695 1573596088853
17.3600055009949 843.721770117736 687 1573596088876
17.5606193397433 839.730658952341 712 1573596088959
17.5329381317852 835.730754734647 712 1573596088959
17.5052569238272 831.730850516953 712 1573596088959
17.4775757158692 827.730946299259 712 1573596088959
17.4498945079111 823.731042081565 712 1573596088959
17.4222132999531 819.731137863871 712 1573596088959
17.394532091995 815.731233646177 712 1573596088959
17.3470595035158 811.757019956567 712 1573596088981
17.0183950531623 807.783821345657 715 1573596088996
16.8033782826441 803.817145948973 721 1573596089019
17.0760861230981 799.826452972339 721 1573596089019
17.2116170838274 795.831078397909 726 1573596089041
17.2097084325019 791.831097029768 730 1573596089086
17.1316215279407 787.831859297983 730 1573596089086
17.0535346233794 783.832621566197 730 1573596089086
17.2522599944376 779.841221886347 732 1573596089124
17.5565204264867 775.852810474583 732 1573596089124
17.3038781649051 771.903320287792 731 1573596089154
17.5708889153578 767.921200196313 736 1573596089176
17.3051542065052 763.941829751995 739 1573596089199
17.3146544851015 759.950655672203 734 1573596089251
17.4360917165514 755.952499472301 734 1573596089251
17.5575289480013 751.954343272398 734 1573596089251
18.145793785912 748.02463790657 732 1573596089297
18.84049419846 744.085425886787 732 1573596089297
19.1875778951969 740.105849011628 733 1573596089319
19.2816741733062 736.173330452196 731 1573596089349
18.4749810164098 732.3093105878 729 1573596089387
17.8911151865021 728.528726021008 724 1573596089544
END STROKE
-231.055099806649 734.835919195638 177 1573596081991
-227.362095683703 735.519861336649 725 1573596081721
-223.419770846704 735.085900342507 724 1573596081668
-219.571844822602 735.25022127893 726 1573596081548
-215.687120986905 734.593062873382 726 1573596081496
-211.723985840382 734.742853350707 727 1573596081443
-207.819132818268 734.030831684036 716 1573596081428
-203.912872145174 733.935904467833 729 1573596081390
-199.935907604788 733.89327897134 729 1573596081368
-195.942426454608 733.665006543575 731 1573596081353
-192.019295558678 733.269569840865 717 1573596081323
-188.088289899528 732.658271899656 716 1573596081300
-184.157280753803 732.046989207521 716 1573596081278
-180.204675388988 731.570238592334 716 1573596081270
-176.210091472348 731.548898357548 715 1573596081248
-172.223199997472 731.766409473815 718 1573596081233
-168.22419446047 731.677220264676 718 1573596081233
-164.23855056395 731.392015303074 718 1573596081203
-160.252733380063 731.143075249372 719 1573596081188
-156.252733380063 731.143075249372 719 1573596081188
-152.264841315014 731.434826817866 716 1573596081165
-148.290833252452 731.0839558213 709 1573596081143
-144.295712440327 730.886447096107 709 1573596081143
-140.300016779725 730.701162538771 704 1573596081120
-136.303991701178 730.52288306258 704 1573596081120
-132.318678104553 730.53458333164 705 1573596081090
-128.339457866927 730.480950614474 707 1573596081075
-124.342360250417 730.32860021542 707 1573596081075
-120.404771944675 729.634979902277 704 1573596081060
-116.424773303392 729.275487662283 705 1573596081045
-112.434339575787 728.999012228298 705 1573596081045
-108.443905848183 728.722536794312 705 1573596081045
-104.449054641101 728.522375299724 705 1573596081007
-100.453372446627 728.336569485047 705 1573596081007
-96.4587388370679 728.239037853494 707 1573596080977
-92.4632022382996 728.298204013826 703 1573596080970
-88.4641281181303 728.212144840042 703 1573596080970
-84.465053997961 728.126085666258 703 1573596080970
-80.4659798777918 728.040026492474 703 1573596080970
-76.4724131746718 727.823704865361 708 1573596080925
-72.4803450326787 727.571927286791 708 1573596080910
-68.4949232858144 727.258356284377 696 1573596080895
-64.5254326629457 726.812950139971 696 1573596080887
-60.528782128395 726.649290417756 696 1573596080887
-56.5321315938443 726.48563069554 696 1573596080887
-52.5347665552037 726.343506627607 706 1573596080857
-48.5360572905765 726.241898473481 706 1573596080857
-44.5531605247921 726.526774845671 702 1573596080842
-40.568324782824 726.213389039056 701 1573596080827
-36.5689199900461 726.144386839777 701 1573596080827
-32.5695151972682 726.075384640497 701 1573596080827
-28.5697816432314 726.065988827423 701 1573596080805
-24.5698590307878 726.090870436342 701 1573596080805
-20.5699364183442 726.115752045261 701 1573596080805
-16.5700138059006 726.14063365418 701 1573596080805
-12.570091193457 726.165515263099 701 1573596080805
-8.5701685810134 726.190396872018 701 1573596080805
-4.5711051322738 726.199322492846 683 1573596080745
-0.595310587437857 726.011313233835 682 1573596080737
3.39391092767962 726.170492037062 682 1573596080730
7.39293528435232 726.08215068356 682 1573596080730
11.391959641025 725.993809330058 682 1573596080730
15.3909839976977 725.905467976556 682 1573596080730
END STROKE
-230.141368555974 737.550213028272 53 1573596091476
-229.076524569088 737.459764654314 514 1573596091769
-226.436126818329 740.392111614166 505 1573596091814
-224.151772946343 743.673818063744 503 1573596091829
-221.31205335564 746.458260295617 524 1573596091859
-218.315314048304 749.101865274627 526 1573596091874
-215.636237567165 752.059982783268 525 1573596091881
-213.059675918999 755.108054712441 541 1573596091896
-210.575274532976 758.230403515485 559 1573596091904
-208.363022559465 761.521018477323 571 1573596091926
-205.934242791775 764.685935789506 574 1573596091949
-203.283056132332 767.6811334953 574 1573596091949
-201.146190925934 771.060470022729 571 1573596091971
-198.96948852635 774.414470309785 574 1573596091986
-196.640046033358 777.666192572194 574 1573596091986
-194.33678995289 780.93647778184 587 1573596092016
-192.039788129136 784.211196490626 587 1573596092016
-189.744627017395 787.487201148545 597 1573596092054
-187.46003598 790.770590219589 597 1573596092054
-185.175444942606 794.053979290634 597 1573596092054
-182.890853905211 797.337368361679 597 1573596092054
-180.404242233112 800.468681104753 621 1573596092099
-177.880844164729 803.572301923809 621 1573596092099
-175.357446096346 806.675922742866 621 1573596092099
-172.834048027963 809.779543561922 621 1573596092099
-170.301307870981 812.875536120469 630 1573596092114
-167.779170269259 815.980000123644 634 1573596092129
-165.304888007511 819.122917126875 634 1573596092129
-163.028664738895 822.402856587619 640 1573596092144
-160.877956992076 825.755930959257 654 1573596092174
-158.456344818338 828.939607211643 654 1573596092174
-156.003975193922 832.098595513509 668 1573596092197
-153.419597346666 835.151625343467 668 1573596092197
-150.954039202977 838.298052968371 671 1573596092212
-148.62301858891 841.547816613977 674 1573596092249
-146.436515536411 844.897324697474 674 1573596092249
-144.250012483911 848.246832780971 674 1573596092249
-142.063509431412 851.596340864468 674 1573596092249
-139.922175826238 854.974836179384 679 1573596092264
-137.420907984575 858.073155354706 690 1573596092279
-134.789502017649 861.078951092291 696 1573596092317
-132.364976513817 864.260409261318 696 1573596092317
-129.940451009984 867.441867430344 696 1573596092317
-127.515925506152 870.623325599371 696 1573596092317
-125.260586704519 873.926521949608 696 1573596092332
-122.722131191969 876.995418244411 698 1573596092347
-119.997722884318 879.915286551068 702 1573596092362
-117.583517118721 883.104582793401 702 1573596092362
-115.234730270708 886.342241309493 715 1573596092414
-112.893531272245 889.585509298667 715 1573596092414
-110.552332273783 892.82877728784 715 1573596092414
-108.21113327532 896.072045277014 715 1573596092414
-105.869934276858 899.315313266187 715 1573596092414
-103.434265450459 902.487202211875 714 1573596092460
-100.953867563496 905.625294996091 714 1573596092460
-98.4734696765325 908.763387780307 714 1573596092460
-95.9930717895694 911.901480564523 714 1573596092460
-93.4779913428493 915.011200213035 713 1573596092475
-90.8935764426043 918.064198677396 713 1573596092475
-88.8809745852448 921.485105903811 712 1573596092505
-86.5769340006268 924.754876076841 712 1573596092505
-84.2728934160087 928.02464624987 712 1573596092505
-81.8093920633648 931.174122198839 711 1573596092550
-79.298081251023 934.287531584676 711 1573596092550
-76.7867704386813 937.400940970512 711 1573596092550
-74.1683960809477 940.422169228899 710 1573596092572
-71.5244765275585 943.418096530148 698 1573596092587
-69.0608258421149 946.55451365986 709 1573596092595
-66.4133276443502 949.548382660484 709 1573596092617
-64.1615683451898 952.761718063094 709 1573596092640
-61.461001268613 955.674483033042 709 1573596092670
-58.7310021570286 958.593499020064 707 1573596092692
-56.0886080418741 961.590352830791 712 1573596092715
-53.5714898428975 964.69906860011 720 1573596092730
-51.0572585451824 967.810120027134 720 1573596092730
-48.5399367138971 970.918671058936 722 1573596092752
-45.9793240711782 973.986942189453 728 1573596092790
-42.982555525766 976.636353121194 728 1573596092790
-40.0471735798957 979.34979616263 725 1573596092812
-37.2737512175323 982.232178579996 725 1573596092812
-34.0700689842369 984.58434934387 724 1573596092858
-31.1818232982876 987.351665165672 724 1573596092858
-28.3131101177702 990.118287882026 725 1573596092895
-25.4405077094245 992.866020904808 725 1573596092925
-22.3479728138256 995.331860035218 725 1573596092963
-19.7974985657569 998.377540251626 728 1573596092993
-17.1664115140649 1001.34384532948 733 1573596093015
-14.3587577488588 1004.13125282828 733 1573596093038
-11.4853432472391 1006.88600325988 734 1573596093060
-8.5652373640593 1009.59755044816 732 1573596093083
-5.45039466800422 1012.08660251459 732 1573596093098
-2.12085837458178 1014.27756051949 721 1573596093128
0.939874565132671 1016.7983908363 734 1573596093150
END STROKE
===NOTES===
Great Job
