1.00
USERID - 01/01/2000 01:00:00 AM - F - HS - EN - N/A
11/14/2019 12:59:1:932
11/14/2019 13:1:22:611
573.562558452066 368.78023667358 277 1573758077155
575.245812593029 365.60620617241 616 1573758077192
573.530232323815 363.648496386877 841 1573758077252
570.091089083702 364.658678605157 843 1573758077275
566.632974204446 365.68821132089 843 1573758077290
563.579218084055 367.705299727053 843 1573758077290
560.6918868473 369.942572823762 843 1573758077305
557.918157301217 372.330144076372 843 1573758077305
555.339471917207 374.924921320282 843 1573758077312
552.492902103529 377.224949330454 843 1573758077327
549.895656677744 379.754975542265 843 1573758077335
547.245060506458 382.164620099648 844 1573758077365
545.036167612274 385.082644133669 844 1573758077365
542.82727471809 388.000668167691 844 1573758077365
540.800184051144 391.045972330219 844 1573758077388
538.814059065731 394.119956654092 844 1573758077388
537.144614325902 397.369498956016 843 1573758077403
535.748045440248 400.743174777321 843 1573758077410
534.343567316348 404.100083299222 842 1573758077433
533.310062840703 407.610915192082 842 1573758077433
532.321119634142 411.109969958508 842 1573758077463
532.321119634142 414.769761220465 842 1573758077463
532.206144404724 418.419163088653 842 1573758077470
532.48097835224 422.014584809817 841 1573758077523
533.907493066946 425.384915335126 841 1573758077523
535.334007781652 428.755245860435 841 1573758077523
536.760522496358 432.125576385743 841 1573758077523
538.187037211063 435.495906911052 841 1573758077523
539.545640192267 438.892965385275 833 1573758077530
541.160749382159 442.167756395793 841 1573758077545
543.267683329115 445.119695018603 842 1573758077568
545.818492720531 447.744088954308 842 1573758077568
548.369240488784 450.368542783281 841 1573758077583
550.989933661884 452.753475453614 842 1573758077598
554.291353402054 454.332759214282 842 1573758077620
557.528059032308 456.028102008339 842 1573758077628
560.862684169051 457.450627892061 842 1573758077635
564.482774935805 457.920487558509 842 1573758077650
568.096490243914 458.328708263348 843 1573758077673
571.756281505871 458.328708263348 843 1573758077673
575.415332224429 458.284963558728 844 1573758077695
579.073026421238 458.161087638023 844 1573758077695
582.72701847398 457.978091692043 846 1573758077703
586.233589895584 457.090566201242 848 1573758077725
589.608834532623 455.675717897981 848 1573758077725
592.936479831533 454.156327616712 849 1573758077740
596.275307793675 452.66701249447 848 1573758077755
599.544938500662 451.06896831873 848 1573758077763
602.815431542386 449.442094651389 848 1573758077770
605.974293160443 447.612702608425 848 1573758077786
608.929882350899 445.485368467277 848 1573758077801
611.734884377501 443.139335065676 848 1573758077838
614.354584602624 440.58370543453 848 1573758077838
616.974284827747 438.028075803384 848 1573758077838
619.593278988714 435.471746944971 849 1573758077861
622.123298018504 432.827304510355 849 1573758077861
624.232388590647 429.893863219163 849 1573758077876
626.007474058475 426.698377158354 849 1573758077891
627.661189052593 423.442841903388 849 1573758077906
629.028674558021 420.048131978586 849 1573758077906
629.977912018966 416.515370747689 850 1573758077921
631.002240276727 413.004113012265 850 1573758077928
631.767099764876 409.453333935202 850 1573758077958
632.052054041357 405.804652921271 850 1573758077958
632.337008317838 402.155971907341 850 1573758077958
632.74405281893 398.520942701288 849 1573758077966
632.615684175009 394.939548083844 850 1573758077973
632.119692338364 391.318726975229 850 1573758077988
631.661362260566 387.687955804572 850 1573758077996
630.511597610682 384.216799937601 850 1573758078011
629.031125966831 380.874525784371 850 1573758078033
627.459768614022 377.569240902417 850 1573758078033
625.584687086739 374.442248293698 851 1573758078048
623.67725331496 371.355872017766 851 1573758078063
621.192731489965 368.750975143707 851 1573758078071
618.42481822012 366.448622173407 851 1573758078093
615.635252925575 364.079572248105 851 1573758078093
612.763114595872 361.817232576928 852 1573758078123
609.434816685918 360.29522564406 852 1573758078123
606.060682531596 358.918852178229 852 1573758078131
602.672319742163 357.58767902292 852 1573758078146
599.264029650496 356.266151909901 851 1573758078153
596.122583263555 354.396436185397 852 1573758078169
592.688587252744 353.162577605656 852 1573758078184
589.142231042856 352.803340517745 852 1573758078214
585.562300864251 352.640768755222 852 1573758078251
582.161502260159 353.99304126308 852 1573758078251
578.794220574945 355.412456622487 852 1573758078259
575.657009431514 357.292607177308 852 1573758078274
572.469330825669 359.024387183731 852 1573758078289
569.531790210731 361.207258507627 852 1573758078289
567.061590546155 363.901934543955 852 1573758078296
564.259858371453 366.250440497458 852 1573758078311
561.497901255714 368.634631603074 852 1573758078319
559.157480000827 371.434566400084 852 1573758078326
556.672086915326 373.9850942671 846 1573758078356
554.124818086445 376.55051319298 745 1573758078379
559.534869822597 395.465109980789 443 1573758079439
559.609363747624 395.072281215491 588 1573758079454
559.806902636998 394.710886042098 588 1573758079454
559.815376505167 394.301191511217 623 1573758079461
559.955884800097 393.92523907495 700 1573758079491
560.038498709192 393.774155502156 775 1573758079521
559.840901797465 394.135518954435 775 1573758079521
559.550715581013 394.42425029381 776 1573758079529
559.248709659656 394.703837782678 771 1573758079544
559.022793503645 395.048206733978 771 1573758079544
558.796877347633 395.392575685279 771 1573758079544
558.570961191622 395.736944636579 771 1573758079544
558.345045035611 396.081313587879 770 1573758079551
558.1191288796 396.42568253918 770 1573758079551
557.893212723588 396.77005149048 770 1573758079551
557.667296567577 397.114420441781 770 1573758079551
557.571001976293 397.497512629795 765 1573758079566
557.571001976293 397.909371931215 765 1573758079566
557.571001976293 398.321231232636 765 1573758079566
557.541846275251 398.730826687891 764 1573758079574
557.478270481875 399.137749533973 764 1573758079574
557.414694688499 399.544672380055 764 1573758079574
557.351118895122 399.951595226136 764 1573758079574
557.290388270952 400.358738990432 764 1573758079581
557.290388270952 400.770598291853 764 1573758079581
557.290388270952 401.182457593273 764 1573758079581
557.290388270952 401.594316894694 764 1573758079581
557.572982529476 401.881670103347 764 1573758079589
557.863295834483 402.168734082622 765 1573758079596
558.004362441532 402.555681490602 765 1573758079596
558.160789711027 402.932349295567 763 1573758079611
558.464697524172 403.210320742439 763 1573758079611
558.768605337317 403.488292189311 763 1573758079611
559.072513150462 403.766263636183 763 1573758079611
559.404819874881 404.001346676143 762 1573758079619
559.779375270198 404.172625221226 762 1573758079619
560.153930665515 404.343903766309 762 1573758079619
560.543623446953 404.445679952471 763 1573758079634
560.955482748373 404.445679952471 763 1573758079634
561.367342049794 404.445679952471 763 1573758079634
561.779201351215 404.445679952471 763 1573758079634
562.191060652635 404.445679952471 763 1573758079634
562.602919954056 404.445679952471 763 1573758079634
562.998215395466 404.38669847487 762 1573758079641
563.3498599274 404.172282506882 762 1573758079641
563.701504459333 403.957866538895 762 1573758079641
564.053159675069 403.743468093573 762 1573758079649
564.404816324598 403.529071999839 762 1573758079649
564.712302312563 403.263879182853 762 1573758079656
564.973454929896 402.945402504544 762 1573758079656
565.234607547229 402.626925826234 762 1573758079656
565.478890405945 402.297066583769 763 1573758079664
565.676458308405 401.935687270464 763 1573758079664
565.874026210865 401.57430795716 763 1573758079664
566.018984220387 401.194302466606 763 1573758079671
566.092814251805 400.789114595826 763 1573758079671
566.166644283223 400.383926725045 763 1573758079671
566.240474314641 399.978738854265 763 1573758079671
566.305284330132 399.572072170699 762 1573758079686
566.364701122483 399.164521279455 762 1573758079686
566.424117914835 398.756970388212 762 1573758079686
566.483534707186 398.349419496968 762 1573758079686
566.542951499537 397.941868605725 762 1573758079686
566.602368291889 397.534317714481 762 1573758079686
566.66178508424 397.126766823237 762 1573758079686
566.721201876591 396.719215931994 762 1573758079686
566.780618668943 396.31166504075 762 1573758079686
566.809457958209 395.905981931653 764 1573758079694
566.700878689897 395.508692834572 764 1573758079694
566.592299421584 395.111403737491 764 1573758079694
566.413471963144 394.745799763347 785 1573758079709
566.18753572411 394.401443987937 785 1573758079709
565.961599485076 394.057088212528 785 1573758079709
565.735663246042 393.712732437118 785 1573758079709
565.44166565789 393.426320721653 790 1573758079716
565.136482480549 393.15005057466 791 1573758079724
564.784807656322 392.935684294263 791 1573758079724
564.433132832094 392.721318013866 791 1573758079724
564.111708494702 392.466669070418 792 1573758079731
563.807787479481 392.188712058142 792 1573758079731
563.44826815052 392.264402596673 796 1573758079747
563.073718933458 392.435694651843 796 1573758079747
562.699169716395 392.606986707013 796 1573758079747
562.380493841279 392.862664813834 790 1573758079762
562.07655962478 393.140607391012 790 1573758079762
561.772625408281 393.418549968189 790 1573758079762
561.484795167377 393.707269739057 786 1573758079769
561.343760221415 394.094228688022 786 1573758079769
561.202725275454 394.481187636988 786 1573758079769
561.061690329492 394.868146585953 786 1573758079769
560.908438395923 395.248593662401 771 1573758079777
560.665821525464 395.581407631963 771 1573758079777
560.423204655006 395.914221601525 771 1573758079777
560.30545233779 396.303186381031 783 1573758079792
560.217469661557 396.705538382206 783 1573758079792
560.129486985324 397.107890383381 783 1573758079792
560.04150430909 397.510242384556 783 1573758079792
559.953521632857 397.912594385731 783 1573758079792
559.865538956623 398.314946386906 783 1573758079792
559.77755628039 398.717298388081 783 1573758079792
559.689573604156 399.119650389256 783 1573758079792
559.601590927923 399.522002390431 783 1573758079792
559.534869822597 399.92665189092 781 1573758079807
559.534869822597 400.338511192341 781 1573758079807
559.648156138734 400.493242012755 782 1573758079822
559.952077153955 400.215285000478 782 1573758079822
560.095990210508 399.8668312773 779 1573758079837
560.169237629834 399.481165627156 776 1573758079852
560.430405139354 399.162701161103 776 1573758079852
560.691572648873 398.844236695051 776 1573758079852
560.945050078192 398.521552064697 774 1573758079874
561.073412233242 398.130206640145 774 1573758079874
561.201774388293 397.738861215593 774 1573758079874
561.330136543343 397.347515791042 774 1573758079874
561.458498698394 396.95617036649 774 1573758079874
561.586860853444 396.564824941938 774 1573758079874
561.715223008495 396.173479517387 774 1573758079874
561.833681178114 395.779158160965 775 1573758079882
561.942284538201 395.381875648961 775 1573758079882
562.050887898288 394.984593136957 775 1573758079882
562.159491258375 394.587310624952 775 1573758079882
562.268094618462 394.190028112948 775 1573758079882
562.274278131137 393.804751705135 775 1573758079889
562.076739241764 393.443356531742 775 1573758079889
561.683195232721 393.412472593991 775 1573758079912
561.2713359313 393.412472593991 775 1573758079912
561.021396035578 393.712349289164 766 1573758079927
560.795479879566 394.056718240464 766 1573758079927
560.569563723555 394.401087191764 766 1573758079927
560.347769543704 394.747929533764 740 1573758079934
560.150201641243 395.109308847068 740 1573758079934
559.952633738783 395.470688160372 740 1573758079934
559.730696575773 395.814683322921 690 1573758079942
559.453298955228 396.119114997164 690 1573758079942
559.175901334683 396.423546671407 690 1573758079942
558.898503714138 396.72797834565 690 1573758079942
558.621106093592 397.032410019893 690 1573758079942
558.349646060594 397.341852953556 608 1573758079949
558.096146567532 397.666454387909 608 1573758079949
557.84264707447 397.991055822262 608 1573758079949
557.589147581409 398.315657256616 608 1573758079949
557.335648088347 398.640258690969 608 1573758079949
557.082148595286 398.964860125322 608 1573758079949
556.868625482646 399.315749221931 460 1573758079957
556.671043073692 399.677120604083 460 1573758079957
556.473460664737 400.038491986235 460 1573758079957
556.12103919344 400.23355737564 160 1573758079964
595.16521178418 388.793916123938 412 1573758080443
595.287185489968 388.425721795894 588 1573758080465
595.44571846675 388.487829770694 680 1573758080488
595.44571846675 388.909763582362 729 1573758080503
595.433920861069 389.328683527315 743 1573758080510
595.231549963391 389.698918805485 743 1573758080510
594.90727032558 389.938214006958 749 1573758080518
594.561597998036 390.154538269583 751 1573758080526
594.359167658716 390.524741050705 751 1573758080526
594.067016683762 390.824562059803 752 1573758080548
593.755661441922 391.109318191971 752 1573758080548
593.444306200082 391.394074324138 752 1573758080548
593.132950958241 391.678830456306 752 1573758080548
592.920730232535 392.007263524185 749 1573758080571
592.920730232535 392.429197335853 749 1573758080571
592.920730232535 392.851131147521 749 1573758080571
592.920730232535 393.273064959188 749 1573758080571
592.920730232535 393.694998770856 749 1573758080571
592.920730232535 394.116932582524 749 1573758080571
592.920730232535 394.538866394191 749 1573758080571
592.920730232535 394.960800205859 749 1573758080571
592.920730232535 395.382734017527 749 1573758080571
593.010264418149 395.792651065265 748 1573758080586
593.121519393961 396.199652873352 748 1573758080586
593.232774369773 396.606654681438 748 1573758080586
593.344029345585 397.013656489524 748 1573758080586
593.455284321397 397.42065829761 748 1573758080586
593.577626223032 397.824414085253 747 1573758080601
593.703446022756 398.227151616936 747 1573758080601
593.829265822479 398.629889148618 747 1573758080601
593.955085622202 399.032626680301 747 1573758080601
594.103985422175 399.425564848693 748 1573758080608
594.306356319853 399.795800126862 748 1573758080608
594.674742692726 399.987721044379 747 1573758080616
595.075783533845 400.083666450842 747 1573758080631
595.497717345513 400.083666450842 747 1573758080631
595.919651157181 400.083666450842 747 1573758080631
596.311275584174 399.944478668739 746 1573758080638
596.695001463364 399.769028986883 745 1573758080646
597.07871887628 399.593560789043 745 1573758080646
597.462436289196 399.418092591203 745 1573758080646
597.828595902427 399.212677635241 747 1573758080653
598.169113095179 398.963526711365 747 1573758080653
598.509630287931 398.714375787489 747 1573758080653
598.850147480684 398.465224863612 747 1573758080653
599.169722823809 398.193944184715 749 1573758080661
599.437263507917 397.867677233008 749 1573758080661
599.704804192024 397.541410281302 749 1573758080661
599.961086084908 397.207862499646 749 1573758080676
600.148876743087 396.830022837714 749 1573758080676
600.336667401266 396.452183175782 749 1573758080676
600.524458059444 396.074343513849 749 1573758080676
600.712248717623 395.696503851917 749 1573758080676
600.900039375802 395.318664189984 749 1573758080676
601.08783003398 394.940824528052 749 1573758080676
601.275620692159 394.562984866119 749 1573758080676
601.397844679094 394.162079150567 749 1573758080691
601.487983879261 393.749886154482 749 1573758080691
601.578123079428 393.337693158397 749 1573758080691
601.668262279595 392.925500162312 749 1573758080691
601.758401479762 392.513307166227 749 1573758080691
601.848540679929 392.101114170142 749 1573758080691
601.898442393573 391.684572944485 757 1573758080721
601.898442393573 391.262639132817 757 1573758080721
601.898442393573 390.84070532115 757 1573758080721
601.898442393573 390.418771509482 757 1573758080721
601.898442393573 389.996837697814 757 1573758080721
601.898442393573 389.574903886147 757 1573758080721
601.898442393573 389.152970074479 757 1573758080721
601.579019564023 389.050459092361 821 1573758080781
601.157085752356 389.050459092361 821 1573758080781
600.735151940688 389.050459092361 821 1573758080781
600.31321812902 389.050459092361 821 1573758080781
599.893166683842 389.063085764632 821 1573758080788
599.489579600048 389.186153255153 821 1573758080788
599.085676349624 389.307099940589 820 1573758080796
598.663742537957 389.307099940589 820 1573758080796
598.242660547408 389.311011023827 822 1573758080811
597.858943134491 389.486479221667 822 1573758080811
597.475225721575 389.661947419506 822 1573758080811
597.091508308658 389.837415617346 822 1573758080811
596.707790895742 390.012883815186 822 1573758080811
596.311444580371 390.155046810067 820 1573758080818
595.907857496577 390.278114300588 820 1573758080818
595.515196142777 390.42999848752 812 1573758080826
595.131466073178 390.60543900483 812 1573758080826
594.747736003579 390.780879522139 812 1573758080826
594.391042604641 391.002437866635 819 1573758080833
594.050525411889 391.251588790512 819 1573758080833
593.710008219137 391.500739714388 819 1573758080833
593.369491026384 391.749890638264 819 1573758080833
593.075537378338 392.045520455383 819 1573758080841
592.827006482152 392.386490446833 819 1573758080841
592.604317971524 392.74123524451 819 1573758080848
592.459800727393 393.137647791709 819 1573758080848
592.283379337908 393.517054217002 818 1573758080863
592.034845002793 393.858021701811 818 1573758080863
591.786310667677 394.198989186621 818 1573758080863
591.537776332562 394.53995667143 818 1573758080863
591.289241997446 394.880924156239 818 1573758080863
591.040707662331 395.221891641048 818 1573758080863
590.792173327215 395.562859125857 818 1573758080863
590.580743073466 395.925769310381 816 1573758080878
590.401692363164 396.307828186169 816 1573758080878
590.222641652861 396.689887061957 816 1573758080878
590.043590942559 397.071945937746 816 1573758080878
589.864540232256 397.454004813534 816 1573758080878
589.834621610408 397.869275690853 814 1573758080901
590.026626215098 398.206608369043 812 1573758080924
590.337999488157 398.491344784439 812 1573758080924
590.649372761216 398.776081199836 812 1573758080924
590.861189571809 399.138907329267 814 1573758080931
591.063560469488 399.509142607436 814 1573758080931
591.294333155062 399.844484945974 812 1573758080939
591.697937694323 399.967495178541 812 1573758080939
592.102561280236 400.083666450842 812 1573758080946
592.524495091904 400.083666450842 812 1573758080946
592.938725129098 400.015413056551 811 1573758080961
593.350043571408 399.921363705443 811 1573758080961
593.761362013719 399.827314354335 811 1573758080961
594.172680456029 399.733265003227 811 1573758080961
594.583998898339 399.639215652119 811 1573758080961
594.998174800316 399.570482634191 811 1573758080976
595.420108611984 399.570482634191 811 1573758080976
595.827773773992 399.514818788474 810 1573758080991
596.19767740115 399.311842316825 810 1573758080991
596.567581028309 399.108865845175 810 1573758080991
596.937484655467 398.905889373525 810 1573758080991
597.302732972636 398.694870370826 811 1573758080999
597.662979098435 398.475209563499 811 1573758080999
598.023225224233 398.255548756171 811 1573758080999
598.383471350031 398.035887948844 811 1573758080999
598.743717475829 397.816227141516 811 1573758080999
599.064384993656 397.543869754908 810 1573758081006
599.375418664789 397.258808943346 809 1573758081021
599.642977147733 396.932556587595 809 1573758081021
599.910535630678 396.606304231845 809 1573758081021
600.178094113622 396.280051876094 809 1573758081021
600.445652596567 395.953799520344 809 1573758081021
600.713211079512 395.627547164593 809 1573758081021
600.980769562456 395.301294808843 809 1573758081021
601.056815323091 394.906555683787 809 1573758081029
601.236762860345 394.58565981917 810 1573758081036
601.597008986143 394.365999011843 810 1573758081036
601.857864604419 394.126536081378 810 1573758081044
601.609313070985 393.785581133246 810 1573758081044
601.36076153755 393.444626185114 810 1573758081044
601.52066224995 393.077181606705 811 1573758081051
601.542879909197 392.693357446049 812 1573758081066
601.398395100616 392.29693307556 812 1573758081066
601.253910292036 391.90050870507 812 1573758081066
601.109425483455 391.504084334581 812 1573758081066
600.928094411902 391.124333684481 813 1573758081081
600.675444485469 390.877277802767 814 1573758081104
600.271857401675 391.000345293288 814 1573758081104
599.905836086297 391.166274755276 805 1573758081141
599.730908004586 391.550238695845 805 1573758081141
599.555979922874 391.934202636414 805 1573758081141
599.381051841162 392.318166576982 805 1573758081141
599.20612375945 392.702130517551 805 1573758081141
599.031195677739 393.08609445812 805 1573758081141
598.856267596027 393.470058398688 805 1573758081141
598.681339514315 393.854022339257 805 1573758081141
598.495714531772 394.231737415963 804 1573758081149
598.247162998337 394.572692364095 804 1573758081149
597.998611464902 394.913647312226 804 1573758081149
597.650905238536 395.146925755782 804 1573758081156
597.290659112738 395.366586563109 804 1573758081156
596.957375075135 395.622145798678 802 1573758081164
596.646019833295 395.906901930846 802 1573758081164
596.251809429883 395.97829379744 769 1573758081171
595.845909264712 396.051898512862 716 1573758081179
595.46220450964 396.227394388492 716 1573758081179
595.041913226136 396.234934645668 634 1573758081186
594.619979414468 396.234934645668 480 1573758081194
594.198045602801 396.234934645668 243 1573758081201
593.776111791133 396.234934645668 243 1573758081201
584.223524754067 424.716000251057 383 1573758081920
584.439346224392 424.321307890175 511 1573758081928
584.504138459408 423.888020040044 597 1573758081943
584.318581421825 423.519927736585 687 1573758081958
584.223524754067 423.111962551419 782 1573758081980
584.099929213682 423.145924602057 833 1573758082003
583.901013107505 423.548270510953 836 1573758082025
583.747004948907 423.970931668238 836 1573758082025
583.512669697442 424.339839710974 833 1573758082033
583.180698522384 424.643411952331 833 1573758082033
582.848727347326 424.946984193687 833 1573758082033
582.578094564183 425.305447535075 831 1573758082040
582.313100899806 425.668957266213 831 1573758082040
582.164970059374 426.088682993969 825 1573758082063
582.04636238371 426.522610621651 825 1573758082063
581.927754708046 426.956538249332 825 1573758082063
581.809147032383 427.390465877014 825 1573758082063
581.690539356719 427.824393504696 825 1573758082063
581.571931681055 428.258321132378 825 1573758082063
581.453324005392 428.69224876006 825 1573758082063
581.339296856023 429.127391566675 822 1573758082078
581.227210158688 429.563049160517 822 1573758082078
581.115123461352 429.998706754359 822 1573758082078
581.003036764017 430.434364348201 822 1573758082078
580.890950066682 430.870021942043 822 1573758082078
580.778863369346 431.305679535885 822 1573758082078
580.666776672011 431.741337129728 822 1573758082078
580.554689974675 432.17699472357 822 1573758082078
580.44260327734 432.612652317412 822 1573758082078
580.330516580004 433.048309911254 822 1573758082078
580.402129021582 433.474980322061 821 1573758082086
580.556206341319 433.897616272182 821 1573758082086
580.5764027668 434.343895142773 819 1573758082093
580.81810362668 434.687251459083 815 1573758082108
581.154506498172 434.979382944659 802 1573758082131
581.604351990305 434.979382944659 802 1573758082131
582.054197482437 434.979382944659 802 1573758082131
582.504042974569 434.979382944659 802 1573758082131
582.948103216927 434.940566793001 801 1573758082138
583.378397618703 434.809388690438 801 1573758082138
583.808692020479 434.678210587875 801 1573758082138
584.238986422255 434.547032485312 801 1573758082138
584.676784322285 434.466199128009 801 1573758082146
585.126629814418 434.466199128009 801 1573758082146
585.57647530655 434.466199128009 801 1573758082146
586.026320798682 434.466199128009 801 1573758082146
586.46890576947 434.401863866802 800 1573758082153
586.907436783127 434.301606613437 800 1573758082153
587.343528260146 434.194153583034 799 1573758082161
587.752615774836 434.007048339611 799 1573758082161
588.059221458966 433.69448142811 798 1573758082168
588.324215123343 433.330971696972 798 1573758082168
588.647423610642 433.025574472777 798 1573758082176
589.010466628095 432.759941767203 798 1573758082176
589.373509645548 432.494309061629 798 1573758082176
589.736552663001 432.228676356055 798 1573758082176
589.992131584039 431.868840607015 798 1573758082183
590.207937213987 431.474139584879 798 1573758082183
590.395741998319 431.072283551119 799 1573758082213
590.395741998319 430.622438058987 799 1573758082213
590.395741998319 430.172592566854 799 1573758082213
590.395741998319 429.722747074722 799 1573758082213
590.395741998319 429.272901582589 799 1573758082213
590.395741998319 428.823056090457 799 1573758082213
590.395741998319 428.373210598324 799 1573758082213
590.395741998319 427.923365106192 799 1573758082213
590.395741998319 427.473519614059 799 1573758082213
590.395741998319 427.023674121927 799 1573758082213
590.395741998319 426.573828629795 799 1573758082213
590.293405238654 426.137718189516 801 1573758082228
590.174790546107 425.703792479857 801 1573758082228
590.056175853559 425.269866770197 801 1573758082228
589.937561161012 424.835941060537 801 1573758082228
589.806105654561 424.407197245748 803 1573758082243
589.59032379129 424.01248322994 803 1573758082243
589.37454192802 423.617769214131 803 1573758082243
589.15876006475 423.223055198323 803 1573758082243
588.94297820148 422.828341182514 803 1573758082243
588.72719633821 422.433627166706 803 1573758082243
588.31152823081 422.284471272611 803 1573758082251
587.881238481503 422.153277909848 803 1573758082251
587.546890368279 421.853885454506 807 1573758082258
587.186883227664 421.599480912705 811 1573758082266
586.756584173268 421.468318072778 811 1573758082266
586.324660720463 421.417812419774 815 1573758082281
585.889429608166 421.531543882792 815 1573758082281
585.454198495868 421.64527534581 815 1573758082281
585.018967383571 421.759006808828 815 1573758082281
584.583736271273 421.872738271846 815 1573758082281
584.145807067091 421.975452349217 815 1573758082288
583.707273976236 422.075700516369 815 1573758082288
583.284719562121 422.213563465004 817 1573758082303
582.908110974342 422.459585696526 817 1573758082303
582.531502386563 422.705607928048 817 1573758082303
582.154893798784 422.95163015957 817 1573758082303
581.778285211005 423.197652391092 817 1573758082303
581.403615717456 423.446174489644 820 1573758082311
581.071663766414 423.749767752071 820 1573758082311
580.80252220736 424.095393645962 821 1573758082326
580.64847514616 424.518040625991 821 1573758082326
580.49442808496 424.940687606019 821 1573758082326
580.34038102376 425.363334586048 821 1573758082326
580.18633396256 425.785981566077 821 1573758082326
580.03228690136 426.208628546106 821 1573758082326
579.87823984016 426.631275526135 821 1573758082326
579.734668673548 427.055772127595 818 1573758082348
579.734668673548 427.505617619727 818 1573758082348
579.734668673548 427.95546311186 818 1573758082348
579.876430045623 428.37566258486 819 1573758082356
580.056695334225 428.787809879546 819 1573758082356
580.236960622828 429.199957174232 819 1573758082356
580.316454559636 429.636794648395 818 1573758082371
580.34713117875 430.085592945887 818 1573758082371
580.377807797864 430.534391243379 818 1573758082371
580.408484416978 430.983189540871 818 1573758082371
580.439161036093 431.431987838363 818 1573758082371
580.469837655207 431.880786135854 818 1573758082371
580.500514274321 432.329584433346 818 1573758082371
580.531190893435 432.778382730838 818 1573758082371
580.561867512549 433.22718102833 818 1573758082371
580.5764027668 433.676530336698 817 1573758082378
580.5764027668 434.126375828831 817 1573758082378
580.846900132299 434.457044907903 818 1573758082386
581.188459032861 434.746127744176 816 1573758082393
581.597573536679 434.933173967225 816 1573758082393
582.01673793038 434.863010684644 809 1573758082416
582.439199712727 434.708456457112 809 1573758082416
582.861661495074 434.55390222958 809 1573758082416
583.261846573822 434.356134751219 808 1573758082423
583.632806475426 434.101675091953 808 1573758082423
584.00376637703 433.847215432687 808 1573758082423
584.324108913729 433.543169196691 808 1573758082438
584.570883475547 433.167053147537 808 1573758082438
584.817658037365 432.790937098383 808 1573758082438
585.064432599183 432.414821049228 808 1573758082438
585.29802027903 432.030377366155 810 1573758082453
585.531563658363 431.645905706911 810 1573758082453
585.765107037696 431.261434047668 810 1573758082453
585.998650417029 430.876962388424 810 1573758082453
586.232193796362 430.49249072918 810 1573758082453
586.465737175695 430.108019069936 810 1573758082453
586.620518106175 429.685728965501 809 1573758082461
586.722496791677 429.263068872307 810 1573758082476
586.568471344933 428.840414014833 810 1573758082476
586.414445898188 428.417759157358 810 1573758082476
586.260420451443 427.995104299883 810 1573758082476
586.187499623141 427.558131768961 810 1573758082484
586.187499623141 427.108286276828 810 1573758082484
586.061908107584 426.68061585481 811 1573758082499
585.907856723473 426.257970450428 811 1573758082499
585.753805339362 425.835325046045 811 1573758082499
585.58908347519 425.417507877125 810 1573758082506
585.373293689685 425.022798192339 810 1573758082506
585.15750390418 424.628088507553 810 1573758082506
584.807711720484 424.45935940283 811 1573758082521
584.396200615567 424.558076105798 808 1573758082544
584.064248664525 424.861669368226 808 1573758082544
583.732296713483 425.165262630653 808 1573758082544
583.359167319674 425.414027333171 806 1573758082551
582.975077029559 425.648197390675 806 1573758082551
582.681054776199 425.972288723345 804 1573758082566
582.447511396866 426.356760382589 804 1573758082566
582.213968017533 426.741232041833 804 1573758082566
581.9804246382 427.125703701076 804 1573758082566
581.746881258867 427.51017536032 804 1573758082566
581.513337879534 427.894647019564 804 1573758082566
581.290306680404 428.285180661185 725 1573758082589
581.074523232364 428.679893810629 725 1573758082589
580.858739784324 429.074606960073 725 1573758082589
580.642956336284 429.469320109517 725 1573758082589
580.427172888244 429.864033258961 725 1573758082589
580.211389440204 430.258746408405 725 1573758082589
579.974262857002 430.617467322835 640 1573758082596
579.579532589393 430.759377182232 475 1573758082604
579.24760948003 431.063001977436 475 1573758082604
579.005932279954 431.437410748965 195 1573758082611
578.790126650006 431.8321117711 195 1573758082611
END STROKE
===NOTES===
Great Job
