1.00
USERID - 01/01/2000 01:00:00 AM - F - HS - EN - N/A
11/14/2019 12:59:1:932
11/14/2019 13:0:30:520
1033.33604230473 572.356517470711 763 1573758036874
1033.74217572515 572.640262041533 760 1573758036904
1033.95129499032 573.103795702368 693 1573758037002
END STROKE
689.751668097196 181.351387046272 802 1573758032348
692.673412297527 183.981339761006 800 1573758032356
695.860356484447 186.380135194169 798 1573758032378
698.517001553203 189.370492527106 798 1573758032378
701.509035710235 192.007768546439 802 1573758032401
704.203111574345 194.964448312396 802 1573758032401
706.72510208955 198.05933838593 804 1573758032416
709.030838034 201.3279132672 804 1573758032416
711.33418783206 204.598042089768 811 1573758032431
713.391169080964 208.028614657381 811 1573758032431
715.448150329867 211.459187224994 811 1573758032431
717.945368545689 214.562292485995 820 1573758032438
720.488772973865 217.646139776232 835 1573758032453
722.950880550375 220.798603302062 835 1573758032453
725.412988126886 223.951066827892 835 1573758032453
727.828180310402 227.139479929808 833 1573758032461
730.219963502542 230.345594786087 832 1573758032476
732.600769803214 233.559900521185 832 1573758032476
734.981094480459 236.774561671282 833 1573758032506
737.350502469206 239.997278814138 833 1573758032506
739.719910457953 243.219995956995 833 1573758032506
742.089318446701 246.442713099851 833 1573758032506
744.458726435448 249.665430242708 833 1573758032506
746.881337962592 252.847388949995 832 1573758032544
749.376107731957 255.974068306414 832 1573758032544
751.870877501322 259.100747662834 832 1573758032544
754.365647270688 262.227427019253 832 1573758032544
756.860417040053 265.354106375673 832 1573758032544
759.355186809419 268.480785732093 832 1573758032544
761.791801633792 271.651449526912 831 1573758032559
764.121228672948 274.903182859959 831 1573758032559
766.453992989607 278.152484127955 831 1573758032589
768.836058552436 281.3658567572 831 1573758032589
771.218124115264 284.579229386446 831 1573758032589
773.600189678093 287.792602015692 831 1573758032589
END STROKE
775.982255240922 291.005974644938 831 1573758032589
778.371871919525 294.213710430531 829 1573758032604
780.775372394241 297.411082080502 829 1573758032604
783.178872868956 300.608453730474 829 1573758032604
785.756146146838 303.665236825624 829 1573758032626
788.381206858221 306.683358138885 829 1573758032626
791.006267569603 309.701479452145 829 1573758032626
793.645587232025 312.705693392564 829 1573758032634
796.597245258492 315.405270191767 829 1573758032634
799.13487303826 318.485103340685 828 1573758032649
801.57414342544 321.655270525271 828 1573758032649
803.860788168253 324.933990295074 829 1573758032656
806.108360594175 328.242124107155 831 1573758032679
808.415677505659 331.509583161218 831 1573758032679
810.722994417143 334.777042215282 831 1573758032679
813.030311328626 338.044501269345 831 1573758032679
815.439428997897 341.236578957255 832 1573758032709
817.891638460006 344.396748059367 832 1573758032709
820.343847922115 347.556917161479 832 1573758032709
822.796057384224 350.717086263591 832 1573758032709
825.248266846333 353.877255365703 832 1573758032709
827.667927774136 357.062284332969 832 1573758032716
830.329990329883 360.013471990628 832 1573758032724
833.041161940874 362.889123229684 832 1573758032739
835.160679778853 366.281415100159 832 1573758032739
837.280197616831 369.673706970634 832 1573758032739
839.787444316825 372.776750371385 832 1573758032769
842.435261349349 375.774927311174 832 1573758032769
845.083078381872 378.773104250962 832 1573758032769
847.730895414396 381.77128119075 832 1573758032769
850.361164808433 384.784638743456 835 1573758032791
852.94713330846 387.83632138044 835 1573758032791
855.533101808487 390.888004017423 835 1573758032791
858.119070308514 393.939686654407 835 1573758032791
860.825179148527 396.884979808919 837 1573758032821
863.541659579473 399.821088469763 837 1573758032821
866.258140010419 402.757197130608 837 1573758032821
868.974620441365 405.693305791453 837 1573758032821
871.56699935342 408.732456729047 836 1573758032836
873.953647412615 411.94242729613 836 1573758032836
876.396902866352 415.108183069872 836 1573758032844
879.092146084586 418.050695660585 839 1573758032851
882.03201463185 420.762153496298 839 1573758032866
884.755131694498 423.692108011834 839 1573758032866
887.338228756268 426.733942136218 839 1573758032874
889.940094306509 429.75666766912 840 1573758032881
892.571843869422 432.754882261635 839 1573758032904
894.820378092503 436.06306814632 839 1573758032904
897.068912315584 439.371254031005 839 1573758032904
899.501214448087 442.533064678477 841 1573758032942
902.222703025621 445.46453187467 841 1573758032942
904.944191603154 448.395999070862 841 1573758032942
907.665680180688 451.327466267055 841 1573758032942
910.387168758222 454.258933463248 841 1573758032942
912.96975697256 457.299664521389 843 1573758032957
915.819605826837 460.106506431397 843 1573758032957
918.039967453371 463.433009474682 842 1573758032972
920.341244054369 466.698603010439 842 1573758032987
922.941907835931 469.737771958568 842 1573758032987
925.474225507199 472.830957440335 842 1573758032994
928.134887667656 475.811319075834 841 1573758033009
930.870208465369 478.729883814468 841 1573758033009
933.649022823198 481.586797392298 842 1573758033032
936.039798269682 484.793695077677 842 1573758033032
938.552699115127 487.902337920205 842 1573758033054
941.173312024155 490.924322033505 842 1573758033054
943.737402044894 493.98422314677 843 1573758033062
945.762932360087 497.344827179363 843 1573758033069
949.097598544234 499.523433511925 843 1573758033084
952.049296021236 502.222967176145 843 1573758033084
954.96752983447 504.952443703386 842 1573758033099
957.439172703832 508.090625579028 843 1573758033114
960.133248567943 511.047305344984 843 1573758033114
962.78014330783 514.046108100815 843 1573758033129
965.043163066926 517.2964326414 843 1573758033144
967.838680988119 520.088814026674 843 1573758033167
970.239125817344 523.220753602357 844 1573758033174
972.812529662243 526.251581505164 844 1573758033197
975.378336307529 529.320235323862 844 1573758033197
977.937454155326 532.389393446829 844 1573758033212
980.894907229253 535.066550399918 844 1573758033219
983.29832217076 538.166754110698 844 1573758033257
985.852765516445 541.236112707054 844 1573758033272
988.109156517781 544.400777708863 843 1573758033325
991.058404878718 547.022870259749 843 1573758033340
993.613453434053 550.084963416605 843 1573758033355
996.548975644851 552.792812973805 843 1573758033362
999.925401262888 554.897329575108 843 1573758033392
1002.58644848002 557.834261545375 843 1573758033415
1005.39829300836 560.13771046973 843 1573758033475
END STROKE
671.129365629378 830.391999037388 827 1573758017550
671.254320553936 834.342306883449 827 1573758017543
671.534430310836 838.308501103313 809 1573758017520
END STROKE
1033.33604230473 572.356517470711 763 1573758036874
1033.74217572515 572.640262041533 760 1573758036904
1033.95129499032 573.103795702368 693 1573758037002
END STROKE
673.579459001209 832.035233141005 852 1573758069843
676.644781221214 834.605019063517 852 1573758069843
679.104721458092 837.470874736373 850 1573758069910
END STROKE
994.358867045847 597.654933390383 627 1573758035364
995.590495252209 597.398390421968 722 1573758035424
996.856207040526 597.298401925218 726 1573758035431
998.055214554763 596.85800291616 733 1573758035446
998.786117694376 595.804752588213 735 1573758035454
999.818841739105 595.120595536639 739 1573758035461
1001.03670859554 594.702937953597 739 1573758035461
1002.17203577291 594.109483844724 743 1573758035469
1003.1325110077 593.254427294219 747 1573758035484
1004.1827804608 592.536842761475 757 1573758035491
1005.3500924575 591.996021725475 755 1573758035499
1006.30019223191 591.127144314478 755 1573758035499
1007.3086257947 590.349802842788 756 1573758035514
1008.49748007627 589.855573104846 756 1573758035514
1009.68633435784 589.361343366905 756 1573758035514
1010.90286112345 588.944124853713 754 1573758035521
1011.91600131316 588.154661482288 778 1573758035536
1012.92123426475 587.350208718154 778 1573758035536
1014.09220388179 586.859948934516 779 1573758035544
1015.26168479016 586.355565458074 781 1573758035551
1016.28897974673 585.583930506436 778 1573758035566
1017.30210649063 584.798976331067 778 1573758035574
1018.47354564321 584.27845620576 777 1573758035581
1019.40295386727 583.505710293765 777 1573758035604
1020.35302612994 582.636802800195 777 1573758035619
1021.30309839261 581.767895306625 777 1573758035619
END STROKE
964.027017848329 616.762679635666 840 1573758030520
967.289694847501 614.448605566179 840 1573758030520
970.578905657823 612.174835145602 840 1573758030528
974.003152662954 610.107375095978 840 1573758030550
977.431613987036 608.04687686757 840 1573758030550
980.860075311118 605.986378639162 840 1573758030550
984.289528987704 603.92753268873 840 1573758030573
987.719205065456 601.869057038718 840 1573758030573
991.114969282707 599.758755956472 840 1573758030588
END STROKE
679.629090048727 836.637188356813 785 1573758029920
682.865566631631 834.286609847528 785 1573758029920
686.102043214535 831.936031338243 785 1573758029920
689.40107878626 829.675431953594 785 1573758029927
692.344138509058 826.990839497231 785 1573758029935
695.52451377744 824.578154460036 817 1573758029950
698.777188824842 822.250042556366 817 1573758029950
701.605664006255 819.434272225249 817 1573758029965
704.361875917749 816.535428335189 817 1573758029965
707.426503410966 813.973829170618 832 1573758030002
710.559455067883 811.486940770344 832 1573758030002
713.6924067248 809.000052370069 832 1573758030002
716.825358381717 806.513163969794 832 1573758030002
719.955075012477 804.022273521725 830 1573758030017
723.043429721483 801.480214279425 830 1573758030017
726.096843521943 798.897891530438 830 1573758030032
729.048540998943 796.198357866215 830 1573758030032
732.018942282607 793.520181818503 832 1573758030062
735.084240371494 790.950367111901 832 1573758030062
738.14953846038 788.380552405299 832 1573758030062
741.214836549267 785.810737698697 832 1573758030062
744.280134638153 783.240922992094 832 1573758030062
747.34543272704 780.671108285492 832 1573758030062
750.567758419383 778.308086939937 832 1573758030070
END STROKE
753.816510572325 775.977839888683 833 1573758030085
756.955473575363 773.498543362335 833 1573758030085
760.085407798971 771.007937856829 838 1573758030107
763.198269722166 768.495948476453 838 1573758030107
766.311131645362 765.983959096077 838 1573758030107
769.323557751168 763.363029083926 838 1573758030122
772.079742052016 760.464158941999 838 1573758030122
774.930877731378 757.669515598248 840 1573758030160
778.073348975324 755.194667222899 840 1573758030160
781.215820219271 752.719818847549 840 1573758030160
784.358291463217 750.2449704722 840 1573758030160
787.500762707164 747.770122096851 840 1573758030160
790.64323395111 745.295273721501 840 1573758030160
793.785705195057 742.820425346152 840 1573758030160
796.940887535257 740.361822167612 839 1573758030183
800.098902325335 737.906838952671 839 1573758030183
803.256917115414 735.451855737729 839 1573758030183
806.40770602481 732.9876827204 838 1573758030198
809.538372189557 730.497917798785 838 1573758030198
812.73533641687 728.10517161865 838 1573758030205
816.053092677224 725.899302386359 839 1573758030220
819.061208690526 723.262782321857 839 1573758030220
822.084818806095 720.645551458462 841 1573758030250
825.307995674316 718.27676888588 841 1573758030250
828.531172542536 715.907986313297 841 1573758030250
831.754349410756 713.539203740715 841 1573758030250
834.977526278976 711.170421168132 841 1573758030250
838.188888741176 708.78597398407 841 1573758030265
841.352290110148 706.33793563086 841 1573758030265
844.51569147912 703.889897277651 841 1573758030265
847.63576539865 701.386989841138 841 1573758030288
850.750581920653 698.87742453331 841 1573758030288
853.865398442656 696.367859225481 841 1573758030288
856.983322176645 693.862196083439 842 1573758030333
860.126697324634 691.388495883535 842 1573758030333
863.270072472624 688.914795683631 842 1573758030333
866.413447620613 686.441095483728 842 1573758030333
869.556822768602 683.967395283824 842 1573758030333
872.700197916591 681.49369508392 842 1573758030333
875.84357306458 679.019994884017 842 1573758030333
878.98694821257 676.546294684113 842 1573758030333
882.149245502327 674.097086245482 840 1573758030378
885.336311724051 671.679937326126 840 1573758030378
888.523377945776 669.262788406771 840 1573758030378
891.7104441675 666.845639487415 840 1573758030378
894.897510389224 664.428490568059 840 1573758030378
898.084576610949 662.011341648703 840 1573758030378
901.271642832673 659.594192729347 840 1573758030378
904.469318765943 657.191338237951 841 1573758030393
907.705795348847 654.840759728665 841 1573758030393
910.942271931752 652.49018121938 841 1573758030393
914.209970029082 650.185006115998 840 1573758030430
917.563189947957 648.004199802806 840 1573758030430
920.916409866833 645.823393489614 840 1573758030430
924.269629785708 643.642587176421 840 1573758030430
927.622849704583 641.461780863229 840 1573758030430
930.976069623458 639.280974550037 840 1573758030430
934.329289542333 637.100168236845 840 1573758030430
937.682509461209 634.919361923653 840 1573758030430
940.966608524047 632.636968955939 840 1573758030445
944.22609615892 630.318404667826 840 1573758030445
947.522487021495 628.053957594165 841 1573758030453
950.866853963325 625.859644460774 841 1573758030468
954.19740399555 623.644371005229 841 1573758030468
957.501663849984 621.390827774641 840 1573758030520
960.764340849156 619.076753705154 840 1573758030520
END STROKE
===NOTES===
Great Job
