1.00
USERID - 01/01/2000 01:00:00 AM - F - HS - EN - N/A
10/25/2019 13:4:16:43
10/25/2019 13:6:16:918
319.358830209937 514.056340428267 648 1572026766735
322.353975923054 516.707067348647 646 1572026766758
325.330299341816 519.378022207074 648 1572026766795
328.171787944487 522.193327256424 648 1572026766795
331.157823111004 524.81610502754 648 1572026766810
334.229191369117 527.373196056609 649 1572026766833
337.225564164554 530.004477588775 649 1572026766856
340.637263017393 532.037908790772 649 1572026766878
344.107535372687 533.937675517921 649 1572026766901
347.137206233476 536.418059183107 651 1572026766916
350.614231997896 538.278017931299 653 1572026766946
353.955291813833 540.465889978478 655 1572026766953
357.292885610648 542.65560401724 657 1572026766976
360.714931366899 544.669335174997 658 1572026766991
364.176739254103 546.663996644543 658 1572026767006
367.470689637038 548.931337170904 665 1572026767028
370.7805160569 551.175984058417 666 1572026767051
END STROKE
374.144122796667 553.340735707035 666 1572026767051
377.106603854994 556.026266984719 664 1572026767073
380.139714876415 558.599558299142 666 1572026767088
383.401645610788 560.892447367789 667 1572026767118
386.762202212642 563.061931021965 667 1572026767118
390.248395269839 564.993299737633 672 1572026767141
393.654603989403 567.06352359322 671 1572026767171
396.942534763739 569.341573466066 671 1572026767171
400.530811083567 571.091886587987 671 1572026767193
404.070160355915 572.949322731142 671 1572026767223
407.561811681552 574.900827540303 671 1572026767223
411.01301943333 576.922641524548 670 1572026767239
414.35095949125 579.126144330983 673 1572026767269
417.719781834024 581.275316320584 671 1572026767291
421.267996535129 583.106218806798 673 1572026767299
424.457776026693 585.494970076917 674 1572026767321
END STROKE
434.779840431283 591.354728506746 675 1572026767374
438.255133896837 593.281780159676 673 1572026767389
441.590888642269 595.417791562538 673 1572026767411
444.423853152799 598.162673414667 673 1572026767449
447.745890573683 600.390692125148 673 1572026767449
451.115119512477 602.545661852287 676 1572026767471
454.610047973365 604.464007161048 675 1572026767486
458.038536291087 606.452932529908 674 1572026767501
461.338067141794 608.669496663245 675 1572026767524
464.525579076574 611.07495780855 675 1572026767539
467.959633576324 613.118416201226 675 1572026767561
471.291440921076 615.313187633306 675 1572026767584
474.774610588033 617.249507911726 675 1572026767599
478.335198456993 619.010020282312 675 1572026767621
481.713228375024 621.038239910635 677 1572026767652
485.296355766721 622.815776608826 677 1572026767674
488.934186431244 624.467703473046 676 1572026767704
END STROKE
492.560080933593 626.136314347064 677 1572026767719
496.224908804698 627.715171914247 676 1572026767757
500.043906998689 628.870094408573 676 1572026767772
503.711352021387 630.428466426182 675 1572026767787
507.136016287787 632.428478477446 675 1572026767809
510.622940480973 634.332590296855 676 1572026767839
514.181996279831 636.125229202006 676 1572026767862
517.827727545819 637.724822736207 674 1572026767884
521.709829821874 638.668405265944 675 1572026767899
525.331065463862 640.321367188834 675 1572026767922
528.864356848726 642.177424604736 674 1572026767959
532.303194554546 644.208719091377 675 1572026767974
535.998533884927 645.717988614102 675 1572026768004
539.564841230498 647.51579486727 674 1572026768019
543.029879787582 649.455969726843 674 1572026768035
END STROKE
546.625970403452 650.944398219516 675 1572026768065
550.082640891996 652.950043249655 675 1572026768087
553.669945312483 654.642380318295 674 1572026768110
557.413786067271 656.036773925366 675 1572026768132
560.98591235424 657.824432046475 676 1572026768155
564.578634844142 659.581640922004 675 1572026768185
568.211396012636 661.240713239503 675 1572026768215
571.81256210369 662.965783164871 675 1572026768230
575.154966268165 665.087976143799 675 1572026768275
578.519372746865 667.251431010606 674 1572026768282
581.885323280544 669.372822845994 675 1572026768305
585.535392010575 670.829173705866 663 1572026768350
589.04658849279 672.742132058984 673 1572026768357
592.634527452299 674.38284254538 676 1572026768395
596.167373605023 676.219836522189 676 1572026768417
599.997076527833 677.319754827166 674 1572026768440
603.659335085123 678.877913352441 676 1572026768470
606.962109116953 680.606033437418 675 1572026768493
610.267370899419 682.51817111347 674 1572026768538
613.941237067267 684.100073535875 675 1572026768568
617.627029407217 685.650627629474 675 1572026768575
621.098280956035 687.152476784403 675 1572026768613
624.937635444247 688.219525112079 675 1572026768643
628.724556608876 689.446300805387 674 1572026768680
END STROKE
284.275546827792 542.351339414572 606 1572026771762
285.605649652512 541.373927962017 645 1572026771785
286.932242583184 540.391747773458 645 1572026771785
288.258835513857 539.409567584899 645 1572026771785
289.515787179348 538.34475884611 659 1572026771815
290.708439905086 537.203660164007 659 1572026771815
291.901092630825 536.062561481905 659 1572026771815
293.093745356564 534.921462799802 659 1572026771815
294.286398082303 533.780364117699 659 1572026771815
295.479050808041 532.639265435596 659 1572026771815
296.67170353378 531.498166753493 659 1572026771815
297.864356259519 530.357068071391 659 1572026771815
299.057008985257 529.215969389288 659 1572026771815
300.249661710996 528.074870707185 659 1572026771815
301.54969769979 527.062979885737 671 1572026771845
302.889718720161 526.09920066233 671 1572026771845
304.229739740533 525.135421438923 671 1572026771845
305.569760760904 524.171642215517 671 1572026771845
306.909781781276 523.20786299211 671 1572026771845
308.249802801647 522.244083768703 671 1572026771845
309.589823822019 521.280304545296 671 1572026771845
310.929844842391 520.316525321889 671 1572026771845
312.269865862762 519.352746098482 671 1572026771845
313.609886883134 518.388966875075 671 1572026771845
314.949907903505 517.425187651668 671 1572026771845
316.289928923877 516.461408428261 671 1572026771845
317.629949944248 515.497629204854 671 1572026771845
318.96997096462 514.533849981447 671 1572026771845
END STROKE
320.332865163182 513.602771605766 677 1572026771860
321.697758498353 512.674551313963 677 1572026771860
323.062651833523 511.74633102216 677 1572026771860
324.427545168694 510.818110730356 677 1572026771860
325.792438503865 509.889890438553 677 1572026771860
327.218112596155 509.060231106491 675 1572026771875
328.660311677445 508.257368393174 675 1572026771875
330.102510758735 507.454505679857 675 1572026771875
331.459794023311 506.516356183793 683 1572026771882
332.77711057664 505.527341958169 693 1572026771897
333.95605303014 504.372083797478 693 1572026771897
335.13725185757 503.219209027581 706 1572026771905
336.50544937798 502.352048658389 745 1572026771942
336.367747142428 502.503585855823 725 1572026772033
END STROKE
244.070368381565 449.471681897584 497 1572026766255
246.968433431982 452.228293367856 538 1572026766292
250.117868640524 454.6689176883 539 1572026766315
253.645135851049 456.520759182214 554 1572026766337
256.908959816041 458.748891026755 568 1572026766360
259.903818863117 461.390344027351 568 1572026766375
262.983157726647 463.927226207756 571 1572026766397
265.756374580827 466.789759251808 577 1572026766420
268.444915914392 469.731608196979 581 1572026766442
271.266450648098 472.547145691733 580 1572026766458
274.115219512153 475.336606668385 594 1572026766488
277.238027874024 477.834152479199 596 1572026766510
280.189700609349 480.533713195803 596 1572026766518
282.778123292705 483.549696632039 625 1572026766533
285.245181380976 486.654647865735 624 1572026766555
288.258996150888 489.267101801658 623 1572026766570
291.567414459266 491.483531795187 630 1572026766593
294.798267659635 493.792644316509 635 1572026766608
298.067262445361 496.093597878658 635 1572026766623
300.620269250974 499.149537256181 635 1572026766638
303.668933562849 501.676324595026 642 1572026766683
306.698216272376 504.288497304814 642 1572026766683
309.727498981904 506.900670014601 642 1572026766683
312.933234679393 509.291898989877 648 1572026766705
316.150610956821 511.668554179101 647 1572026766728
END STROKE
352.134150113558 569.006241603645 329 1572026773632
353.396761013515 568.180116823913 618 1572026773700
354.524442533553 566.985552227336 640 1572026773715
355.616709693521 565.756080835107 640 1572026773715
356.77809101661 564.594731873807 661 1572026773722
357.99164842128 563.484810309631 661 1572026773722
359.199870328592 562.369084801595 701 1572026773760
360.407760322789 561.252998239105 701 1572026773760
361.615650316987 560.136911676615 701 1572026773760
362.823540311184 559.020825114126 701 1572026773760
364.031430305381 557.904738551636 701 1572026773760
365.239320299579 556.788651989146 701 1572026773760
366.447210293776 555.672565426656 701 1572026773760
367.655100287973 554.556478864166 701 1572026773760
368.862990282171 553.440392301676 701 1572026773760
370.070880276368 552.324305739186 701 1572026773760
END STROKE
371.278770270565 551.208219176696 701 1572026773760
372.486660264763 550.092132614206 701 1572026773760
373.69455025896 548.976046051716 701 1572026773760
374.902440253157 547.859959489226 701 1572026773760
376.160213032005 546.803081117743 708 1572026773805
377.46511638938 545.802144216153 708 1572026773805
378.770019746755 544.801207314564 708 1572026773805
380.07492310413 543.800270412974 708 1572026773805
381.379826461505 542.799333511384 708 1572026773805
382.68472981888 541.798396609795 708 1572026773805
383.989633176255 540.797459708205 708 1572026773805
385.29453653363 539.796522806615 708 1572026773805
386.599439891006 538.795585905026 708 1572026773805
387.904343248381 537.794649003436 708 1572026773805
389.209246605756 536.793712101846 708 1572026773805
390.514149963131 535.792775200257 708 1572026773805
391.819053320506 534.791838298667 708 1572026773805
393.123956677881 533.790901397077 708 1572026773805
394.428860035256 532.789964495488 708 1572026773805
395.733763392631 531.789027593898 708 1572026773805
397.038666750006 530.788090692308 708 1572026773805
398.387471353198 529.851196640856 710 1572026773812
399.79164130679 528.995069200296 710 1572026773812
401.022953555849 527.908783468336 712 1572026773820
402.378650634497 526.982097039406 716 1572026773827
END STROKE
410.564954617057 613.613928494969 690 1572026774826
411.710637362505 612.155213934558 690 1572026774826
412.856320107954 610.696499374147 690 1572026774826
414.002002853402 609.237784813736 690 1572026774826
415.147685598851 607.779070253325 690 1572026774826
416.293368344299 606.320355692914 690 1572026774826
417.439051089748 604.861641132503 690 1572026774826
418.584733835196 603.402926572092 690 1572026774826
419.844320251887 602.049874963329 719 1572026774856
421.213053022062 600.798073171581 719 1572026774856
422.581785792237 599.546271379833 719 1572026774856
423.950518562412 598.294469588086 719 1572026774856
425.319251332587 597.042667796338 719 1572026774856
426.687984102762 595.79086600459 719 1572026774856
428.056716872937 594.539064212843 719 1572026774856
429.425449643112 593.287262421095 719 1572026774856
END STROKE
433.531647953636 589.531857045852 719 1572026774856
434.900380723811 588.280055254104 719 1572026774856
436.269113493986 587.028253462357 719 1572026774856
437.646471864333 585.786055856432 724 1572026774864
439.03760651835 584.559197471628 724 1572026774864
440.428741172368 583.332339086824 724 1572026774864
441.819875826386 582.10548070202 724 1572026774864
443.283274133543 580.967516954337 724 1572026774886
444.768372118003 579.856246915809 724 1572026774886
446.253470102462 578.744976877282 724 1572026774886
447.738568086921 577.633706838754 724 1572026774886
449.22366607138 576.522436800227 724 1572026774886
450.708764055839 575.4111667617 724 1572026774886
452.193862040299 574.299896723172 724 1572026774886
453.678960024758 573.188626684645 724 1572026774886
455.135094458627 572.039933484998 726 1572026774894
456.583293198159 570.880986750765 726 1572026774894
458.013952911134 569.700538735156 727 1572026774909
459.440229930195 568.514717927921 727 1572026774909
460.866365964484 567.328728252969 742 1572026774924
462.287769057897 566.137069590427 742 1572026774924
463.164597881245 564.898571322517 610 1572026775029
END STROKE
469.987679763778 647.8734984657 196 1572026775869
469.572267163937 647.811761986195 625 1572026775937
470.612206260447 646.532490311118 684 1572026775959
471.671060265264 645.266113194865 684 1572026775959
472.672004122578 643.954273734471 710 1572026775982
473.65081741298 642.62506067908 710 1572026775982
474.629630703382 641.29584762369 710 1572026775982
475.608443993784 639.966634568299 710 1572026775982
476.587257284185 638.637421512908 710 1572026775982
477.566070574587 637.308208457517 710 1572026775982
478.675028820721 636.091539139562 741 1572026776004
479.849095954233 634.931173175698 741 1572026776004
481.023163087746 633.770807211834 741 1572026776004
482.197230221259 632.61044124797 741 1572026776004
483.371297354771 631.450075284106 741 1572026776004
484.545364488284 630.289709320242 741 1572026776004
485.719431621796 629.129343356378 741 1572026776004
486.893498755309 627.968977392514 741 1572026776004
488.067565888822 626.80861142865 741 1572026776004
489.258481681941 625.666802238472 747 1572026776027
END STROKE
490.526479914806 624.609890091915 747 1572026776027
491.794478147671 623.552977945358 747 1572026776027
493.062476380536 622.496065798801 747 1572026776027
494.330474613401 621.439153652244 747 1572026776027
495.598472846266 620.382241505687 747 1572026776027
496.866471079131 619.32532935913 747 1572026776027
498.134469311996 618.268417212573 747 1572026776027
499.402467544861 617.211505066016 747 1572026776027
500.670465777726 616.154592919459 747 1572026776027
501.938464010591 615.097680772902 747 1572026776027
503.206462243456 614.040768626345 747 1572026776027
504.518735913427 613.039394183686 744 1572026776049
505.831622578593 612.038788662755 744 1572026776049
507.14450924376 611.038183141824 744 1572026776049
508.457395908926 610.037577620894 744 1572026776049
509.770282574092 609.036972099963 744 1572026776049
511.083169239259 608.036366579033 744 1572026776049
512.396055904425 607.035761058102 744 1572026776049
513.694580440967 606.016766785823 743 1572026776072
514.983409914626 604.985359304796 743 1572026776072
516.272239388284 603.953951823769 743 1572026776072
516.9858160066 603.017746517147 771 1572026776117
END STROKE
526.0399373326 667.590265672657 285 1572026776738
524.782359682832 668.430164611481 528 1572026776776
525.96428375191 667.956633254224 699 1572026776836
527.038707428795 666.854898277309 699 1572026776836
528.113131105679 665.753163300393 699 1572026776836
529.187554782564 664.651428323477 699 1572026776836
530.261978459448 663.549693346561 699 1572026776836
531.336402136332 662.447958369645 699 1572026776836
532.472164541263 661.410872354469 752 1572026776866
533.628799862312 660.395785692695 752 1572026776866
534.785435183361 659.380699030921 752 1572026776866
535.94207050441 658.365612369147 752 1572026776866
537.09870582546 657.350525707374 752 1572026776866
538.255341146509 656.3354390456 752 1572026776866
539.411976467558 655.320352383826 752 1572026776866
540.568611788607 654.305265722052 752 1572026776866
541.725247109656 653.290179060279 752 1572026776866
542.881882430706 652.275092398505 752 1572026776866
544.038517751755 651.260005736731 752 1572026776866
END STROKE
546.351788393853 649.229832413184 752 1572026776866
547.508423714902 648.21474575141 752 1572026776866
548.665059035951 647.199659089636 752 1572026776866
549.844576176944 646.212376433679 755 1572026776881
551.063242636512 645.272664638961 755 1572026776881
552.281909096081 644.332952844243 755 1572026776881
553.50057555565 643.393241049525 755 1572026776881
554.719242015218 642.453529254807 755 1572026776881
555.937908474787 641.513817460089 755 1572026776881
557.156574934355 640.574105665371 755 1572026776881
558.375241393924 639.634393870654 755 1572026776881
559.609339929433 638.715105126547 762 1572026776896
560.846151741317 637.799407174821 762 1572026776896
562.082963553201 636.883709223096 762 1572026776896
563.319775365085 635.968011271371 762 1572026776896
564.556587176969 635.052313319646 762 1572026776896
565.793398988853 634.136615367921 762 1572026776896
566.970595119292 633.146967150508 759 1572026776911
568.127890838906 632.132633470612 759 1572026776911
569.28518655852 631.118299790715 759 1572026776911
570.435521965734 630.097795635816 759 1572026776918
END STROKE
===NOTES===
Great Job
