1.00
USERID - 01/01/2000 01:00:00 AM - F - HS - EN - N/A
10/25/2019 13:4:16:43
10/25/2019 13:5:5:833
1005.89778179148 431.152836997473 162 1572026701543
1008.01196984969 431.852948473928 511 1572026701641
1010.18316878647 433.534360516691 524 1572026701671
1011.6648757016 435.871853341889 552 1572026701693
1013.25183843298 438.139703864108 552 1572026701693
1014.70953836988 440.482321196466 580 1572026701723
1015.88405459808 442.988734636344 580 1572026701723
1017.05857082628 445.495148076223 580 1572026701723
1018.23183241737 448.002145670624 583 1572026701738
1019.39395666987 450.514328769777 583 1572026701738
1020.58734883556 453.011449203964 598 1572026701754
1021.82750084398 455.486044059274 598 1572026701754
1022.91426711081 458.030401347856 615 1572026701769
1023.96439280919 460.591423159445 627 1572026701791
1025.01450455142 463.152450693609 627 1572026701791
1026.06461629365 465.713478227774 627 1572026701791
1027.24966419706 468.213056070001 626 1572026701814
1028.49221741088 470.686446094389 626 1572026701814
1029.74540919383 473.154372779345 625 1572026701829
1031.03169585756 475.605303892332 625 1572026701829
1032.34155224448 478.043608140384 627 1572026701844
1033.66938693359 480.472280973487 627 1572026701851
1035.30099665555 482.68099114292 627 1572026701859
1036.79460547843 485.009587706334 628 1572026701874
1038.22774021115 487.370075435916 626 1572026701889
1039.86267175425 489.591627581886 626 1572026701911
1041.3511316096 491.925312213738 626 1572026701911
1042.65101624077 494.359763773478 631 1572026701934
1043.87524701738 496.839983950993 633 1572026701941
1045.23228675636 499.252395534488 633 1572026701964
1046.59744164203 501.660288563683 633 1572026701964
1047.82146765584 504.142572304897 639 1572026702001
1049.03648603069 506.629604080062 639 1572026702001
1050.25150440554 509.116635855227 639 1572026702001
1051.22280577957 511.705913603606 641 1572026702024
1052.14591976163 514.31540728592 641 1572026702024
1053.42575066371 516.755680384689 641 1572026702054
1054.86278515674 519.121378710292 641 1572026702054
1056.27864745267 521.499286545376 639 1572026702061
1057.1664799114 524.098296849823 640 1572026702091
1057.81798872067 526.788232551756 641 1572026702106
1057.87610451596 528.045434388276 398 1572026702159
1007.33491548715 430.824215853613 139 1572026702703
1007.69545241329 433.121342380955 370 1572026702808
1006.15495808048 435.376277112646 429 1572026702838
1004.938656509 437.836235729471 436 1572026702853
1003.87037186503 440.369222016715 433 1572026702875
1002.77525804815 442.891119044453 432 1572026702890
1001.51193708229 445.330655036817 439 1572026702905
1000.04919058586 447.659213216 445 1572026702921
998.486300438979 449.922461733279 445 1572026702921
996.966661005635 452.214825770451 482 1572026702951
995.457937785913 454.51453742813 482 1572026702951
993.949214566192 456.814249085809 482 1572026702951
992.33559008046 459.041382373122 483 1572026702966
990.878018571977 461.361703307719 490 1572026702973
989.205039907933 463.525548303228 489 1572026702988
987.484214389549 465.665936938677 490 1572026702996
986.236967610172 468.079918644855 492 1572026703003
984.907171787953 470.472879957848 490 1572026703018
983.702248988518 472.936969923833 491 1572026703033
982.568212948923 475.43822508463 489 1572026703048
981.196348273457 477.822109891914 489 1572026703048
980.187512923076 480.378609391572 499 1572026703063
978.984372958286 482.845657101736 498 1572026703086
977.669399845062 485.261147590888 497 1572026703093
976.507355546222 487.752529607678 497 1572026703108
975.232728436052 490.189541973787 498 1572026703123
973.860884451591 492.573438688095 498 1572026703123
972.541639239619 494.986316731892 498 1572026703146
971.339541380212 497.460155893722 498 1572026703146
970.064705791579 499.878202635123 497 1572026703168
969.100597525833 502.335863296931 494 1572026703191
967.454571862576 504.539259217972 495 1572026703206
965.670122378793 506.627160311008 494 1572026703243
964.031246973524 508.836007718186 494 1572026703243
962.392702045839 511.045098163222 489 1572026703266
960.772593098113 513.267746686873 489 1572026703266
959.089396689545 515.44235103144 488 1572026703281
958.112754770002 517.968503485623 489 1572026703303
956.851979319315 520.309449255108 491 1572026703319
955.36128718661 522.572531515294 492 1572026703341
953.769500339271 524.783408456564 485 1572026703371
947.509993501875 530.394166032268 138 1572026703852
949.450287736 531.840200785467 466 1572026703912
950.887529131162 534.271865543847 543 1572026703949
952.360011554773 536.683733354727 549 1572026703964
953.830210419868 539.071939346453 556 1572026703979
955.296916385037 541.482364994637 577 1572026703994
957.184035068791 543.545296799566 590 1572026704009
958.429766097842 546.011787938921 616 1572026704024
959.81870440443 548.472352944034 616 1572026704039
960.941088412548 551.066273733094 626 1572026704054
961.783172391166 553.761442401563 626 1572026704077
962.756036098191 556.403713934392 628 1572026704107
964.014262221763 558.935449624055 628 1572026704107
965.328480669512 561.436336661881 628 1572026704115
966.508435336845 563.994897424246 627 1572026704145
967.536833651347 566.628377154011 627 1572026704145
968.574606045332 569.257616753687 630 1572026704190
969.873285908553 571.768841393821 630 1572026704190
971.171965771774 574.280066033956 630 1572026704190
972.470645634994 576.791290674091 630 1572026704190
973.769325498215 579.302515314225 630 1572026704190
975.079098884807 581.807840008024 639 1572026704220
976.435279362212 584.288483693252 639 1572026704220
977.791459839616 586.76912737848 639 1572026704220
978.967854241804 589.32912346623 639 1572026704242
979.886649667409 592.00281633308 639 1572026704242
980.838170064999 594.664388137604 639 1572026704265
981.882746699793 597.291492671953 639 1572026704265
982.988481676852 599.889851403093 640 1572026704272
984.439177772663 602.315195891785 652 1572026704287
985.816744809145 604.771628556722 650 1572026704295
986.982433865878 607.323081977274 654 1572026704310
988.585172323451 609.634118591642 652 1572026704325
989.64694049978 612.23357070017 670 1572026704340
990.932682267021 614.668272152531 673 1572026704355
992.501823875486 616.970410873672 668 1572026704407
993.8020060212 619.480858038685 668 1572026704407
995.102188166913 621.991305203698 668 1572026704407
996.30906940169 624.539212199836 669 1572026704430
997.827426945934 626.912587112524 669 1572026704452
999.383684752776 629.250095103367 668 1572026704467
1062.30935705064 527.436638415613 112 1572026704985
1061.65968049111 528.894441575798 434 1572026705075
1060.06518931562 531.510833500238 449 1572026705090
1058.4676409086 534.123039881172 450 1572026705120
1056.70141764187 536.626857862494 450 1572026705120
1054.91024175181 539.11214725715 458 1572026705127
1053.23854728084 541.669132713976 494 1572026705150
1051.42706822348 544.139107671461 498 1572026705187
1049.76089127565 546.710586524192 498 1572026705187
1048.09471432782 549.282065376922 498 1572026705187
1046.42853737998 551.853544229653 498 1572026705187
1044.70242732372 554.384719912026 495 1572026705210
1043.57030318311 557.231989488618 495 1572026705210
1042.15253831178 559.941528838605 497 1572026705225
1040.62442517708 562.597365951067 495 1572026705240
1038.93438685339 565.141854050191 515 1572026705247
1037.08998481398 567.58774357641 518 1572026705270
1035.22883327432 570.021372083698 520 1572026705278
1033.49999994456 572.551151605461 548 1572026705315
1031.77118653232 575.080944738736 548 1572026705315
1030.04237312007 577.610737872012 548 1572026705315
1028.31355970783 580.140531005287 548 1572026705315
1026.56089871996 582.653846609156 549 1572026705338
1024.80615874344 585.165725731709 549 1572026705338
1023.34913736556 587.844537678088 544 1572026705360
1022.12135193487 590.651883764291 544 1572026705360
1020.45506824235 593.211637789476 547 1572026705375
1018.62770946081 595.670730976842 549 1572026705405
1016.77474519933 598.111053200893 549 1572026705405
1014.97425101179 600.588088143966 555 1572026705420
1013.29736524905 603.152131907803 556 1572026705435
1011.54094079195 605.662808359154 555 1572026705458
1009.79627255407 608.181568384016 553 1572026705473
1007.8790977872 610.56985455195 553 1572026705480
1006.28088113196 613.156766076209 563 1572026705503
1005.01413144835 615.941491035586 574 1572026705525
1003.4776618731 618.573630511267 573 1572026705548
1001.57132310213 620.953986883504 609 1572026705585
999.88899641213 623.465090116938 613 1572026705615
998.222256276319 625.975215572337 630 1572026705660
996.714714216051 628.54193440837 637 1572026705713
996.791195400279 628.601266982862 264 1572026705833
END STROKE
===NOTES===
Great Job
