1.00
USERID - 01/01/2000 01:00:00 AM - F - HS - EN - N/A
11/12/2019 16:0:28:226
11/12/2019 16:6:45:257
733.044432673486 204.606935459017 139 1573596403094
732.101257445427 206.715224924227 464 1573596403244
732.411899725954 210.630504093461 555 1573596403327
732.378533144375 214.601488185754 546 1573596403364
732.642978033985 218.592737225886 546 1573596403364
733.1322655845 222.545595700421 543 1573596403387
734.029313990591 226.407071718672 557 1573596403409
734.705047666541 230.334458809209 620 1573596403424
735.348169618321 234.26942060153 611 1573596403447
735.659612819402 238.257277561415 611 1573596403447
736.169142028639 242.222984882704 608 1573596403469
736.457343762788 246.202086633924 607 1573596403492
736.6370139406 250.185845180109 606 1573596403507
736.943697656822 254.16093207843 604 1573596403530
736.985949273367 258.148382899902 603 1573596403567
737.215751458219 262.141776313508 603 1573596403567
737.518864355802 266.124974610751 604 1573596403590
737.107766431724 270.10015969249 603 1573596403605
736.844313714711 274.074986400425 601 1573596403680
736.930004876464 278.07406842319 601 1573596403680
737.19050240645 282.052359682608 602 1573596403695
737.355557603662 285.983370670225 600 1573596403732
737.175887425851 289.96712921641 602 1573596403770
737.232778236606 293.961986840004 601 1573596403777
737.618739314236 297.932308230866 600 1573596403837
737.842637504976 301.92603701487 600 1573596403837
738.074101266724 305.918452992349 603 1573596403882
738.074101266724 309.918452992349 603 1573596403882
738.658182051865 313.864402047087 603 1573596403920
739.33151841503 317.802091373915 605 1573596403950
739.33151841503 321.802091373915 605 1573596403950
739.351762696269 325.801630709655 605 1573596403965
739.511051544651 329.798006047533 605 1573596403973
739.631243550675 333.786592829087 604 1573596403988
739.637550825368 337.777274323337 605 1573596404003
739.859490925933 341.77099054717 610 1573596404055
740.102029021718 345.763630685235 610 1573596404055
740.344567117502 349.756270823301 610 1573596404055
740.777587202473 353.730947488591 611 1573596404085
741.241092200649 357.70043222473 609 1573596404108
741.56560468035 361.679154321254 622 1573596404168
741.692339842826 365.677146091954 622 1573596404168
741.819075005302 369.675137862655 622 1573596404168
741.79848620805 373.65768276539 622 1573596404190
742.115788737489 377.640138512774 646 1573596404243
742.280664215318 381.636739077855 646 1573596404243
742.449175987408 385.633185101256 633 1573596404258
742.588236388858 389.630453721606 643 1573596404356
742.657280717855 393.629857787293 643 1573596404356
742.726325046853 397.62926185298 643 1573596404356
742.795369375851 401.628665918667 643 1573596404356
742.864413704849 405.628069984354 643 1573596404356
742.933458033846 409.62747405004 643 1573596404356
743.002502362844 413.626878115727 643 1573596404356
743.071546691842 417.626282181414 643 1573596404356
743.384048349719 421.607511087377 644 1573596404371
END STROKE
743.774002624711 425.576835234499 645 1573596404378
743.785113851575 429.567421302449 643 1573596404423
744.044915705975 433.558975260051 643 1573596404423
744.304717560376 437.550529217653 643 1573596404423
744.556766935016 441.542504863205 644 1573596404438
744.750931068825 445.537082061195 643 1573596404453
745.233323856174 449.507887671989 643 1573596404453
744.988516875195 453.408662480097 642 1573596404476
745.362650866813 457.386885452845 643 1573596404498
745.561250560371 461.381952180913 643 1573596404498
745.477359280764 465.377018969706 644 1573596404513
745.891864590984 469.334385600667 643 1573596404536
746.171984228554 473.324466780667 643 1573596404558
746.302718817536 477.314525774539 641 1573596404573
745.90043037119 481.278200276362 639 1573596404596
745.832759409262 485.275787050026 642 1573596404611
745.977807464014 489.27234311852 641 1573596404633
745.977807464014 493.27234311852 641 1573596404633
745.977807464014 497.27234311852 641 1573596404648
746.337147819636 501.236963251513 641 1573596404671
746.810192974362 505.173475795836 642 1573596404678
746.876021304888 509.164640966486 640 1573596404724
746.876021304888 513.164640966486 640 1573596404724
746.944024699302 517.163734158093 641 1573596404746
747.050683748864 521.16231188613 641 1573596404746
747.229096882927 525.158299221049 656 1573596404761
747.758757377312 529.122540780982 659 1573596404776
747.895501112768 533.119595039166 656 1573596404799
748.021802715301 537.113939959333 657 1573596404829
748.577130555326 541.075203771564 657 1573596404829
748.959472532199 545.045259639306 656 1573596404851
749.75075623699 548.966015347265 656 1573596404866
749.925572039803 552.96219345079 656 1573596404866
750.289069442372 556.932082887404 658 1573596404881
750.830047208832 560.891243669801 665 1573596404904
751.40292252771 564.849863455896 667 1573596404934
751.935256525402 568.814282772126 667 1573596404934
752.444563383369 572.780241199855 667 1573596404941
752.142241263665 576.741787853979 666 1573596404979
752.576974752389 580.718093525551 666 1573596404979
752.993239832062 584.695755294805 666 1573596405001
753.143981593905 588.69291390077 666 1573596405001
753.81554826876 592.631070214808 667 1573596405016
753.995526919546 596.623062295858 667 1573596405039
754.423552162621 600.586591256096 668 1573596405091
754.661681894366 604.579496743439 668 1573596405091
754.899811626111 608.572402230783 668 1573596405091
755.165465873427 612.561422862665 677 1573596405137
755.254721072039 616.56042692737 677 1573596405137
755.195776381786 620.553008933924 680 1573596405144
755.318738035611 624.485437147919 678 1573596405174
755.857611520862 628.289261407237 678 1573596405257
END STROKE
===NOTES===
Great Job
