1.00
USERID - 01/01/2000 01:00:00 AM - F - HS - EN - N/A
10/25/2019 13:4:16:43
10/25/2019 13:4:41:17
-216.370307152578 717.022946937381 602 1572026673724
-213.677919987266 716.325422740906 650 1572026673979
-210.104957525774 714.582023717256 648 1572026674062
-206.240033480535 713.780300693108 649 1572026674122
-202.291992519604 713.267664497965 650 1572026674152
-198.418793482056 712.294721204974 649 1572026674182
-194.483039058886 711.64335849483 648 1572026674212
-190.533550901408 711.788838011567 648 1572026674235
-186.551186897581 711.517701325085 648 1572026674257
-182.61865209957 711.246246220941 647 1572026674287
-178.688877423505 711.977579470277 648 1572026674310
-174.712789661042 711.852375953887 647 1572026674370
-170.71982569277 711.615228851678 647 1572026674370
-166.726861724499 711.37808174947 647 1572026674370
-162.733897756227 711.140934647261 647 1572026674370
-158.742348045188 710.881108288426 646 1572026674400
-154.750856311171 710.620352200721 646 1572026674400
-150.760147715917 710.348178931411 635 1572026674460
-146.770435460495 710.061480276145 635 1572026674460
-142.780723205072 709.774781620879 635 1572026674460
-138.79101094965 709.488082965613 635 1572026674460
-134.801298694227 709.201384310347 635 1572026674460
-130.811586438805 708.914685655081 635 1572026674460
-126.822275049743 708.622760906292 646 1572026674520
-122.835511061921 708.297625695335 646 1572026674520
-118.848747074099 707.972490484379 646 1572026674520
-114.861983086276 707.647355273422 646 1572026674520
-110.875219098454 707.322220062466 646 1572026674520
-106.888455110632 706.997084851509 646 1572026674520
-102.90169112281 706.671949640553 646 1572026674520
-98.9145963838182 706.351402559141 646 1572026674550
-94.9224199274537 706.101348282534 646 1572026674550
-90.9302434710893 705.851294005927 646 1572026674550
-86.9380670147248 705.601239729321 646 1572026674550
-82.940338934014 705.48844613965 645 1572026674595
-78.9410082024094 705.415277162322 645 1572026674595
-74.9416774708048 705.342108184994 645 1572026674595
-70.9423467392003 705.268939207666 645 1572026674595
-66.9436492811654 705.173309877032 646 1572026674618
-62.9465494305914 705.021018102662 646 1572026674618
-58.9490828865617 704.887982024743 645 1572026674633
-54.9490828865617 704.887982024743 645 1572026674633
-50.9490828865617 704.887982024743 646 1572026674685
-46.9490828865617 704.887982024743 646 1572026674685
-42.9490828865617 704.887982024743 646 1572026674685
-38.9490828865617 704.887982024743 646 1572026674685
-34.9490828865617 704.887982024743 646 1572026674685
-30.9520107945066 705.020376640212 644 1572026674715
-26.9559214704349 705.197210217453 644 1572026674715
-22.9598321463632 705.374043794694 644 1572026674715
-18.963851543165 705.553316712377 643 1572026674798
END STROKE
240.877225924319 702.690944684583 637 1572026675436
244.86059936364 702.326615104512 637 1572026675436
248.84397280296 701.96228552444 637 1572026675436
252.837250603152 701.734379180495 637 1572026675451
256.831713731987 701.524067141146 637 1572026675459
260.828815612821 701.380819506085 636 1572026675474
264.827593674311 701.281955888173 636 1572026675474
268.82321967472 701.120816856579 636 1572026675496
272.81776613246 701.329619627049 636 1572026675496
276.814698294251 701.468560895496 636 1572026675519
280.814183283605 701.532746718913 636 1572026675519
284.81366827296 701.596932542332 636 1572026675519
288.808400338681 701.735132515704 635 1572026675541
292.799024138895 701.461414256968 635 1572026675541
296.792215349015 701.303286956799 635 1572026675571
300.791056862466 701.399549879553 635 1572026675571
304.789898375918 701.495812802306 635 1572026675571
308.788739889369 701.59207572506 635 1572026675571
312.777511504648 701.884191823544 633 1572026675594
316.765139141532 702.198557581168 633 1572026675594
320.755943745497 702.451522547518 634 1572026675609
324.754721832171 702.550385146777 634 1572026675609
328.754260672144 702.587696695802 632 1572026675617
332.753265837566 702.668186801106 632 1572026675632
336.751446683222 702.721213261785 631 1572026675639
340.73651798988 702.765086554701 632 1572026675654
344.702814423047 703.283249274555 632 1572026675654
348.677240807317 703.733158609714 632 1572026675662
352.664171317054 704.056054688102 630 1572026675677
356.655809148557 704.300344593846 630 1572026675699
360.652909022154 704.452635763944 630 1572026675699
364.650877817357 704.559298202812 630 1572026675714
368.650877817357 704.559298202812 630 1572026675714
372.648438458426 704.436537267898 630 1572026675737
376.645280913187 704.277633549204 630 1572026675737
380.644086332534 704.192247075257 629 1572026675767
384.64371356216 704.137639163444 629 1572026675767
388.643340791786 704.08303125163 629 1572026675767
392.638399380095 703.902583350175 629 1572026675782
396.632634034922 703.691062046282 629 1572026675804
400.629606994987 703.535475554252 629 1572026675804
404.625657603613 703.361799323075 628 1572026675819
408.617727157325 703.110044127837 628 1572026675819
END STROKE
655.006346673666 423.795426277869 668 1572026682076
655.216836846745 419.800968381353 668 1572026682076
655.427327019823 415.806510484837 668 1572026682076
655.628792942177 411.811609265815 668 1572026682038
655.810832397944 407.815753708298 668 1572026682038
655.992871853711 403.81989815078 668 1572026682038
656.13885548884 399.822856650386 667 1572026682008
656.219787633282 395.823675485698 667 1572026682008
656.297003189674 391.824431624809 668 1572026681986
656.351005400334 387.824796171265 668 1572026681986
656.405007610994 383.825160717722 668 1572026681986
656.459009821654 379.825525264178 668 1572026681986
656.513012032314 375.825889810634 668 1572026681986
656.567014242974 371.82625435709 668 1572026681986
656.621016453634 367.826618903547 668 1572026681986
656.840021360288 363.836280602225 668 1572026681918
657.196398319118 359.853601124504 668 1572026681903
657.266945125293 355.854223279371 668 1572026681903
657.337491931468 351.854845434238 668 1572026681903
657.326442141635 347.855479381078 668 1572026681873
657.254739394276 343.856122093211 668 1572026681873
657.187878861132 339.856721401848 668 1572026681843
657.187878861132 335.856721401848 668 1572026681843
657.187878861132 331.856721401848 668 1572026681843
657.104650614891 327.858263030537 669 1572026681813
656.956518218934 323.861006872462 669 1572026681813
656.815348479517 319.863537102944 671 1572026681783
656.718164565861 315.864717866353 671 1572026681783
656.607488635896 311.866305725057 670 1572026681760
656.463402097768 307.868901683741 670 1572026681760
656.31931555964 303.871497642425 670 1572026681760
656.175229021512 299.874093601109 670 1572026681760
656.57762957698 295.925802261036 673 1572026681715
656.584317627298 291.946950744044 674 1572026681700
657.115110049657 287.982324733388 674 1572026681700
657.647947745491 284.0179754351 667 1572026681678
658.070788222988 280.042030244272 668 1572026681670
658.385038302483 276.054393489559 668 1572026681670
658.699288381978 272.066756734846 668 1572026681670
659.013538461472 268.079119980133 668 1572026681670
659.327788540967 264.09148322542 668 1572026681670
659.619741084862 260.102155350566 652 1572026681618
660.089524095963 256.131475907978 650 1572026681603
660.63118313333 252.168319907108 650 1572026681603
661.172842170698 248.205163906237 650 1572026681603
661.618938052995 244.231882913027 651 1572026681565
661.928507804803 240.243917992174 634 1572026681550
662.272501059942 236.258736861984 634 1572026681550
662.616494315082 232.273555731795 634 1572026681550
662.939959221703 228.287373089024 632 1572026681513
662.985524796653 224.287632625147 632 1572026681513
663.031090371602 220.287892161269 632 1572026681513
663.076655946552 216.288151697392 632 1572026681513
663.116517952459 212.28837874666 632 1572026681460
663.116517952459 208.28837874666 632 1572026681460
663.052644287695 204.289436872139 618 1572026681437
662.860914699119 200.297112741303 609 1572026681415
662.257644807511 196.342866234334 609 1572026681415
661.303392926437 192.494728637916 600 1572026681377
660.533076947577 188.569602742774 600 1572026681377
659.767556802073 184.643543469942 576 1572026681347
658.755989608923 180.785214659633 572 1572026681325
657.617159894525 176.989549795215 569 1572026681302
656.794130925888 173.104470387428 567 1572026681280
656.665533526511 169.106538083239 567 1572026681280
END STROKE
-14.9678753136214 705.732687760551 643 1572026674798
-10.9718990840779 705.912058808725 643 1572026674798
-6.97592285453441 706.0914298569 643 1572026674798
-2.9799466249909 706.270800905074 643 1572026674798
1.01602960455262 706.450171953249 643 1572026674798
5.01200583409613 706.629543001423 643 1572026674798
9.00583383043513 706.541235441891 643 1572026674805
12.9988663077708 706.756800210647 644 1572026674821
16.9955032220356 706.898215573498 644 1572026674873
20.9949190839226 706.966573189658 644 1572026674873
24.9943349458095 707.034930805818 644 1572026674873
28.9937508076965 707.103288421978 644 1572026674873
32.9931666695834 707.171646038138 644 1572026674873
36.9929738969713 707.205794624708 645 1572026674948
40.9929068583102 707.228952880145 645 1572026674948
44.992839819649 707.252111135582 645 1572026674948
48.9927727809879 707.275269391018 645 1572026674948
52.9927057423268 707.298427646455 645 1572026674948
56.9926387036656 707.321585901892 645 1572026674948
60.9925716650045 707.344744157329 645 1572026674948
64.9924028923079 707.324836571864 644 1572026674986
68.992181798853 707.282780671481 644 1572026674986
72.9919607053981 707.240724771097 644 1572026674986
76.9917396119432 707.198668870714 644 1572026674986
80.9906863974359 707.110733117684 643 1572026675076
84.9893597509303 707.007721409349 643 1572026675076
88.9880331044246 706.904709701013 643 1572026675076
92.986706457919 706.801697992678 643 1572026675076
96.9853798114134 706.698686284343 643 1572026675076
100.984053164908 706.595674576007 643 1572026675076
104.982726518402 706.492662867672 643 1572026675076
108.981399871896 706.389651159337 643 1572026675076
112.980073225391 706.286639451002 643 1572026675076
116.978871597291 706.189350201373 641 1572026675173
120.97822855697 706.117629151018 641 1572026675173
124.977585516649 706.045908100663 641 1572026675173
128.976942476329 705.974187050307 641 1572026675173
132.976299436008 705.902465999952 641 1572026675173
136.975656395688 705.830744949597 641 1572026675173
140.975013355367 705.759023899241 641 1572026675173
144.974370315046 705.687302848886 641 1572026675173
148.973727274726 705.615581798531 641 1572026675173
152.973049434331 705.542550324443 641 1572026675188
156.970575972172 705.401903322146 641 1572026675188
160.970206291689 705.380882401498 641 1572026675211
164.969710489999 705.361083268408 640 1572026675249
168.964696985706 705.160876127883 640 1572026675249
172.959683481413 704.960668987357 640 1572026675249
176.95466997712 704.760461846832 640 1572026675249
180.948082075562 704.531395151678 640 1572026675264
184.942841742848 704.330889143966 640 1572026675286
188.939939359358 704.178538744909 640 1572026675286
192.937037571575 704.026203978012 640 1572026675309
196.934137445172 703.873912807917 640 1572026675309
200.930930790872 703.714951104127 639 1572026675316
204.926879453306 703.54744182371 640 1572026675339
208.926153264738 703.471225151067 640 1572026675339
212.924353214266 703.366808080682 639 1572026675346
216.920750190503 703.266496843881 639 1572026675384
220.920482466229 703.312775591844 639 1572026675384
224.920214741955 703.359054339806 639 1572026675384
228.919947017682 703.405333087769 639 1572026675384
232.892950677722 702.965035679678 639 1572026675399
END STROKE
412.616761701812 703.07107904528 626 1572026675887
416.616635160629 703.039262171545 626 1572026675887
420.616508619446 703.00744529781 626 1572026675887
424.616382078262 702.975628424075 626 1572026675887
428.616255537079 702.94381155034 626 1572026675887
432.615927555339 702.90096144182 625 1572026675902
436.614296676325 702.786749479444 625 1572026675902
440.585796492672 702.358130310039 622 1572026675917
444.55539128413 701.930454408089 623 1572026675924
448.522560993304 701.544743753642 622 1572026675932
452.512599986351 701.362478464304 622 1572026675954
456.511604783162 701.273256073125 622 1572026675954
460.4895289589 700.853654789827 622 1572026675969
464.468730835376 700.618017042362 622 1572026675984
468.420771657021 700.033707351945 622 1572026676007
472.398340373237 699.610685948487 622 1572026676007
476.372532456959 699.157563995919 621 1572026676022
480.348496184971 698.723875065971 622 1572026676045
484.334741555238 698.392442044049 622 1572026676045
488.322843542543 698.087136733073 622 1572026676060
492.315900823277 697.851566037146 622 1572026676060
496.304000739066 697.544413844714 622 1572026676082
500.291410663703 697.227298577176 622 1572026676082
504.287463573036 697.067408763728 622 1572026676112
508.285606729919 696.945542865832 622 1572026676112
512.283826138331 696.826472476358 623 1572026676150
516.282667640158 696.730209070707 623 1572026676150
520.281509141985 696.633945665056 623 1572026676150
524.280350643812 696.537682259405 623 1572026676150
528.275650972677 696.352938275845 625 1572026676172
532.269395557446 696.129322105525 625 1572026676172
536.253515076534 695.792569807933 624 1572026676180
540.230863213885 695.367793283662 624 1572026676195
544.213196913476 695.037268347115 624 1572026676240
548.21298596676 695.078347894663 624 1572026676240
552.212775020045 695.119427442212 624 1572026676240
556.212564073329 695.16050698976 624 1572026676240
560.211916343504 695.166959291094 629 1572026676300
564.209396613263 695.025003337056 629 1572026676300
568.206876883022 694.883047383017 629 1572026676300
572.204357152781 694.741091428979 629 1572026676300
576.20183742254 694.599135474941 629 1572026676300
580.197841285081 694.422974336284 629 1572026676307
584.175863599704 694.724260862569 629 1572026676322
588.157047529458 695.078624174781 629 1572026676360
592.154575347931 695.219234773703 629 1572026676360
596.152103166405 695.359845372625 629 1572026676360
600.149630984879 695.500455971548 629 1572026676360
604.148404211897 695.447261959438 631 1572026676383
608.147409856168 695.358088171217 631 1572026676428
612.147077907936 695.306556863641 631 1572026676428
616.146745959705 695.255025556065 631 1572026676428
620.146414011474 695.203494248489 631 1572026676428
624.141664584013 695.029598421265 631 1572026676450
628.013089135204 695.91746121683 635 1572026676510
END STROKE
-231.921768473925 200.341859480836 667 1572026669631
-231.759908743523 204.33858331764 667 1572026669631
-231.384415092115 208.212404780187 675 1572026669707
-230.665813977859 212.068282345977 678 1572026669752
-230.30649628752 215.92312272158 678 1572026669834
-230.1277525412 219.689120213939 684 1572026669962
-230.486155132689 223.486032823131 687 1572026670457
-230.7953663222 227.404517379921 686 1572026670615
-230.30649628752 231.265701301863 686 1572026670758
-230.034348629532 235.253427366416 686 1572026670863
END STROKE
-217.012050142781 714.0164679726 537 1572026673619
-216.113790183356 710.205943060005 533 1572026673551
-216.113790183356 706.205943060005 534 1572026673499
-215.754472493017 702.23984906682 533 1572026673461
-215.281931516021 698.290914259428 548 1572026673424
-214.601323988549 694.374746557409 550 1572026673394
-214.212561399535 690.403172182073 555 1572026673364
-213.668863437088 686.44248322336 584 1572026673341
-213.239317193489 682.473987655402 601 1572026673311
-213.363757885292 678.485549074231 603 1572026673281
-212.948592394968 674.518012389058 605 1572026673274
-212.710031365712 670.525375246341 604 1572026673251
-212.922393476462 666.61064338146 605 1572026673221
-212.397100508856 662.765594217572 605 1572026673206
-212.460628318747 658.770823189773 605 1572026673183
-212.146720292069 654.783525401277 605 1572026673176
-211.868241175953 650.79323100338 605 1572026673176
-211.66328465342 646.798696888391 606 1572026673146
-211.202324745578 642.828203952922 604 1572026673131
-211.083445317878 638.836290616228 606 1572026673116
-211.032725103612 634.837356676289 604 1572026673093
-210.736802789011 630.855158108392 607 1572026673078
-210.316554074853 626.881426734134 606 1572026673071
-210.007651239099 622.893997794697 607 1572026673048
-210.170987457103 618.974746613718 605 1572026673041
-210.138736553224 614.986515207868 608 1572026673018
-209.945103547855 610.998790720024 606 1572026673003
-209.751402749337 607.005399805022 608 1572026672981
-209.645617312382 603.011795865002 607 1572026672958
-209.466549977776 599.020673871633 624 1572026672951
END STROKE
-215.03583711234 360.782730152967 680 1572026671884
-214.972992278033 364.742706503461 680 1572026671922
-214.746326350862 368.598148058591 680 1572026671944
-214.478888095845 372.578390559334 680 1572026671989
-214.30161068556 376.574450608114 680 1572026672027
-214.09361817004 380.569039337068 680 1572026672027
-213.598600617407 384.502069729282 680 1572026672057
-213.598600617407 388.502069729282 680 1572026672057
-213.114545739617 392.435911237307 679 1572026672087
-212.810671252239 396.423391220666 679 1572026672110
-212.535720186649 400.406438103181 678 1572026672132
-212.42148738387 404.391098587763 679 1572026672162
-212.567707989411 408.388081701066 679 1572026672177
-212.520681812812 412.374027752394 679 1572026672207
-212.518353835877 416.373715304707 678 1572026672215
-212.358774379234 420.258555647542 679 1572026672230
-212.673634571257 424.228597489011 678 1572026672282
-212.3250663718 428.213381072887 678 1572026672282
-211.980538986305 432.198380585022 679 1572026672320
-211.902466438004 436.197618597095 679 1572026672320
-211.824393889704 440.196856609167 679 1572026672320
-211.902134099661 444.184856184105 679 1572026672342
-211.283522686894 448.107236384587 679 1572026672350
END STROKE
-229.048918637756 238.97603333256 687 1572026670946
-228.689600947417 242.927807776806 685 1572026671013
-228.352812018999 246.88260978205 685 1572026671058
-228.150658678331 250.847869785614 685 1572026671103
-227.636724358527 254.748575381821 687 1572026671141
-227.492515543514 258.736325408453 686 1572026671171
-227.034796443718 262.686696664859 685 1572026671216
-226.174445647889 266.559028629036 684 1572026671238
-225.52565823495 270.474595759338 673 1572026671261
-225.276185688464 274.437825019151 683 1572026671314
-225.221781538869 278.431945662153 682 1572026671321
-224.823560454401 282.38891118714 683 1572026671359
-224.034752358628 286.309737860007 683 1572026671374
-223.377507436883 290.20961134414 681 1572026671404
-222.950538019039 294.185810438619 682 1572026671426
-222.726061895731 298.139631823531 684 1572026671479
-222.149022525966 302.097791189416 684 1572026671479
-221.322880708959 306.009688343982 682 1572026671509
-220.455449886219 309.839606129701 682 1572026671524
-220.537224813094 313.81079069739 681 1572026671561
-219.930931609378 317.727607947205 683 1572026671576
-219.563564546349 321.462359786506 681 1572026671599
-219.231752879566 325.202990662714 681 1572026671621
-218.509934238494 329.131974251897 680 1572026671682
-217.862539788149 333.07923664825 680 1572026671682
-217.37136783312 337.041539239224 680 1572026671712
END STROKE
228.427338402067 174.266318459595 576 1572026679695
232.425582991702 174.147852204225 575 1572026679710
236.423949623371 174.033553128305 575 1572026679710
240.420993776388 173.880883007653 575 1572026679740
244.417741983224 173.71962615928 575 1572026679740
248.414490190061 173.558369310907 575 1572026679740
252.412702382715 173.441404093727 574 1572026679770
256.411375562839 173.338385655784 574 1572026679770
260.410048742964 173.235367217841 574 1572026679770
264.409151838946 173.152487272796 575 1572026679793
268.408578468081 173.084762549334 575 1572026679793
272.40791111559 173.012525599695 573 1572026679808
276.40668917708 172.913661981782 573 1572026679808
280.388146134722 172.600157151751 575 1572026679815
284.369742037456 172.258842092968 572 1572026679838
288.36511526502 172.066507040365 572 1572026679838
292.360311200726 171.881577270165 573 1572026679845
296.343993390874 172.174268738073 572 1572026679868
300.339025898605 171.974981853961 572 1572026679868
304.334058406335 171.775694969849 572 1572026679868
308.332041336386 171.761287896268 573 1572026679890
312.331398536471 171.832995539721 573 1572026679890
316.330755740318 171.848589489723 572 1572026679913
320.330112950016 171.776882382454 572 1572026679913
324.327232259288 171.669448578778 573 1572026679921
328.308061632172 171.282720528394 573 1572026679936
332.296495778568 170.978758261226 573 1572026679936
336.271597555063 170.551845410989 573 1572026679966
340.269304676057 170.416428370862 573 1572026679966
344.26701179705 170.281011330735 573 1572026679966
348.265211639115 170.161596267108 573 1572026679981
352.261633615522 170.013910383344 572 1572026679996
356.247876929391 169.682452629422 572 1572026679996
360.243473742048 169.576360902612 571 1572026680003
END STROKE
-226.195460942401 193.542881018988 550 1572026678351
-222.216904261767 193.23658183588 556 1572026678366
-218.231762965866 192.926331851021 562 1572026678389
-214.234955238827 192.767900314165 581 1572026678419
-210.237856516692 192.615578925303 581 1572026678419
-206.24968944842 192.318937404937 587 1572026678434
-202.262358206579 192.003091476579 588 1572026678441
-198.307600188265 191.43924976276 587 1572026678456
-194.370056703186 190.735342586505 588 1572026678471
-190.446038211978 189.959405165924 588 1572026678471
-186.513234608773 189.232405197874 588 1572026678479
-182.568665910658 188.569170731523 587 1572026678494
-178.62722989324 187.887201435588 587 1572026678494
-174.655235768914 187.420721061103 586 1572026678509
-170.669992184042 187.182116434413 585 1572026678539
-166.670472875932 187.244126950065 585 1572026678539
-162.670953567821 187.306137465717 585 1572026678539
-158.687934826289 187.003510325055 585 1572026678561
-154.710362716401 186.580520832703 585 1572026678561
-150.715437631378 186.427765438052 587 1572026678584
-146.71643285308 186.338542217147 587 1572026678584
-142.732153815422 185.988567195914 585 1572026678621
-138.75095244269 185.601222866209 585 1572026678621
-134.764362932817 185.408179807076 585 1572026678636
-130.786184456353 185.751741710105 585 1572026678644
-126.796675042496 185.699637327417 585 1572026678659
-122.826518900135 185.226395029384 586 1572026678674
-118.871609474833 185.51861978542 585 1572026678696
-114.934537231719 185.184779600347 584 1572026678757
-110.935508254471 185.096647658753 584 1572026678757
-106.936479277223 185.00851571716 584 1572026678757
-102.937450299975 184.920383775566 584 1572026678757
-98.9403684386483 184.927319477576 582 1572026678794
-94.9483017458913 185.179120034725 582 1572026678794
-90.9562350531344 185.430920591873 582 1572026678794
-86.987077518051 185.901893634898 583 1572026678809
-83.0128737188999 186.333892380678 584 1572026678817
-79.0153982313934 186.195889916459 583 1572026678832
-75.0248973808059 186.08710837318 583 1572026678847
-71.0295898448803 186.072953512606 582 1572026678862
-67.0416379839133 185.79217040068 583 1572026678877
-63.0566337511065 185.561725378616 580 1572026678892
-59.0594337351696 185.645558767004 582 1572026678907
-55.0624986104163 185.494306894279 580 1572026678914
-51.0690373131755 185.283695028725 581 1572026678967
-47.0710253215428 185.157599371541 581 1572026678967
-43.07301332991 185.031503714358 581 1572026678967
-39.0750013382772 184.905408057174 581 1572026678967
-35.0848850773305 184.73949016558 580 1572026679019
-31.1041463135572 185.131560177941 580 1572026679019
-27.123407549784 185.523630190302 580 1572026679019
-23.1396253169177 185.871099384643 580 1572026679049
-19.1425265947824 186.023420773505 580 1572026679049
-15.1454278397015 186.175741297746 580 1572026679064
-11.1483279661043 186.328032467843 580 1572026679064
-7.17503451187073 186.108196821779 580 1572026679079
-3.18019048339861 186.03651004621 580 1572026679102
0.816021396712492 185.862468070644 580 1572026679102
4.80628535432936 185.585974163054 579 1572026679132
8.79578989790238 185.296399480441 579 1572026679132
12.7849892044455 185.003103125202 577 1572026679155
16.7683626437662 184.638773545131 577 1572026679155
20.7517360830868 184.274443965059 577 1572026679155
24.7470260121223 184.108855086378 577 1572026679170
28.7458260451898 184.014658849851 578 1572026679200
32.7454047690951 183.956606879302 578 1572026679200
36.7449834930003 183.898554908752 578 1572026679200
40.7339831239344 183.657968921703 578 1572026679230
44.7134891651845 183.253578432629 578 1572026679230
48.6929952064347 182.849187943555 578 1572026679230
52.6859323670996 182.665439178129 577 1572026679252
56.6851061612585 182.584143642504 577 1572026679252
60.6833093299893 182.646192292461 568 1572026679267
64.6814808575049 182.676066221086 576 1572026679305
68.6802257251902 182.575868999766 576 1572026679305
72.6789705928756 182.475671778446 576 1572026679305
76.6762670670621 182.345097800686 575 1572026679327
80.666404407682 182.064377293793 575 1572026679327
84.656541748302 181.7836567869 575 1572026679327
88.650843949295 181.572635285802 574 1572026679365
92.6460173886638 181.376193973035 574 1572026679365
96.6411908280326 181.179752660268 574 1572026679365
100.636364267401 180.983311347501 574 1572026679365
104.631865137094 180.793714524942 575 1572026679387
108.627546235156 180.607885133865 575 1572026679387
112.623227333219 180.422055742788 575 1572026679387
116.611152977159 180.111690145607 576 1572026679417
120.599017723553 179.800346662506 576 1572026679417
124.586882469947 179.489003179406 576 1572026679417
128.577433176301 179.223348148389 576 1572026679492
132.574308761888 179.065279956337 576 1572026679492
136.571184347475 178.907211764285 576 1572026679492
140.568059933062 178.749143572233 576 1572026679492
144.564935518649 178.591075380181 576 1572026679492
148.561811104236 178.433007188129 576 1572026679492
152.558686689823 178.274938996077 576 1572026679492
156.55556227541 178.116870804025 576 1572026679492
160.552437860997 177.958802611972 576 1572026679492
164.53801363208 177.620269152937 576 1572026679507
168.53053535523 177.406114250384 577 1572026679560
172.529144195766 177.300628040923 577 1572026679560
176.527753036302 177.195141831461 577 1572026679560
180.526361876838 177.089655622 577 1572026679560
184.524970717375 176.984169412539 577 1572026679560
188.512412809142 176.677423013976 574 1572026679590
192.498147551821 176.339904775945 574 1572026679590
196.486377738308 176.035661109161 576 1572026679613
200.477870646975 175.774923002886 576 1572026679613
204.469362886472 175.514174653041 574 1572026679628
208.459761665467 175.238255655663 574 1572026679658
212.447387585002 174.923868114791 574 1572026679658
216.435013504536 174.60948057392 574 1572026679658
220.430925441016 174.505615382426 576 1572026679665
224.429135577072 174.386210787131 576 1572026679695
END STROKE
-211.335320855289 451.950532594926 678 1572026672380
-210.939655679359 455.930915625308 678 1572026672380
-210.90378647271 459.929137239997 678 1572026672402
-211.058035594057 463.917958923437 678 1572026672417
-210.480174730098 467.815576312495 677 1572026672440
-210.86239161246 471.785778913889 678 1572026672455
-210.689143268423 475.781931781398 677 1572026672478
-210.560570366481 479.779864873496 677 1572026672478
-210.544468782371 483.779606028195 678 1572026672500
-210.322795653974 487.76861670539 677 1572026672515
-210.185185358453 491.761794751058 675 1572026672538
-210.322662897768 495.755544787604 674 1572026672553
-210.544468782371 499.745461113721 674 1572026672575
-210.515884759923 503.744085508178 670 1572026672598
-210.131774514754 507.72560020984 670 1572026672598
-209.866383898092 511.705826945383 669 1572026672613
-209.705391556763 515.668386344352 669 1572026672628
-209.77011081944 519.663194878254 668 1572026672650
-209.950800837283 523.650974280013 667 1572026672665
-210.185185358453 527.613256606151 664 1572026672680
-209.825867668114 531.580782856527 663 1572026672703
-209.487798308226 535.500313710491 662 1572026672710
-209.748424512171 539.101422035218 659 1572026672718
-209.612142639855 543.078189313185 652 1572026672740
-209.364805752667 547.070407151989 650 1572026672748
-209.378329520642 551.066143160142 643 1572026672785
-209.503232465571 555.064192591346 643 1572026672785
-209.628135410499 559.062242022549 643 1572026672785
-209.646208822946 563.061959775927 641 1572026672815
-209.646208822946 567.061959775927 641 1572026672815
-209.306086400053 571.022866660187 639 1572026672845
-209.415388669246 575.021373008056 639 1572026672845
-209.466549977776 579.020673871633 633 1572026672906
-209.466549977776 583.020673871633 633 1572026672906
-209.466549977776 587.020673871633 633 1572026672906
-209.466549977776 591.020673871633 633 1572026672906
END STROKE
642.276503109867 694.183442571278 672 1572026683382
641.64069787609 690.264211403257 664 1572026683322
642.013164988765 686.313523242802 664 1572026683292
642.456196221463 682.350704558768 662 1572026683247
642.625450187349 678.367758651704 662 1572026683217
642.920625871281 674.439165181547 660 1572026683195
643.61844863303 670.50113940786 661 1572026683180
644.235703167211 666.549051751945 661 1572026683180
644.41831903402 662.586980403051 661 1572026683127
644.773268170941 658.610564829616 662 1572026683112
645.151044632582 654.635491069284 662 1572026683082
645.569396318118 650.669852239985 662 1572026683060
646.264826856789 646.756248583637 660 1572026683037
646.957713633074 642.83239506919 661 1572026683022
647.306813708926 638.84826608914 663 1572026682992
647.306813708926 634.84826608914 663 1572026682992
647.306813708926 630.84826608914 661 1572026682969
647.306813708926 626.84826608914 661 1572026682969
647.306813708926 622.84826608914 661 1572026682969
647.493828511877 618.855074655636 662 1572026682902
647.723652550019 614.862363217813 662 1572026682879
647.882216082688 610.865758260806 661 1572026682857
648.154887249344 606.875062778202 661 1572026682857
648.633836328809 602.905063194346 661 1572026682834
648.983174815869 598.925177678095 661 1572026682812
649.147844961084 594.929854638538 661 1572026682789
649.581230590815 590.953519818481 661 1572026682782
649.838200068626 586.962323727402 661 1572026682752
650.068060504598 582.968933666317 661 1572026682752
650.297920940571 578.975543605231 661 1572026682752
650.552866672795 574.983706495638 661 1572026682707
650.969937485708 571.010637508365 662 1572026682684
651.378828898733 567.038538339221 663 1572026682669
651.806096599032 563.06389975618 664 1572026682654
652.322440913894 559.097366187873 664 1572026682654
652.995158999231 555.154647109725 666 1572026682616
653.610690346012 551.203119693455 665 1572026682594
653.895194352901 547.213250338443 665 1572026682594
654.172917900443 543.222933345531 665 1572026682564
654.415409906843 539.230290407973 665 1572026682564
654.374217602562 535.235241915458 665 1572026682541
654.199468345169 531.239060901409 665 1572026682541
654.735783101492 527.314168464279 664 1572026682504
654.421032091967 523.426317494201 666 1572026682481
654.242654814577 519.432516044594 666 1572026682474
654.145544986822 515.433695008169 666 1572026682474
653.954088180924 511.442009308629 667 1572026682436
654.01209388513 507.443066253173 667 1572026682421
654.068509188906 503.448520316612 666 1572026682399
653.862672810419 499.455664142129 668 1572026682391
653.934439612131 495.46733737547 664 1572026682369
654.062498621838 491.497203958648 654 1572026682346
654.203817836548 487.52894208341 665 1572026682324
654.78845152024 483.571897295201 665 1572026682324
654.672723561603 479.632801949163 666 1572026682286
654.313337338425 475.675846557894 664 1572026682264
654.217578520951 471.714835248559 664 1572026682241
654.028208319432 467.752219571777 666 1572026682226
654.18218266801 463.757879732307 664 1572026682203
654.61976123641 459.781991068712 666 1572026682188
654.672723561603 455.784617394261 665 1572026682173
654.590637263278 451.786411999378 666 1572026682158
654.52082660062 447.788764605524 665 1572026682143
654.583762359936 443.789259749895 665 1572026682143
654.646698119253 439.789754894266 665 1572026682143
654.709633878569 435.790250038637 665 1572026682143
654.772569637886 431.790745183008 665 1572026682143
654.835505397202 427.791240327379 665 1572026682143
END STROKE
364.230870547217 169.272657234926 571 1572026680018
368.211910645853 168.888492944262 571 1572026680026
372.20321228296 168.676637146304 572 1572026680041
376.202019939359 168.590560149109 570 1572026680056
380.202019939359 168.590560149109 570 1572026680056
384.158757318515 169.042175841054 571 1572026680071
388.117355662385 168.554390356959 571 1572026680123
392.11617688527 168.457288207637 571 1572026680123
396.114998108155 168.360186058316 571 1572026680123
400.11381933104 168.263083908994 571 1572026680123
404.112640553926 168.165981759672 571 1572026680123
408.111810394355 168.097597094283 572 1572026680138
412.111810394355 168.097597094283 572 1572026680138
416.111741960773 168.076492408132 569 1572026680206
420.111657847183 168.050552060275 569 1572026680206
424.111573733593 168.024611712417 569 1572026680206
428.111489620002 167.998671364559 569 1572026680206
432.111405506412 167.972731016701 569 1572026680206
436.111321392822 167.946790668843 569 1572026680206
440.107714019703 167.816315162528 570 1572026680221
444.101268512018 167.604696717532 568 1572026680228
448.100716879058 167.65175757138 568 1572026680251
452.099617845058 167.745518246123 568 1572026680251
456.081081093628 168.099445174542 570 1572026680273
460.042301419345 168.632218569041 568 1572026680281
464.029481346832 168.697527357962 564 1572026680356
468.028907753181 168.629789479381 564 1572026680356
472.02833415953 168.562051600801 564 1572026680356
476.02776056588 168.49431372222 564 1572026680356
480.027186972229 168.42657584364 564 1572026680356
484.025273089404 168.302919888762 552 1572026680394
488.023352093298 168.178967161395 552 1572026680394
492.02090558795 168.040530652986 551 1572026680409
496.018307697746 167.90089042069 552 1572026680439
500.017262101515 167.809437282021 552 1572026680439
504.016154053085 167.715322795922 551 1572026680469
508.01499644965 167.619096565464 551 1572026680469
512.014400571801 167.551077491514 552 1572026680514
516.013903546703 167.488022327145 552 1572026680514
520.011367290053 167.375368130052 551 1572026680551
524.002547844112 167.109891605861 551 1572026680551
527.993728398172 166.844415081671 551 1572026680551
531.99169393635 166.783175196921 550 1572026680574
535.99169393635 166.783175196921 550 1572026680589
539.956599820045 167.079002251057 539 1572026680611
END STROKE
543.926760208474 166.592280156816 548 1572026680649
547.908978459845 166.21553382511 548 1572026680649
551.891196711215 165.838787493405 548 1572026680649
555.88027137277 165.566649412943 548 1572026680664
559.870719094576 165.325708933595 549 1572026680686
563.847219764473 164.892762721797 549 1572026680686
567.800494280691 164.968406519406 548 1572026680717
571.783869106569 164.604092099492 548 1572026680717
575.76757618412 164.243499091396 545 1572026680739
579.752487681939 163.896396290272 545 1572026680739
583.741894772814 163.63025319237 547 1572026680762
587.740737192611 163.534027927325 547 1572026680762
591.739287545233 163.567347292951 546 1572026680784
595.735999858449 163.608759317151 546 1572026680807
599.725048332201 163.312968387519 546 1572026680807
603.708403690411 162.953791073749 547 1572026680822
607.676818576616 162.462438513616 545 1572026680844
611.626551261791 161.830290021838 545 1572026680844
615.602303952118 161.525362251322 546 1572026680859
619.590920420428 161.325576390047 547 1572026680874
623.562261416727 160.848600608612 547 1572026680882
627.537256350416 160.742800459043 547 1572026680897
631.518882743393 160.394501161712 545 1572026680927
635.51236466062 160.166242149219 545 1572026680927
639.507353926252 159.968712107553 545 1572026680979
643.504003590919 159.805031143742 545 1572026680979
647.500653255586 159.641350179931 545 1572026680979
651.497511824528 159.482954225382 544 1572026681002
655.480831861811 159.553635388167 546 1572026681017
END STROKE
===NOTES===
Great Job
