1.00
USERID - 01/01/2000 01:00:00 AM - F - HS - EN - N/A
11/15/2019 11:9:24:412
11/15/2019 11:9:26:577
-204.867556872646 475.269301712807 837 1573837766960
-204.623091914579 479.261824334443 837 1573837766960
-204.378626956512 483.254346956079 837 1573837766960
-204.134161998445 487.246869577716 837 1573837766960
-203.889697040378 491.239392199352 837 1573837766960
-203.547695417204 495.220958556333 837 1573837766968
-203.09584413881 499.188115738849 837 1573837767035
-202.934983009351 503.18487989214 837 1573837767035
-202.774121879891 507.181644045431 837 1573837767035
-202.613260750432 511.178408198721 837 1573837767035
-202.452399620972 515.175172352012 837 1573837767035
-202.291538491513 519.171936505303 837 1573837767035
-202.130677362053 523.168700658593 837 1573837767035
-201.840528193331 527.156978169722 837 1573837767050
-201.567317339745 531.141491288472 837 1573837767058
-201.486410635578 535.123442506813 836 1573837767073
-201.016863902213 539.095787641011 836 1573837767073
-200.77620373434 543.087665902462 836 1573837767095
-200.654767145693 547.085822121889 836 1573837767095
-200.055672566547 551.025880213856 836 1573837767118
-199.819665341523 555.018911717581 836 1573837767118
-199.639337274807 559.014539364153 836 1573837767133
-199.454490112141 563.009300947805 836 1573837767148
-199.110475147379 566.994480204002 836 1573837767148
-198.676266857088 570.970290510265 836 1573837767163
-198.209247619383 574.942760173397 835 1573837767201
-197.830638131713 578.924801717109 835 1573837767201
-197.452028644043 582.906843260821 835 1573837767201
-197.073419156373 586.888884804532 835 1573837767201
-196.757230500656 590.875312989616 836 1573837767231
-196.575191044891 594.871168547133 836 1573837767231
-196.393151589125 598.867024104651 836 1573837767231
-196.061679195404 602.847512070172 836 1573837767246
-195.426646791286 606.796782109776 836 1573837767246
-195.145803524197 610.785188887662 836 1573837767268
-194.903280791528 614.77782995895 836 1573837767268
-194.587704609677 618.765015009389 836 1573837767298
-194.234461509417 622.749386893654 836 1573837767298
-193.881218409158 626.733758777919 836 1573837767298
END STROKE
236.531921270392 238.62617695155 774 1573837769314
240.52345635853 238.366085351988 774 1573837769314
244.514991446668 238.105993752426 774 1573837769314
248.506526534806 237.845902152864 774 1573837769314
252.498061622944 237.585810553302 774 1573837769314
256.489596711082 237.32571895374 774 1573837769314
260.48113179922 237.065627354178 774 1573837769314
264.473804423802 236.824463129333 771 1573837769359
268.467758825914 236.604626294728 771 1573837769359
272.461713228026 236.384789460123 771 1573837769359
276.455667630138 236.164952625518 771 1573837769359
280.44962203225 235.945115790913 771 1573837769359
284.443576434362 235.725278956308 771 1573837769359
288.437530836474 235.505442121704 771 1573837769359
292.431485238587 235.285605287099 771 1573837769359
296.425439640699 235.065768452494 771 1573837769359
300.419394042811 234.845931617889 771 1573837769359
304.414459802701 234.647918260931 767 1573837769411
308.410084814056 234.46088679664 767 1573837769411
312.405709825411 234.273855332349 767 1573837769411
316.401334836766 234.086823868058 767 1573837769411
320.396959848121 233.899792403768 767 1573837769411
324.392584859476 233.712760939477 767 1573837769411
328.388209870831 233.525729475186 767 1573837769411
332.383834882186 233.338698010895 767 1573837769411
336.379459893541 233.151666546605 767 1573837769411
340.375084904896 232.964635082314 767 1573837769411
344.370709916251 232.777603618023 767 1573837769411
348.366429615254 232.592679907855 765 1573837769464
352.362730178172 232.420686271869 765 1573837769464
356.35903074109 232.248692635883 765 1573837769464
360.355331304008 232.076698999897 765 1573837769464
364.351631866926 231.904705363911 765 1573837769464
END STROKE
270.014440543339 689.288407794954 641 1573837774902
274.013690498748 689.210949456761 641 1573837774902
278.012940454158 689.133491118569 641 1573837774902
282.012190409568 689.056032780377 641 1573837774902
286.011440364977 688.978574442185 641 1573837774902
290.010690320387 688.901116103993 641 1573837774902
294.009940275797 688.823657765801 641 1573837774902
298.009190231207 688.746199427609 641 1573837774902
302.008440186616 688.668741089417 641 1573837774902
306.007690142026 688.591282751225 641 1573837774902
310.006940097436 688.513824413033 641 1573837774902
314.006190052845 688.436366074841 641 1573837774902
318.005440008255 688.358907736649 641 1573837774902
322.004689963665 688.281449398457 641 1573837774902
326.003939919075 688.203991060265 641 1573837774902
330.003189874484 688.126532722073 641 1573837774902
333.998548571487 687.949721234486 637 1573837774909
337.990101767081 687.83938192629 639 1573837774917
341.976348560912 688.170797826144 639 1573837774917
345.972470881908 688.251166645385 640 1573837774962
349.972433645139 688.233907075241 640 1573837774962
353.972396408371 688.216647505097 640 1573837774962
357.972359171602 688.199387934953 640 1573837774962
361.972321934834 688.182128364809 640 1573837774962
365.972284698065 688.164868794665 640 1573837774962
369.972247461297 688.147609224522 640 1573837774962
373.972210224528 688.130349654378 640 1573837774962
377.97217298776 688.113090084234 640 1573837774962
381.972138553263 688.096658913521 636 1573837775045
385.972126542623 688.086856619218 636 1573837775045
389.972114531983 688.077054324915 636 1573837775045
393.972102521344 688.067252030612 636 1573837775045
397.972090510704 688.057449736309 636 1573837775045
401.972078500064 688.047647442006 636 1573837775045
405.972066489424 688.037845147703 636 1573837775045
409.972054478785 688.028042853401 636 1573837775045
413.972042468145 688.018240559098 636 1573837775045
417.972030457505 688.008438264795 636 1573837775045
421.972018446865 687.998635970492 636 1573837775045
425.972006436226 687.988833676189 636 1573837775045
429.971994425586 687.979031381887 636 1573837775045
433.971982414946 687.969229087584 636 1573837775045
437.971970404306 687.959426793281 636 1573837775045
441.971958393667 687.949624498978 636 1573837775045
445.971946383027 687.939822204675 636 1573837775045
449.971927920165 687.935851101725 638 1573837775090
453.971884422322 687.954505346581 638 1573837775090
457.971840924479 687.973159591438 638 1573837775090
461.971797426636 687.991813836295 638 1573837775090
465.971753928793 688.010468081152 638 1573837775090
469.971710430951 688.029122326009 638 1573837775090
473.971666933108 688.047776570866 638 1573837775090
477.971623435265 688.066430815722 638 1573837775090
481.971579937422 688.085085060579 638 1573837775090
485.963236026179 688.243674581592 639 1573837775097
489.937349565957 688.69801099104 639 1573837775097
493.933728051431 688.77594134146 638 1573837775150
497.933690460936 688.793282695227 638 1573837775150
501.93365287044 688.810624048995 638 1573837775150
505.933615279945 688.827965402763 638 1573837775150
509.93357768945 688.84530675653 638 1573837775150
513.933540098954 688.862648110298 638 1573837775150
517.933502508459 688.879989464065 638 1573837775150
521.933464917963 688.897330817833 638 1573837775150
525.933427327468 688.914672171601 638 1573837775150
529.932766311652 688.965725097229 638 1573837775165
533.930634943355 689.096286973896 638 1573837775165
537.928503575059 689.226848850562 638 1573837775165
541.92624908224 689.361111606511 639 1573837775187
545.923955329259 689.496554445187 639 1573837775187
549.921661576278 689.631997283862 639 1573837775187
553.91936057153 689.767652204376 638 1573837775202
557.91698131849 689.905595538658 638 1573837775202
561.91460206545 690.043538872939 638 1573837775202
565.913843521225 690.087517431737 638 1573837775210
569.913843521225 690.087517431737 638 1573837775217
573.913136800619 690.123855934862 639 1573837775232
577.910112066582 690.279383177754 639 1573837775232
581.907395159009 690.419082450094 641 1573837775240
585.907210491362 690.428440790949 641 1573837775285
589.904096590201 690.586242923079 641 1573837775285
593.900982689041 690.744045055209 641 1573837775285
597.89786878788 690.901847187338 641 1573837775285
601.89475488672 691.059649319468 641 1573837775285
605.891640985559 691.217451451597 641 1573837775285
609.888527084398 691.375253583727 641 1573837775285
613.885036830273 691.542233708577 644 1573837775300
617.881423965042 691.712203909057 644 1573837775300
621.88032793973 691.795423724142 645 1573837775322
625.879847247841 691.857434239793 645 1573837775322
629.877557997337 691.955349731394 650 1573837775352
633.863064667448 692.295550528719 650 1573837775352
637.848571337559 692.635751326045 650 1573837775352
641.83407800767 692.97595212337 650 1573837775352
645.829105628069 693.143001763376 649 1573837775382
649.827884621021 693.241827698888 649 1573837775382
653.826663613973 693.3406536344 649 1573837775382
657.825884993903 693.403673628334 652 1573837775397
661.825884993903 693.403673628334 652 1573837775397
665.825884993903 693.403673628334 656 1573837775412
669.825884993903 693.403673628334 660 1573837775420
673.811463677845 693.73536514994 663 1573837775458
677.811463677845 693.73536514994 663 1573837775458
681.805541289192 693.57975499044 662 1573837775465
685.805151731022 693.569519389137 669 1573837775510
689.805151731022 693.569519389137 669 1573837775510
693.767401631138 693.231376661498 655 1573837775540
694.02167952511 692.949731557895 136 1573837775683
END STROKE
34.3758614428813 701.877006367872 642 1573837774586
38.3625104639646 701.550464513441 642 1573837774586
42.3491594850479 701.223922659009 642 1573837774586
46.3368334246696 700.910168565697 643 1573837774594
50.3262268089826 700.621041464635 646 1573837774631
54.3189884366279 700.380511664395 646 1573837774631
58.3117500642731 700.139981864154 646 1573837774631
62.3045116919183 699.899452063913 646 1573837774631
66.2972733195636 699.658922263673 646 1573837774631
70.2900349472088 699.418392463432 646 1573837774631
74.282796574854 699.177862663192 646 1573837774631
78.2755582024993 698.937332862951 646 1573837774631
82.2671455624523 698.678275062351 645 1573837774654
86.2583261165119 698.412798538162 645 1573837774654
90.2495066705716 698.147322013972 645 1573837774654
94.2406872246313 697.881845489782 645 1573837774654
98.231867778691 697.616368965593 645 1573837774654
102.223710498198 697.361112256103 647 1573837774677
106.215778699509 697.109335616833 647 1573837774677
110.20784690082 696.857558977563 647 1573837774677
114.199915102131 696.605782338293 647 1573837774677
118.191983303442 696.354005699024 647 1573837774677
122.186383407763 696.147889494908 646 1573837774699
126.183331394935 695.991662775534 646 1573837774699
130.180279382106 695.83543605616 646 1573837774699
134.177227369277 695.679209336785 646 1573837774699
138.174175356449 695.522982617411 646 1573837774699
142.170461385499 695.35324728422 642 1573837774774
146.163534295344 695.117941660277 642 1573837774774
150.15660720519 694.882636036333 642 1573837774774
154.149680115035 694.64733041239 642 1573837774774
158.14275302488 694.412024788446 642 1573837774774
162.135825934725 694.176719164502 642 1573837774774
166.128898844571 693.941413540559 642 1573837774774
170.121971754416 693.706107916615 642 1573837774774
174.115044664261 693.470802292672 642 1573837774774
178.108117574107 693.235496668728 642 1573837774774
182.101190483952 693.000191044784 642 1573837774774
186.094263393797 692.764885420841 642 1573837774774
190.087336303643 692.529579796897 642 1573837774774
194.080409213488 692.294274172954 642 1573837774774
198.073482123333 692.05896854901 642 1573837774774
202.066555033179 691.823662925067 642 1573837774774
206.059627943024 691.588357301123 642 1573837774774
210.052700852869 691.353051677179 642 1573837774774
214.047936462373 691.161956772992 641 1573837774819
218.044910786458 691.006405326192 641 1573837774819
222.041885110544 690.850853879392 641 1573837774819
226.038859434629 690.695302432592 641 1573837774819
230.035833758714 690.539750985792 641 1573837774819
234.0328080828 690.384199538992 641 1573837774819
238.029782406885 690.228648092192 641 1573837774819
242.026756730971 690.073096645392 641 1573837774819
246.023731055056 689.917545198592 641 1573837774819
250.020705379142 689.761993751792 641 1573837774819
254.017679703227 689.606442304992 641 1573837774819
258.01669067711 689.52078280953 641 1573837774902
262.015940632519 689.443324471338 641 1573837774902
266.015190587929 689.365866133146 641 1573837774902
END STROKE
-176.769823895559 720.390517013967 492 1573837774256
-172.77931899995 720.199697682802 488 1573837774264
-168.831743794599 719.644862499466 520 1573837774286
-164.838839575785 719.406711498255 520 1573837774286
-160.852702411852 719.087589196432 577 1573837774301
-156.875658308834 718.659663732534 577 1573837774301
-152.892035285639 718.298961377349 579 1573837774331
-148.907487308518 717.94771015952 579 1573837774331
-144.922939331398 717.59645894169 579 1573837774331
-140.938853416322 717.240309969268 618 1573837774406
-136.958916842306 716.840178907226 618 1573837774406
-132.97898026829 716.440047845184 618 1573837774406
-128.999043694274 716.039916783143 618 1573837774406
-125.019107120258 715.639785721101 618 1573837774406
-121.039170546243 715.239654659059 618 1573837774406
-117.059233972227 714.839523597017 618 1573837774406
-113.079297398211 714.439392534975 618 1573837774406
-109.099360824195 714.039261472933 618 1573837774406
-105.119424250179 713.639130410891 618 1573837774406
-101.139487676163 713.238999348849 618 1573837774406
-97.1595511021474 712.838868286807 618 1573837774406
-93.1796145281316 712.438737224765 618 1573837774406
-89.1974616657064 712.063793199474 624 1573837774459
-85.2088067135773 711.762742252198 624 1573837774459
-81.2201517614482 711.461691304921 624 1573837774459
-77.231496809319 711.160640357645 624 1573837774459
-73.2428418571899 710.859589410369 624 1573837774459
-69.2541869050608 710.558538463093 624 1573837774459
-65.2655319529317 710.257487515817 624 1573837774459
-61.2768770008025 709.956436568541 624 1573837774459
-57.2882220486734 709.655385621265 624 1573837774459
-53.2995670965443 709.354334673989 624 1573837774459
-49.318054641972 708.97128401878 635 1573837774511
-45.3374180248353 708.578178279429 635 1573837774511
-41.3567814076985 708.185072540079 635 1573837774511
-37.3761447905618 707.791966800728 635 1573837774511
-33.395508173425 707.398861061378 635 1573837774511
-29.4148715562883 707.005755322028 635 1573837774511
-25.4342349391516 706.612649582677 635 1573837774511
-21.4535983220148 706.219543843327 635 1573837774511
-17.4729617048781 705.826438103977 635 1573837774511
-13.4907243531718 705.451861372807 641 1573837774571
-9.5016471822943 705.156457708673 641 1573837774571
-5.51257001141678 704.861054044539 641 1573837774571
-1.52349284053926 704.565650380405 641 1573837774571
2.46558433033826 704.270246716271 641 1573837774571
6.45466150121578 703.974843052137 641 1573837774571
10.4437386720933 703.679439388003 641 1573837774571
14.4328158429708 703.384035723869 641 1573837774571
18.4218930138483 703.088632059735 641 1573837774571
22.4109701847259 702.793228395601 641 1573837774571
26.4000473556034 702.497824731467 641 1573837774571
30.3891245264809 702.202421067333 641 1573837774571
END STROKE
-193.554757627938 630.72034892396 836 1573837767328
-193.247668087697 634.708543504754 836 1573837767328
-192.940578547455 638.696738085548 836 1573837767328
-192.649587848881 642.686120287008 835 1573837767343
-192.395288786053 646.677848566379 836 1573837767373
-192.193691298504 650.672765142856 836 1573837767373
-191.992093810955 654.667681719334 836 1573837767373
-191.665834194617 658.653262537915 824 1573837767388
-191.276873864707 662.634290785969 836 1573837767411
-190.906242920425 666.617082859771 836 1573837767411
-190.554031630955 670.601451071269 836 1573837767418
-190.074775044917 674.571301638978 835 1573837767433
-189.682709597755 678.550960069964 835 1573837767448
-189.370570731757 682.537586185092 835 1573837767493
-189.292482763747 686.536823896113 835 1573837767493
-189.214394795737 690.536061607134 835 1573837767493
-189.151915087065 694.535567013172 836 1573837767561
-189.09281676425 698.535130412875 836 1573837767561
END STROKE
368.347932429844 231.732711727925 765 1573837769464
372.344232992763 231.560718091939 765 1573837769464
376.340533555681 231.388724455953 765 1573837769464
380.336834118599 231.216730819966 765 1573837769464
384.333134681517 231.04473718398 765 1573837769464
388.329435244435 230.872743547994 765 1573837769464
392.325735807354 230.700749912008 765 1573837769464
396.324009032819 230.601578213178 764 1573837769592
400.323760266191 230.55696799981 764 1573837769592
404.323511499564 230.512357786442 764 1573837769592
408.323262732936 230.467747573074 764 1573837769592
412.323013966308 230.423137359706 764 1573837769592
416.322765199681 230.378527146339 764 1573837769592
420.322516433053 230.333916932971 764 1573837769592
424.322267666425 230.289306719603 764 1573837769592
428.322018899798 230.244696506235 764 1573837769592
432.32177013317 230.200086292867 764 1573837769592
436.321521366542 230.1554760795 764 1573837769592
440.321272599914 230.110865866132 764 1573837769592
444.321023833287 230.066255652764 764 1573837769592
448.320775066659 230.021645439396 764 1573837769592
452.320526300031 229.977035226028 764 1573837769592
456.320277533404 229.932425012661 764 1573837769592
460.320028766776 229.887814799293 764 1573837769592
464.319780000148 229.843204585925 764 1573837769592
468.319531233521 229.798594372557 764 1573837769592
472.319282466893 229.753984159189 764 1573837769592
476.319033700265 229.709373945822 764 1573837769592
480.318784933638 229.664763732454 764 1573837769592
484.31853616701 229.620153519086 764 1573837769592
488.318287400382 229.575543305718 764 1573837769592
492.318038633754 229.530933092351 764 1573837769592
496.317789867127 229.486322878983 764 1573837769592
500.317393680568 229.430873604833 765 1573837769607
504.316878669922 229.366687781414 765 1573837769607
508.316363659277 229.302501957996 765 1573837769607
512.314279480706 229.427241544955 764 1573837769614
516.313266237504 229.420675551046 765 1573837769629
520.312732669029 229.355343605506 765 1573837769629
524.311940945067 229.279472406398 764 1573837769637
528.309809634799 229.148912306586 764 1573837769637
532.307806982643 229.247209434401 764 1573837769644
536.306965947755 229.300567683634 765 1573837769659
540.306965947755 229.300567683634 765 1573837769659
544.306965947755 229.300567683634 765 1573837769659
548.304689423311 229.166092805867 765 1573837769667
552.300197128852 228.978731189096 763 1573837769682
556.295043034187 228.775738103911 763 1573837769682
560.291528305314 228.637311143664 765 1573837769697
564.291528305314 228.637311143664 765 1573837769697
568.291528305314 228.637311143664 764 1573837769704
572.291528305314 228.637311143664 764 1573837769704
576.290343397612 228.543997792772 765 1573837769727
580.289053659778 228.442428903597 765 1573837769727
584.287763921944 228.340860014421 765 1573837769727
588.285496374696 228.208115244552 763 1573837769742
592.28271216668 228.058897576981 763 1573837769742
596.280829359423 227.941876160195 766 1573837769757
600.280132507189 227.867214709133 766 1573837769757
604.278917339996 227.774810953985 766 1573837769772
608.275758591359 227.615876969579 766 1573837769772
612.272631626463 227.495528438356 765 1573837769779
616.269831934292 227.642489585335 764 1573837769794
620.269831934292 227.642489585335 764 1573837769794
624.269831934292 227.642489585335 765 1573837769809
628.269831934292 227.642489585335 765 1573837769809
632.269242834734 227.627651634448 765 1573837769817
636.256665413714 227.310895660688 763 1573837769854
640.256527213627 227.344145947817 763 1573837769854
644.256389013541 227.377396234946 763 1573837769854
648.256250813454 227.410646522075 763 1573837769854
652.256112613367 227.443896809203 763 1573837769854
656.255976505058 227.47664382453 764 1573837769877
660.255976505058 227.47664382453 764 1573837769877
664.255976505058 227.47664382453 764 1573837769877
668.254752015377 227.559655451374 765 1573837769892
672.253530143862 227.642489585335 765 1573837769907
676.253530143862 227.642489585335 765 1573837769907
680.253530143862 227.642489585335 766 1573837769937
END STROKE
-206.818485194707 258.92000964807 672 1573837768796
-202.818659443272 258.882673899064 672 1573837768796
-198.818833691836 258.845338150058 672 1573837768796
-194.819255275819 258.794648919663 724 1573837768826
-190.820790425437 258.683838991111 724 1573837768826
-186.822325575056 258.57302906256 724 1573837768826
-182.823860724675 258.462219134009 724 1573837768826
-178.825395874293 258.351409205458 724 1573837768826
-174.826062836161 258.350294392382 747 1573837768863
-170.826344971081 258.397802283894 747 1573837768863
-166.826627106 258.445310175406 747 1573837768863
-162.82690924092 258.492818066918 747 1573837768863
-158.827191375839 258.540325958429 747 1573837768863
-154.827473510759 258.587833849941 747 1573837768863
-150.827755645678 258.635341741453 747 1573837768863
-146.83004828505 258.536761492039 766 1573837768886
-142.833152612065 258.379202045234 766 1573837768886
-138.836256939081 258.221642598429 766 1573837768886
-134.839361266096 258.064083151624 766 1573837768886
-130.842465593112 257.906523704819 766 1573837768886
-126.850969962982 257.663554400279 772 1573837768908
-122.866057420479 257.316463592845 772 1573837768908
-118.881144877976 256.969372785411 772 1573837768908
-114.896232335474 256.622281977977 772 1573837768908
-110.911319792971 256.275191170543 772 1573837768908
-106.926407250468 255.928100363109 772 1573837768908
-102.933981043965 255.968342840102 772 1573837768916
-98.9386054367882 256.160628454696 772 1573837768916
-94.9949547518557 255.495050362506 772 1573837768923
-91.0507348084364 254.832554875293 778 1573837768961
-87.0542574184771 254.664720219919 778 1573837768961
-83.0577800285179 254.496885564545 778 1573837768961
-79.0613026385587 254.32905090917 778 1573837768961
-75.0648252485994 254.161216253796 778 1573837768961
-71.0683478586402 253.993381598422 778 1573837768961
-67.0718704686809 253.825546943048 778 1573837768961
-63.0753930787217 253.657712287673 778 1573837768961
-59.0789156887625 253.489877632299 778 1573837768961
-55.0825999003532 253.318494776212 787 1573837769081
-51.0874118008011 253.122351845681 787 1573837769081
-47.0922237012489 252.926208915151 787 1573837769081
-43.0970356016968 252.730065984621 787 1573837769081
-39.1018475021447 252.533923054091 787 1573837769081
-35.1066594025925 252.33778012356 787 1573837769081
-31.1114713030404 252.14163719303 787 1573837769081
-27.1162832034883 251.9454942625 787 1573837769081
-23.1210951039361 251.749351331969 787 1573837769081
-19.125907004384 251.553208401439 787 1573837769081
-15.1307189048319 251.357065470909 787 1573837769081
-11.1355308052798 251.160922540378 787 1573837769081
-7.14034270572762 250.964779609848 787 1573837769081
-3.14515460617549 250.768636679318 787 1573837769081
0.850033493376643 250.572493748787 787 1573837769081
4.84522159292878 250.376350818257 787 1573837769081
8.84040969248091 250.180207887726 787 1573837769081
12.835597792033 249.984064957196 787 1573837769081
16.8307858915852 249.787922026666 787 1573837769081
20.8259739911373 249.591779096135 787 1573837769081
24.8211620906894 249.395636165605 787 1573837769081
28.8163501902416 249.199493235075 787 1573837769081
32.8115382897937 249.003350304544 787 1573837769081
36.8067263893458 248.807207374014 787 1573837769081
40.801914488898 248.611064443484 787 1573837769081
44.7971025884501 248.414921512953 787 1573837769081
48.7922906880022 248.218778582423 787 1573837769081
52.7874787875543 248.022635651893 787 1573837769081
56.7826668871065 247.826492721362 787 1573837769081
60.7778549866586 247.630349790832 787 1573837769081
64.7746191722323 247.473717570659 786 1573837769111
68.7727364869749 247.3510067824 786 1573837769111
72.7708538017176 247.228295994141 786 1573837769111
76.7689711164602 247.105585205882 786 1573837769111
80.7670884312029 246.982874417623 786 1573837769111
84.7652057459455 246.860163629364 786 1573837769111
88.7633230606881 246.737452841105 786 1573837769111
92.7584595690368 246.543862617208 783 1573837769171
96.752762679636 246.330455352434 783 1573837769171
100.747065790235 246.117048087661 783 1573837769171
104.741368900834 245.903640822887 783 1573837769171
108.735672011433 245.690233558114 783 1573837769171
112.729975122033 245.47682629334 783 1573837769171
116.724278232632 245.263419028567 783 1573837769171
120.718581343231 245.050011763793 783 1573837769171
124.71288445383 244.83660449902 783 1573837769171
128.707187564429 244.623197234246 783 1573837769171
132.701490675028 244.409789969473 783 1573837769171
136.695793785627 244.196382704699 783 1573837769171
140.690096896226 243.982975439925 783 1573837769171
144.685613073623 243.794902296048 781 1573837769194
148.682032454487 243.625691976464 781 1573837769194
152.678451835351 243.456481656881 781 1573837769194
156.674871216215 243.287271337297 781 1573837769194
160.671290597079 243.118061017714 781 1573837769194
164.663268523612 242.870774054663 781 1573837769209
168.653095770524 242.585680140657 781 1573837769209
172.642923017435 242.300586226651 781 1573837769209
176.637813988161 242.104610740761 781 1573837769224
180.634255484037 241.935923544942 781 1573837769224
184.630696979914 241.767236349122 781 1573837769224
188.628791608749 241.645838870431 781 1573837769231
192.625035300874 241.487184546731 774 1573837769314
196.616570389012 241.227092947169 774 1573837769314
200.60810547715 240.967001347607 774 1573837769314
204.599640565288 240.706909748045 774 1573837769314
208.591175653426 240.446818148483 774 1573837769314
212.582710741564 240.186726548922 774 1573837769314
216.574245829702 239.92663494936 774 1573837769314
220.56578091784 239.666543349798 774 1573837769314
224.557316005978 239.406451750236 774 1573837769314
228.548851094116 239.146360150674 774 1573837769314
232.540386182254 238.886268551112 774 1573837769314
END STROKE
683.65152985678 419.033895317158 795 1573837772587
683.645626253286 415.033899673727 795 1573837772587
683.639722649792 411.033904030297 795 1573837772587
683.633819046298 407.033908386866 795 1573837772587
683.627915442804 403.033912743435 795 1573837772587
683.62201183931 399.033917100004 795 1573837772587
683.616108235816 395.033921456573 795 1573837772587
683.610204632322 391.033925813142 795 1573837772587
683.604301028828 387.033930169712 795 1573837772587
683.598397425334 383.033934526281 795 1573837772587
683.59249382184 379.03393888285 795 1573837772587
683.586590218345 375.033943239419 795 1573837772587
683.580686614851 371.033947595988 795 1573837772587
683.574783011357 367.033951952557 795 1573837772587
683.586022566904 363.034015766335 784 1573837772339
683.619671873085 359.034157303315 784 1573837772339
683.653321179266 355.034298840295 784 1573837772339
683.686970485448 351.034440377275 784 1573837772339
683.720619791629 347.034581914255 784 1573837772339
683.750860134075 343.034727502719 778 1573837772294
683.707703434703 339.034960322082 778 1573837772294
683.664546735331 335.035193141445 778 1573837772294
683.621390035958 331.035425960809 778 1573837772294
683.578233336586 327.035658780172 778 1573837772294
683.535076637214 323.035891599535 778 1573837772294
683.491919937842 319.036124418898 778 1573837772294
683.448763238469 315.036357238261 778 1573837772294
683.405606539097 311.036590057624 778 1573837772294
683.362449839725 307.036822876988 778 1573837772294
683.319293140353 303.037055696351 778 1573837772294
683.27613644098 299.037288515714 778 1573837772294
683.232979741608 295.037521335077 778 1573837772294
683.139903993472 291.038997853275 760 1573837772181
682.98382787696 287.042043982406 760 1573837772181
682.827751760448 283.045090111537 760 1573837772181
682.671675643936 279.048136240668 760 1573837772181
682.733623869538 275.048880387511 758 1573837772144
682.805271941283 271.049522119761 758 1573837772144
682.846226743071 267.049888940758 747 1573837772114
682.846226743071 263.049888940758 747 1573837772114
682.886338167644 259.050150046357 731 1573837772091
682.938412017058 255.050489021444 731 1573837772091
682.990485866473 251.050827996532 731 1573837772091
683.218686725193 247.067035941369 701 1573837772039
683.952170301949 243.135083650506 696 1573837772031
684.689015702508 239.203668004046 674 1573837772009
685.378344446343 235.263512438219 674 1573837772009
END STROKE
-211.750358064141 351.49320786957 838 1573837766667
-211.523527324933 355.486771167647 838 1573837766667
-211.296696585725 359.480334465725 838 1573837766667
-211.060925359183 363.47335634101 838 1573837766682
-210.804177150789 367.465107881059 838 1573837766682
-210.676919381522 371.462814088086 837 1573837766712
-210.566234298349 375.461282396372 837 1573837766712
-210.455549215176 379.459750704657 837 1573837766712
-210.279137242948 383.455513241831 838 1573837766727
-210.060795823472 387.449549674382 838 1573837766727
-209.85460511288 391.444230837023 837 1573837766757
-209.649054513786 395.43894596469 837 1573837766757
-209.443503914693 399.433661092357 837 1573837766757
-209.23856248781 403.428407454963 838 1573837766795
-209.034456058738 407.423196631579 838 1573837766795
-208.830349629667 411.417985808195 838 1573837766795
-208.626243200596 415.412774984812 838 1573837766795
-208.422136771524 419.407564161428 838 1573837766795
-208.41817788791 423.407463091396 838 1573837766810
-208.302481340122 427.402264523997 839 1573837766840
-207.94374338469 431.386145430768 839 1573837766840
-207.585005429258 435.370026337538 839 1573837766840
-207.226267473827 439.353907244309 839 1573837766840
-206.870784202868 443.338079519155 839 1573837766870
-206.516193534013 447.322331702132 839 1573837766870
-206.161602865158 451.30658388511 839 1573837766870
-205.840890324254 455.293147888061 838 1573837766915
-205.650949070288 459.288635633011 838 1573837766915
-205.461007816322 463.28412337796 838 1573837766915
-205.271066562356 467.27961112291 838 1573837766915
-205.08112530839 471.275098867859 838 1573837766915
END STROKE
-213.192348268997 331.587147693829 831 1573837766592
-212.769342698332 335.534606098306 831 1573837766607
-212.701435057885 339.532213836235 831 1573837766622
-212.419958996565 343.522297948995 831 1573837766622
-212.051012430819 347.50519874775 831 1573837766637
END STROKE
683.657433460274 423.033890960589 795 1573837772587
683.663337063768 427.03388660402 795 1573837772587
683.669240667262 431.033882247451 795 1573837772587
683.675144270756 435.033877890882 795 1573837772587
683.68104787425 439.033873534313 795 1573837772587
683.686951477745 443.033869177743 795 1573837772587
683.692855081239 447.033864821174 795 1573837772587
683.698758684733 451.033860464605 795 1573837772587
683.704662288227 455.033856108036 795 1573837772587
683.710565891721 459.033851751467 795 1573837772587
683.716469495215 463.033847394898 795 1573837772587
683.722373098709 467.033843038329 795 1573837772587
683.728276702203 471.033838681759 795 1573837772587
683.734180305697 475.03383432519 795 1573837772587
683.740083909191 479.033829968621 795 1573837772587
683.745987512685 483.033825612052 795 1573837772587
683.751891116179 487.033821255483 795 1573837772587
684.138751482476 491.011845759246 796 1573837772609
684.592745545296 494.985998422509 796 1573837772609
685.040232440216 498.960796272287 798 1573837772639
685.375481204004 502.946722546866 798 1573837772639
685.710729967792 506.932648821445 798 1573837772639
686.04597873158 510.918575096024 798 1573837772639
686.321657940631 514.907853468739 795 1573837772677
686.435701737753 518.906227389764 795 1573837772677
686.549745534875 522.90460131079 795 1573837772677
686.663789331997 526.902975231816 795 1573837772677
686.777833129119 530.901349152841 795 1573837772677
686.834820420943 534.90053660679 794 1573837772692
686.834820420943 538.90053660679 794 1573837772692
687.012292077198 542.896078410673 796 1573837772722
687.213130212713 546.891033234363 796 1573837772722
687.413968348229 550.885988058052 796 1573837772722
687.59168509258 554.881859545347 793 1573837772767
687.707745723692 558.880175432055 793 1573837772767
687.823806354805 562.878491318764 793 1573837772767
687.939866985918 566.876807205472 793 1573837772767
688.055927617031 570.875123092181 793 1573837772767
688.446909452717 574.849221341412 794 1573837772782
689.021938140374 578.807353447587 796 1573837772805
689.339027776981 582.794765410547 796 1573837772805
689.656117413588 586.782177373507 796 1573837772805
689.864014116604 590.776269405538 792 1573837772827
690.035343829741 594.772598487257 792 1573837772827
690.577965594942 598.725391765289 799 1573837772835
690.899791006165 602.710182828684 798 1573837772850
691.112205653777 606.704182212517 796 1573837772872
691.283534087756 610.700511349076 796 1573837772872
691.36728808763 614.698716845449 797 1573837772887
691.431303030556 618.69680086834 797 1573837772925
691.670529960806 622.689640769443 797 1573837772925
691.909756891056 626.682480670547 797 1573837772925
692.138003624938 630.675914309311 798 1573837772962
692.330726335964 634.671268856363 798 1573837772962
692.523449046991 638.666623403416 798 1573837772962
692.911181963134 642.640943639617 798 1573837772970
693.352925347294 646.615513828395 799 1573837773007
693.760800704103 650.594664201692 799 1573837773007
694.121890080322 654.577232838871 799 1573837773022
694.299160948468 658.573298919987 799 1573837773037
694.48737848755 662.568866990776 798 1573837773052
694.671147830908 666.564642052908 798 1573837773083
694.861132461576 670.560127735539 798 1573837773083
694.873007182862 674.55101877407 799 1573837773090
694.920781708177 678.546244963218 799 1573837773120
695.119991829375 682.540470804168 800 1573837773135
695.174544329253 686.516159906147 800 1573837773158
695.446084164217 690.493967056416 802 1573837773180
END STROKE
-215.67240950398 279.748817548369 809 1573837766397
-215.810009868494 283.742737107407 815 1573837766412
-215.598883060352 287.737093194179 818 1573837766450
-215.416832535605 291.732948247411 818 1573837766450
-215.201844949132 295.726961850101 819 1573837766472
-214.939481073884 299.718328843152 818 1573837766487
-214.748897388886 303.7137853633 820 1573837766502
-214.611641104432 307.708982475991 820 1573837766517
-214.763604957285 311.70552317771 823 1573837766540
-214.763604957285 315.70552317771 823 1573837766540
-214.401033824738 319.672758468786 830 1573837766555
-213.950443603859 323.632036283734 832 1573837766562
-213.604155306786 327.614394603423 832 1573837766577
END STROKE
===NOTES===
Great Job
