1.00
USERID - 01/01/2000 01:00:00 AM - F - HS - EN - N/A
11/12/2019 16:0:28:226
11/12/2019 16:1:18:296
-232.31861906768 731.804960495194 698 1573596049531
-232.296948152085 727.80507019509 699 1573596049471
-232.296948152085 723.80507019509 699 1573596049471
-231.937693451579 719.835075664765 698 1573596049441
-231.708619546664 715.843413872531 699 1573596049434
-231.237485601392 711.874619378051 702 1573596049419
-231.219166919542 707.876041429635 703 1573596049411
-231.176766159155 703.876651334363 701 1573596049389
-231.061715663842 699.878306253767 701 1573596049389
-230.663844567368 695.900557003808 702 1573596049366
-230.500623256481 691.910085457869 702 1573596049351
-230.167281360118 687.925997925225 702 1573596049336
-229.641742062651 683.960672157168 702 1573596049336
-229.159748368951 679.989845293667 702 1573596049314
-228.697583034782 676.016634601558 702 1573596049314
-228.332982369308 672.037146131113 704 1573596049291
-228.282133914922 668.037469339835 704 1573596049291
-228.231285460536 664.037792548557 704 1573596049291
-228.18043700615 660.038115757279 704 1573596049291
-227.97389734605 656.044952887152 707 1573596049239
-227.837297542539 652.047286005873 707 1573596049239
-227.59461933992 648.055072610178 711 1573596049216
-227.313151033161 644.064987950388 711 1573596049216
-227.031682726403 640.074903290599 711 1573596049216
-226.750214419644 636.084818630809 711 1573596049216
-226.514224766241 632.092440145518 709 1573596049171
-226.39278689198 628.09428396514 709 1573596049171
-226.250941703805 624.100248303796 708 1573596049141
-225.851938309165 620.120291014747 711 1573596049126
-225.75032057851 616.122315191451 710 1573596049118
-225.666228844201 612.123199216611 710 1573596049118
-225.595957408873 608.125748007672 712 1573596049081
-225.259878814404 604.140028139645 714 1573596049066
-225.010450685284 600.147812513154 714 1573596049066
-224.756003427504 596.155915094905 715 1573596049043
-224.778131494291 592.180360929624 716 1573596049021
-224.846205605947 588.195444229636 717 1573596049013
-224.736906461514 584.19693779635 717 1573596049013
-224.627607317081 580.198431363065 717 1573596049013
-224.518308172648 576.199924929779 717 1573596049013
END STROKE
-197.796192049845 130.305502779339 519 1573596057603
-193.823588750113 129.87446886615 534 1573596057611
-189.880685182358 129.625472279097 536 1573596057641
-185.888099804019 129.382034408842 536 1573596057641
-181.900406876347 129.162772416811 533 1573596057671
-177.927623943584 128.69694437005 533 1573596057671
-173.951638920848 128.259758593551 547 1573596057701
-169.97406681096 127.836769101199 547 1573596057701
-166.000104965731 127.480075957112 555 1573596057716
-162.011558159433 127.221423855079 558 1573596057738
-158.024719506234 126.94165362462 557 1573596057746
-154.040345354692 126.735450498803 558 1573596057784
-150.040345354692 126.735450498803 558 1573596057784
-146.040345354692 126.735450498803 558 1573596057784
-142.040631065198 126.728635185135 556 1573596057829
-138.054665926819 126.39384881201 556 1573596057829
-134.068700788441 126.059062438884 556 1573596057829
-130.082735650062 125.724276065759 556 1573596057829
-126.096770511684 125.389489692634 556 1573596057829
-122.102329946284 125.256875421359 556 1573596057851
-118.102329946284 125.256875421359 556 1573596057851
-114.103312733717 125.214943361538 563 1573596057926
-110.107704895021 125.027545391046 563 1573596057926
-106.112097056324 124.840147420554 563 1573596057926
-102.116489217627 124.652749450061 563 1573596057926
-98.1208813789302 124.465351479569 563 1573596057926
-94.1252735402334 124.277953509076 563 1573596057926
-90.1296657015366 124.090555538584 563 1573596057926
-86.1355677143603 123.878625331891 562 1573596057934
-82.1416981192133 123.889611879765 564 1573596057949
-78.1490847381228 124.113079860717 563 1573596058009
-74.1493275601221 124.15715385568 563 1573596058009
-70.1495703821214 124.201227850643 563 1573596058009
-66.1498132041208 124.245301845607 563 1573596058009
-62.1507230509088 124.220817830706 562 1573596058024
-58.1530143710851 124.123887202859 564 1573596058031
-54.1591946912008 124.202004983433 565 1573596058046
-50.1622500709067 124.168033280658 566 1573596058061
-46.1642145081498 124.271169148076 566 1573596058084
-42.1642263077546 124.269775682475 564 1573596058114
-38.164799897354 124.202038043084 564 1573596058114
-34.1653734869534 124.134300403693 564 1573596058114
-30.1690436523631 123.978980548863 567 1573596058152
-26.1748199075317 123.764092959121 567 1573596058152
-22.1805961627003 123.549205369379 567 1573596058152
-18.1840471123888 123.507485210107 567 1573596058174
-14.1862503369386 123.606348855139 568 1573596058182
-10.2219150147807 123.158351331848 598 1573596058234
-6.22757949756096 122.945551482513 598 1573596058234
-2.23324398034122 122.732751633179 598 1573596058234
1.76109153687853 122.519951783844 598 1573596058234
5.75542705409827 122.307151934509 598 1573596058234
9.75471461768224 122.236685626564 598 1573596058257
13.754181256276 122.171366358538 598 1573596058257
17.7538878658911 122.135435665084 599 1573596058272
21.7538878658911 122.135435665084 599 1573596058272
25.7350993064589 121.818335095627 608 1573596058309
29.7348243594919 121.865233924398 608 1573596058309
33.7345494125249 121.91213275317 608 1573596058309
37.7342744655579 121.959031581942 608 1573596058309
41.7313489226569 121.841033852131 608 1573596058354
45.7275002462537 121.665606947365 608 1573596058354
49.7236515698505 121.490180042599 608 1573596058354
53.7198028934472 121.314753137834 608 1573596058354
57.715954217044 121.139326233068 608 1573596058354
61.7122625107064 120.967835192176 609 1573596058377
65.7096922085839 120.824462215199 609 1573596058377
69.7071219064613 120.681089238221 609 1573596058377
73.7065961692741 120.632213092586 615 1573596058527
77.7064862055519 120.602553394573 615 1573596058527
81.7063762418296 120.57289369656 615 1573596058527
85.7062662781073 120.543233998547 615 1573596058527
89.706156314385 120.513574300535 615 1573596058527
93.7060463506627 120.483914602522 615 1573596058527
97.7059363869405 120.454254904509 615 1573596058527
101.705826423218 120.424595206496 615 1573596058527
105.705716459496 120.394935508483 615 1573596058527
109.705606495774 120.36527581047 615 1573596058527
113.705496532051 120.335616112457 615 1573596058527
117.705386568329 120.305956414444 615 1573596058527
121.705276604607 120.276296716431 615 1573596058527
125.705166640884 120.246637018418 615 1573596058527
129.705056677162 120.216977320405 615 1573596058527
133.70494671344 120.187317622392 615 1573596058527
137.704796528634 120.153555733184 618 1573596058557
141.704499147973 120.104781181892 618 1573596058557
145.704201767312 120.056006630601 618 1573596058557
149.70390438665 120.00723207931 618 1573596058557
153.701261272453 119.867152062108 616 1573596058587
157.698192011501 119.710484684355 616 1573596058587
161.695122750549 119.553817306602 616 1573596058587
165.690593930326 119.649012559146 621 1573596058595
169.685440489694 119.490315855988 620 1573596058610
173.677165106991 119.243429806659 620 1573596058617
177.666184919746 118.975127102695 624 1573596058692
181.664806944317 118.870141843626 624 1573596058692
185.663428968887 118.765156584556 624 1573596058692
END STROKE
617.658957044051 427.497043582757 675 1573596072854
617.93743616017 423.50674918486 675 1573596072854
618.322093410582 419.526786288782 674 1573596072824
618.802046909335 415.556478833656 677 1573596072802
618.891301413434 411.557474753451 677 1573596072802
618.984271602875 407.558618990631 653 1573596072772
619.41598361793 403.598258286998 665 1573596072757
619.696670955122 399.635929373364 665 1573596072749
620.127433298861 395.661439031272 660 1573596072734
620.603303150567 391.690031067825 658 1573596072704
621.313359934959 387.766757028011 660 1573596072689
621.529073002862 383.775373058193 660 1573596072682
621.848100733576 379.788115691652 660 1573596072682
621.940348183628 375.789265567556 657 1573596072652
622.029569358297 371.790260743604 657 1573596072652
622.209223582608 367.794324758262 657 1573596072622
622.570777083272 363.82437522239 657 1573596072599
622.874262254078 359.837623581401 655 1573596072592
622.930048914803 355.840058895481 658 1573596072577
622.961941327028 351.840254837299 654 1573596072561
623.011090176732 347.840556799875 654 1573596072561
623.060239026437 343.840858762451 654 1573596072561
623.109387876142 339.841160725027 654 1573596072561
623.468990924146 335.871170203149 654 1573596072509
623.865891012716 331.893699893465 657 1573596072501
624.318545566273 327.919394437773 657 1573596072501
624.32513638767 323.937344679081 654 1573596072471
624.659806126759 319.96535636263 654 1573596072456
624.726408072452 315.979013538184 654 1573596072441
624.726408072452 311.979013538184 654 1573596072441
624.662955197848 307.980589711688 653 1573596072411
624.433609352953 303.987337642988 652 1573596072396
624.253794565027 300.001422616817 651 1573596072374
624.726408072452 296.041923681009 649 1573596072359
624.69310836247 292.043135993675 630 1573596072336
624.661051311113 288.063930119869 626 1573596072314
624.726408072452 284.079394089956 625 1573596072299
624.726408072452 280.079394089956 625 1573596072299
624.501915676157 276.092271037832 623 1573596072261
624.673779164096 272.116715905907 616 1573596072246
624.95961478068 268.130145084006 613 1573596072224
625.074687201471 264.131800634366 613 1573596072224
625.215274224729 260.13428059561 614 1573596072186
625.358556051925 256.136847629568 614 1573596072186
625.677310383389 252.155474132068 610 1573596072141
626.262031376982 248.198442244446 610 1573596072141
626.463627453773 244.251700049351 606 1573596072111
627.112962524035 240.311174410042 592 1573596072096
627.57842564341 236.338348704766 592 1573596072096
627.864398257063 232.348787238393 583 1573596072081
628.141428800874 228.358392010124 583 1573596072081
628.3737592606 224.365593284671 581 1573596072051
628.52621129235 220.368499543211 581 1573596072051
628.678663324099 216.371405801752 581 1573596072051
628.831115355848 212.374312060292 581 1573596072051
629.151003752417 208.387877144881 571 1573596072006
629.506630082494 204.403717269404 571 1573596072006
629.996120387348 200.43677125205 569 1573596071976
630.268843328854 196.44607930739 569 1573596071976
630.391380720131 192.448255967865 568 1573596071961
630.498019444898 188.449677697732 568 1573596071961
630.604658169664 184.451099427599 568 1573596071961
630.833892160276 180.46571103267 571 1573596071901
631.270633406153 176.536576078611 573 1573596071878
631.726935371266 172.749471747981 572 1573596071863
631.89945164944 168.753890663885 573 1573596071856
632.270910962309 164.802367284909 571 1573596071826
632.409061432655 160.806339233555 568 1573596071803
632.655290404474 156.814793745833 567 1573596071773
633.318849725461 152.870216578692 567 1573596071773
634.109783932768 148.978864521066 567 1573596071743
634.389575483496 144.989559284516 569 1573596071728
634.611589178337 140.995929761708 569 1573596071698
634.426473427389 137.186503832251 568 1573596071668
END STROKE
189.662050993457 118.660171325487 624 1573596058692
193.660673018027 118.555186066417 624 1573596058692
197.659295042598 118.450200807347 624 1573596058692
201.657917067168 118.345215548278 624 1573596058692
205.656539091738 118.240230289208 624 1573596058692
209.655161116308 118.135245030139 624 1573596058692
213.653783140878 118.030259771069 624 1573596058692
217.653647596592 117.998946753424 645 1573596058842
221.653535813456 117.969042696875 645 1573596058842
225.653424030319 117.939138640326 645 1573596058842
229.653312247182 117.909234583777 645 1573596058842
233.653200464045 117.879330527228 645 1573596058842
237.653088680909 117.849426470679 645 1573596058842
241.652976897772 117.81952241413 645 1573596058842
245.652865114635 117.789618357581 645 1573596058842
249.652753331499 117.759714301032 645 1573596058842
253.652641548362 117.729810244483 645 1573596058842
257.652529765225 117.699906187934 645 1573596058842
261.652417982089 117.670002131385 645 1573596058842
265.652306198952 117.640098074836 645 1573596058842
269.652194415815 117.610194018287 645 1573596058842
273.652082632679 117.580289961738 645 1573596058842
277.651970849542 117.550385905189 645 1573596058842
281.651379578669 117.489169698509 648 1573596058872
285.650307982628 117.396586654682 648 1573596058872
289.649236386588 117.304003610855 648 1573596058872
293.648164790548 117.211420567028 648 1573596058872
297.646526776829 117.097066182081 649 1573596058910
301.64485950395 116.981587165686 649 1573596058910
305.643192231072 116.86610814929 649 1573596058910
309.641524958194 116.750629132895 649 1573596058910
313.640996171001 116.714004159469 652 1573596058963
317.640996171001 116.714004159469 652 1573596058963
321.640996171001 116.714004159469 652 1573596058963
END STROKE
325.640996171001 116.714004159469 652 1573596058963
329.640996171001 116.714004159469 652 1573596058963
333.640996171001 116.714004159469 652 1573596058963
337.640996171001 116.714004159469 652 1573596058963
341.640278578099 116.782272587303 655 1573596058993
345.639394768995 116.866354046106 655 1573596058993
349.638510959891 116.950435504908 655 1573596058993
353.637627150787 117.034516963711 655 1573596058993
357.637399806597 117.074692778527 657 1573596059030
361.637242123703 117.110209511039 657 1573596059030
365.637084440809 117.14572624355 657 1573596059030
369.636926757915 117.181242976061 657 1573596059030
373.636812968995 117.20687296363 658 1573596059098
377.636812968995 117.20687296363 658 1573596059098
381.636812968995 117.20687296363 658 1573596059098
385.636812968995 117.20687296363 658 1573596059098
389.636812968995 117.20687296363 658 1573596059098
393.636812968995 117.20687296363 658 1573596059098
397.636812968995 117.20687296363 658 1573596059098
401.636808217015 117.206519588974 655 1573596059135
405.635361812239 117.098959623719 655 1573596059135
409.633915407462 116.991399658464 655 1573596059135
413.632469002686 116.883839693208 655 1573596059135
417.632187199591 116.917945690106 659 1573596059210
421.631968709376 116.959753272955 659 1573596059210
425.631750219161 117.001560855805 659 1573596059210
429.631531728946 117.043368438654 659 1573596059210
433.63131323873 117.085176021503 659 1573596059210
437.631094748515 117.126983604352 659 1573596059210
441.6308762583 117.168791187202 659 1573596059210
445.630256195135 117.224193576355 659 1573596059240
449.625531621545 117.418549608231 659 1573596059240
453.620807047954 117.612905640106 659 1573596059240
457.616082474364 117.807261671982 659 1573596059240
461.611357900774 118.001617703858 659 1573596059240
465.61037823202 117.98047122165 657 1573596059263
469.609994230034 117.925046782718 657 1573596059263
473.609610228048 117.869622343787 657 1573596059263
477.609522189905 117.845215974376 676 1573596059338
481.609467563994 117.824311326558 676 1573596059338
485.609412938083 117.80340667874 676 1573596059338
489.609358312173 117.782502030923 676 1573596059338
493.609303686262 117.761597383105 676 1573596059338
497.609249060352 117.740692735287 676 1573596059338
501.609194434441 117.71978808747 676 1573596059338
505.609115508261 117.696816677386 676 1573596059398
509.608446622591 117.623668622398 676 1573596059398
513.607777736922 117.550520567411 676 1573596059398
517.607108851252 117.477372512423 676 1573596059398
521.606439965583 117.404224457436 676 1573596059398
525.531962159122 117.837035896279 673 1573596059436
529.526185806951 117.622146503505 673 1573596059436
533.523854570317 117.535420831366 675 1573596059451
537.481824377153 117.371162565017 678 1573596059511
541.481824377153 117.371162565017 678 1573596059511
545.456925002769 117.042583362243 676 1573596059533
549.443809671458 116.837442770281 678 1573596059571
553.416943698399 116.385424956696 677 1573596059578
557.39204904575 116.05687708896 677 1573596059608
561.358341423002 115.751231855033 679 1573596059631
565.339450011977 116.104786725719 678 1573596059646
569.326615295631 116.05687708896 678 1573596059668
573.220188798355 116.75104502217 696 1573596059849
577.100021314611 117.042583362243 701 1573596059924
581.100021314611 117.042583362243 703 1573596060134
584.434167478698 117.176252792461 698 1573596060344
588.33252839854 117.535420831366 697 1573596060487
592.28950740253 117.20687296363 697 1573596060570
596.210427401886 117.86400003414 697 1573596060660
600.173068861783 117.578566209617 696 1573596060697
604.142410401153 117.831692485066 696 1573596060765
607.940004550733 118.312109594289 697 1573596060802
611.844368576312 118.61507200417 696 1573596060832
615.772732929394 118.953398826567 696 1573596060930
619.694122209863 119.50686471297 697 1573596060953
623.666318730791 119.920288158645 698 1573596060990
627.6233703035 120.328281384867 699 1573596061065
631.497822870183 120.272563520224 698 1573596061125
END STROKE
-200.814234423439 239.775000670683 725 1573596047016
-201.04101831194 243.706745201699 724 1573596047053
-201.011004404042 247.705925360435 724 1573596047076
-200.861382396175 251.701838378615 722 1573596047091
-200.577218495743 255.682246231756 724 1573596047113
-199.82700001647 259.55008510442 726 1573596047136
-199.339896923397 263.488633766068 726 1573596047166
-199.003562097609 267.402540281894 732 1573596047211
END STROKE
-201.04101831194 298.766782397342 746 1573596047692
-200.377879950583 294.830821717377 746 1573596047654
-199.574740895244 290.914380828184 748 1573596047624
-199.205067360974 287.06152777926 742 1573596047564
-199.065057500571 283.140089442872 737 1573596047519
-198.705802800064 279.178910186434 735 1573596047481
-198.885438715829 275.224808425876 736 1573596047309
-199.106428644951 271.369726325705 735 1573596047256
END STROKE
-224.409009028215 572.201418496494 717 1573596049013
-224.155050757526 568.209934212037 716 1573596048931
-223.876551771851 564.219641200869 716 1573596048931
-223.934530120068 560.222507230549 716 1573596048886
-224.001712438012 556.225339817307 717 1573596048871
-223.940117681446 552.225814084677 717 1573596048871
-223.878522924879 548.226288352048 717 1573596048871
-224.042638028901 544.234153208685 720 1573596048818
-224.167540293831 540.236103756238 720 1573596048818
-224.082095852211 536.240241036151 720 1573596048796
-223.881353258684 532.245283400514 722 1573596048781
-223.682798212399 528.250214453225 722 1573596048781
-223.482764716079 524.255224051677 731 1573596048743
-223.256904089327 520.261605770309 731 1573596048743
-223.031043462575 516.26798748894 731 1573596048743
-222.83931329439 512.272657758178 731 1573596048713
-222.679946924585 508.27585044389 732 1573596048698
-222.776467319839 504.291362325317 735 1573596048668
-222.659736106017 500.297149759929 736 1573596048653
-222.557667331067 496.315561414274 737 1573596048638
-222.057940787802 492.403466106884 739 1573596048623
-222.012796830278 488.404288535772 740 1573596048608
-221.86430644568 484.407057414363 740 1573596048585
-221.603587173814 480.423589967862 740 1573596048570
-221.183520146526 476.463101509809 741 1573596048563
-220.901525938665 472.474415340743 739 1573596048540
-220.800506508469 468.476715380721 739 1573596048525
-220.602204650877 464.491417447925 740 1573596048510
-220.403302109963 460.522616908328 740 1573596048495
-219.997366316359 456.561677823816 742 1573596048480
-219.801110308113 452.5664958786 742 1573596048465
-219.606951298742 448.571210872611 742 1573596048465
-219.183834659654 444.620978809596 742 1573596048428
-219.11275348492 440.621771802672 742 1573596048420
END STROKE
-211.818916292495 133.306877879088 202 1573596046460
-210.561499144186 136.876388455782 541 1573596046573
-209.992776099472 140.826857980417 561 1573596046603
-209.311135554425 144.768192231429 572 1573596046610
-208.899171308757 148.744077672951 581 1573596046640
-208.003108160365 152.622829694305 594 1573596046655
-207.553417616884 156.575374651378 617 1573596046670
-206.840273906363 160.488557892561 625 1573596046693
-206.499045369443 164.470694288438 635 1573596046700
-206.365313325251 168.437827941181 636 1573596046715
-206.521589176583 172.414283082503 665 1573596046790
-206.388117534448 176.412055627402 665 1573596046790
-206.254645892313 180.409828172301 665 1573596046790
-206.121174250179 184.407600717199 665 1573596046790
-205.987702608044 188.405373262098 665 1573596046790
-206.220269558773 192.353534426761 664 1573596046798
-206.040742398628 196.32891015655 674 1573596046821
-205.574298689255 200.293269582768 675 1573596046836
-204.915464047609 204.233898728038 677 1573596046851
-204.325754652608 208.189679707046 677 1573596046866
-203.558422222782 212.114851663486 686 1573596046903
-202.77082484578 216.036546497578 686 1573596046903
-201.871788075009 219.886161059249 728 1573596046941
-201.689737550261 223.882016112481 728 1573596046941
-201.621207356281 227.878978028092 723 1573596046971
-201.725308746861 231.877623161194 723 1573596046971
-201.299395576946 235.818920985838 721 1573596046993
END STROKE
-231.055099806649 734.835919195638 177 1573596081991
-227.362095683703 735.519861336649 725 1573596081721
-223.419770846704 735.085900342507 724 1573596081668
-219.571844822602 735.25022127893 726 1573596081548
-215.687120986905 734.593062873382 726 1573596081496
-211.723985840382 734.742853350707 727 1573596081443
-207.819132818268 734.030831684036 716 1573596081428
-203.912872145174 733.935904467833 729 1573596081390
-199.935907604788 733.89327897134 729 1573596081368
-195.942426454608 733.665006543575 731 1573596081353
-192.019295558678 733.269569840865 717 1573596081323
-188.088289899528 732.658271899656 716 1573596081300
-184.157280753803 732.046989207521 716 1573596081278
-180.204675388988 731.570238592334 716 1573596081270
-176.210091472348 731.548898357548 715 1573596081248
-172.223199997472 731.766409473815 718 1573596081233
-168.22419446047 731.677220264676 718 1573596081233
-164.23855056395 731.392015303074 718 1573596081203
-160.252733380063 731.143075249372 719 1573596081188
-156.252733380063 731.143075249372 719 1573596081188
-152.264841315014 731.434826817866 716 1573596081165
-148.290833252452 731.0839558213 709 1573596081143
-144.295712440327 730.886447096107 709 1573596081143
-140.300016779725 730.701162538771 704 1573596081120
-136.303991701178 730.52288306258 704 1573596081120
-132.318678104553 730.53458333164 705 1573596081090
-128.339457866927 730.480950614474 707 1573596081075
-124.342360250417 730.32860021542 707 1573596081075
-120.404771944675 729.634979902277 704 1573596081060
-116.424773303392 729.275487662283 705 1573596081045
-112.434339575787 728.999012228298 705 1573596081045
-108.443905848183 728.722536794312 705 1573596081045
-104.449054641101 728.522375299724 705 1573596081007
-100.453372446627 728.336569485047 705 1573596081007
-96.4587388370679 728.239037853494 707 1573596080977
-92.4632022382996 728.298204013826 703 1573596080970
-88.4641281181303 728.212144840042 703 1573596080970
-84.465053997961 728.126085666258 703 1573596080970
-80.4659798777918 728.040026492474 703 1573596080970
-76.4724131746718 727.823704865361 708 1573596080925
-72.4803450326787 727.571927286791 708 1573596080910
-68.4949232858144 727.258356284377 696 1573596080895
-64.5254326629457 726.812950139971 696 1573596080887
-60.528782128395 726.649290417756 696 1573596080887
-56.5321315938443 726.48563069554 696 1573596080887
-52.5347665552037 726.343506627607 706 1573596080857
-48.5360572905765 726.241898473481 706 1573596080857
-44.5531605247921 726.526774845671 702 1573596080842
-40.568324782824 726.213389039056 701 1573596080827
-36.5689199900461 726.144386839777 701 1573596080827
-32.5695151972682 726.075384640497 701 1573596080827
-28.5697816432314 726.065988827423 701 1573596080805
-24.5698590307878 726.090870436342 701 1573596080805
-20.5699364183442 726.115752045261 701 1573596080805
-16.5700138059006 726.14063365418 701 1573596080805
-12.570091193457 726.165515263099 701 1573596080805
-8.5701685810134 726.190396872018 701 1573596080805
-4.5711051322738 726.199322492846 683 1573596080745
-0.595310587437857 726.011313233835 682 1573596080737
3.39391092767962 726.170492037062 682 1573596080730
7.39293528435232 726.08215068356 682 1573596080730
11.391959641025 725.993809330058 682 1573596080730
15.3909839976977 725.905467976556 682 1573596080730
END STROKE
597.781637424528 738.155763516058 697 1573596074041
597.955459537549 734.163665015268 697 1573596074033
598.350598598535 730.183231852995 698 1573596074011
598.606718324321 726.203536030485 697 1573596073996
598.358559066583 722.217362916699 697 1573596073973
598.401104528266 718.239622241003 697 1573596073958
598.859384395023 714.283430540027 698 1573596073943
598.859384395023 710.283430540027 698 1573596073943
598.734023901669 706.291840939105 696 1573596073913
598.853686258774 702.294019613722 694 1573596073891
598.707751168504 698.299420700237 692 1573596073876
598.822780892112 694.301075021999 692 1573596073876
598.859384395023 690.30160144221 690 1573596073838
598.859384395023 686.30160144221 690 1573596073838
598.892779217586 682.301966618917 678 1573596073808
598.980249793408 678.302923120983 678 1573596073808
599.228167989737 674.317279086426 688 1573596073771
599.501040489988 670.331488435397 688 1573596073756
599.717874957658 666.346266829001 686 1573596073725
600.116801543336 662.38440137608 686 1573596073710
599.937199889616 658.400629528889 685 1573596073688
600.201474302244 654.410248371857 684 1573596073680
600.488873525876 650.420611090942 684 1573596073643
600.735437334059 646.428310478118 683 1573596073628
601.009388034123 642.438589427691 682 1573596073605
600.863665298757 638.44124469845 682 1573596073605
601.036310624849 634.448033003013 683 1573596073583
601.280844535943 630.455519865144 683 1573596073560
601.516851760968 626.462488361419 683 1573596073560
602.121789366955 622.511743921411 682 1573596073538
602.752708477565 618.562042259845 683 1573596073515
603.095128541283 614.581980274168 679 1573596073500
603.347581914708 610.590530218156 679 1573596073485
603.815826655276 606.618057694521 679 1573596073478
604.236241088115 602.64057089851 679 1573596073455
604.894038200147 598.711487294076 680 1573596073440
605.150340145945 594.719708563927 680 1573596073418
605.453409061565 590.733421149082 678 1573596073403
605.685132217101 586.74143910425 678 1573596073395
606.083468677006 582.762936868901 677 1573596073365
606.449868618289 578.794695970604 677 1573596073350
606.942829294223 574.857093419242 678 1573596073335
607.492245331076 570.897284236545 676 1573596073312
607.680781100357 566.901798071749 677 1573596073297
607.953484626412 562.911104800289 677 1573596073297
608.253975537334 558.923338633399 676 1573596073267
608.760423765659 554.958167813625 677 1573596073252
608.911108117963 550.961007043032 677 1573596073252
609.459074066947 547.004922457491 675 1573596073230
609.82970501123 543.022130383689 675 1573596073230
610.252431710536 539.044812915872 674 1573596073207
610.535479085428 535.061335474059 674 1573596073192
610.713751757695 531.066460761018 675 1573596073185
610.943559461086 527.073067664983 675 1573596073185
611.173367164476 523.079674568947 675 1573596073185
611.403174867867 519.086281472912 675 1573596073185
611.803474871585 515.106923472654 675 1573596073140
612.229815499465 511.129709162485 675 1573596073140
612.435723127057 507.136933943564 675 1573596073117
612.665604689038 503.144903871604 674 1573596073102
613.011413558984 499.159879878518 674 1573596073102
613.35722242893 495.174855885433 674 1573596073102
613.948458698829 491.235353578848 674 1573596073065
613.948458698829 487.235353578848 674 1573596073065
614.067932565177 483.239702641988 674 1573596073057
614.358761547012 479.250289338841 674 1573596073057
614.344188292923 475.259573897621 675 1573596073035
614.721690090766 471.285801375444 674 1573596073027
615.016920920923 467.298260097807 674 1573596073012
615.244666291031 463.304751243738 673 1573596072990
615.463028472621 459.310715946241 673 1573596072990
615.399379375432 455.319967639461 675 1573596072967
615.605153817871 451.326820831954 675 1573596072959
615.834970948758 447.333428278454 675 1573596072959
616.064788079645 443.340035724954 675 1573596072959
616.330130669341 439.34887900944 674 1573596072914
616.936595573086 435.408905018475 673 1573596072892
617.208252894198 431.468800393248 674 1573596072869
END STROKE
-219.023515298278 436.622767358307 742 1573596048420
-218.663543542115 432.6415509637 744 1573596048390
-218.144376580876 428.676151157864 745 1573596048368
-217.968400460381 424.714767015065 747 1573596048345
-217.554544830184 420.74304234811 745 1573596048337
-217.285999450166 416.752067106534 745 1573596048337
-216.998231187973 412.763557144647 744 1573596048292
-216.309711400482 408.828439749321 745 1573596048277
-215.947947597395 404.853047235412 745 1573596048270
-215.463016195931 400.882750894899 743 1573596048255
-215.052294252173 396.906309464733 745 1573596048232
-214.693039551667 392.954524348596 744 1573596048217
-214.066244866013 389.030106039081 744 1573596048202
-212.868269014705 385.277531104103 743 1573596048172
-212.106900075531 381.360743883313 745 1573596048157
-211.34470241348 377.445549051262 744 1573596048142
-210.750335766559 373.518035141745 744 1573596048112
-210.017054612893 369.590939864437 744 1573596048097
-209.140220993025 365.688227627662 744 1573596048097
-208.263387373157 361.785515390888 744 1573596048097
-207.727945077906 357.843184080532 746 1573596048037
-207.086154862211 353.902114364633 746 1573596048022
-206.609594652471 349.953895120274 747 1573596048000
-206.382888564275 345.98848200948 747 1573596047985
-206.073845651667 342.013087276303 746 1573596047977
-205.711449335693 338.061382400993 745 1573596047954
-205.172541588397 334.107624138998 746 1573596047917
-205.289740242314 330.128317323218 746 1573596047894
-204.741723462304 326.188463992355 746 1573596047887
-204.490378630181 322.216974346449 746 1573596047834
-204.629707519153 318.310770939639 747 1573596047804
-203.695651053914 314.448726411071 746 1573596047774
-202.831443995846 310.559890605495 746 1573596047759
-202.385663939623 306.584808198617 746 1573596047759
-201.398673400068 302.73248680143 746 1573596047722
END STROKE
19.3900083543704 725.817126623055 682 1573596080730
23.3890327110431 725.728785269553 682 1573596080730
27.3880570677158 725.640443916051 682 1573596080730
31.3870814243885 725.552102562549 682 1573596080730
35.3861057810612 725.463761209048 682 1573596080730
39.3807477517494 725.478352264805 677 1573596080647
43.3664966777102 725.786004980656 676 1573596080639
47.3637124913466 725.935222068198 676 1573596080639
51.3556259890134 725.945914637968 673 1573596080617
55.3425172605837 725.685120636176 675 1573596080609
59.3418678706891 725.613046386615 675 1573596080609
63.3412184807945 725.540972137055 675 1573596080609
67.3405690908999 725.468897887495 675 1573596080609
71.3399197010052 725.396823637934 675 1573596080609
75.3392703111106 725.324749388374 675 1573596080609
79.338620921216 725.252675138814 675 1573596080609
83.3379715313214 725.180600889253 675 1573596080609
87.3373221414268 725.108526639693 675 1573596080609
91.3367103109846 725.038620499768 668 1573596080519
95.3361575965687 724.97212681711 668 1573596080519
99.3356048821529 724.905633134453 668 1573596080519
103.32957375217 724.690587238791 667 1573596080497
107.287802829865 724.190143721837 658 1573596080482
111.258770942719 723.832001854863 651 1573596080474
115.256783169503 723.705913653656 651 1573596080474
119.25487996606 723.587921493683 650 1573596080452
123.254653702319 723.630466278741 650 1573596080452
127.254427438577 723.673011063798 650 1573596080452
131.254201174836 723.715555848856 650 1573596080452
135.252436291751 723.701766838259 653 1573596080407
139.220980015415 723.899054751365 652 1573596080392
143.209294156068 723.905821759248 653 1573596080384
147.200186722551 723.846719692782 653 1573596080369
151.197807260528 723.914458128501 652 1573596080362
155.197807260528 723.914458128501 652 1573596080362
159.197807260528 723.914458128501 652 1573596080362
163.197807260528 723.914458128501 652 1573596080362
167.197807260528 723.914458128501 652 1573596080362
171.197807260528 723.914458128501 652 1573596080362
175.197807260528 723.914458128501 652 1573596080362
179.197807260528 723.914458128501 652 1573596080362
183.197807260528 723.914458128501 652 1573596080362
187.197804839693 723.913944518868 648 1573596080256
END STROKE
191.197627116341 723.876238349269 648 1573596080256
195.19744939299 723.83853217967 648 1573596080256
199.197271669639 723.800826010071 648 1573596080256
203.197093946287 723.763119840472 648 1573596080256
207.188756813328 723.958657643303 649 1573596080211
211.176166530135 724.275775524098 649 1573596080211
215.168234709145 724.294814392002 648 1573596080189
219.16649988054 724.296511672988 647 1573596080181
223.165830612145 724.369680650316 647 1573596080181
227.164374218685 724.473031172571 648 1573596080159
231.162082213488 724.608422414131 648 1573596080159
235.15980803306 724.743268612261 648 1573596080136
239.157820015983 724.869364545618 648 1573596080136
243.155831998905 724.995460478976 648 1573596080136
247.153843981827 725.121556412333 648 1573596080136
251.152153584226 725.228774939598 643 1573596080099
255.152153584226 725.228774939598 643 1573596080099
259.147802260251 725.381173609208 646 1573596080084
263.142577989375 725.585465973731 645 1573596080076
267.137220171189 725.650870839859 647 1573596080061
271.132923374892 725.647100324541 646 1573596080054
275.129765254142 725.806018518193 646 1573596080054
279.126607133392 725.964936711845 646 1573596080054
283.123449012642 726.123854905498 646 1573596080054
287.119164298165 726.306854198645 644 1573596080016
291.103593442457 726.647857714286 644 1573596080009
295.083732473761 727.043833119179 645 1573596079994
299.078940528808 727.239569157977 645 1573596079994
303.074148583855 727.435305196776 645 1573596079994
307.069817113072 727.62116446123 645 1573596079971
311.065906437144 727.797998038472 645 1573596079971
315.061995761216 727.974831615713 645 1573596079971
319.06096138608 728.021604158059 645 1573596079949
323.06096138608 728.021604158059 645 1573596079949
327.053074381838 728.259013002863 645 1573596079934
331.044254935898 728.524489527054 645 1573596079934
335.035297893588 728.792015704158 646 1573596079911
339.026149963292 729.062385372826 646 1573596079911
343.017002032997 729.332755041494 646 1573596079911
346.99663983669 729.735586975383 649 1573596079888
350.981610447236 730.068904215536 650 1573596079873
354.976160936975 730.277629836681 650 1573596079873
358.957904813336 730.649839256751 647 1573596079858
362.938507047466 731.040113330144 646 1573596079843
366.927721169861 731.333661768538 646 1573596079843
370.916935292256 731.627210206932 646 1573596079843
374.906149414651 731.920758645326 646 1573596079843
378.896823638537 732.191380613689 649 1573596079806
382.891047415702 732.406267602428 649 1573596079806
386.850719362926 732.943202945196 645 1573596079791
390.844692502772 732.821005956227 637 1573596079776
394.825625708776 733.211096726863 637 1573596079776
398.80655891478 733.601187497499 637 1573596079776
402.787492120783 733.991278268135 637 1573596079776
406.772407871471 734.328867778312 631 1573596079738
410.766632338385 734.54374194593 631 1573596079738
414.760876122255 734.758185196868 631 1573596079716
418.758305839339 734.901557638336 631 1573596079716
422.755735556423 735.044930079805 631 1573596079716
426.727132876145 735.483970377355 629 1573596079693
430.688114849519 736.041304932726 629 1573596079693
434.660515338083 736.484101012867 632 1573596079671
438.653569976578 736.719716491974 632 1573596079671
442.638328448705 737.067839759942 629 1573596079656
446.628277777051 737.100441312713 627 1573596079641
450.601976858316 737.457487247328 626 1573596079633
454.585831561524 737.714471294617 627 1573596079618
458.564456909348 738.043050497391 628 1573596079603
462.564456909348 738.043050497391 628 1573596079603
466.54550064172 738.334453382154 630 1573596079588
470.542390026938 738.405703161588 623 1573596079573
474.539089529539 738.568162651653 623 1573596079573
478.535018829654 738.745781993009 622 1573596079551
482.527604113972 738.989221405273 622 1573596079551
486.526398985224 739.028788105714 623 1573596079536
490.519658572309 739.191236690072 624 1573596079521
494.497575941697 739.248492053803 622 1573596079505
498.487134451078 739.477190025421 622 1573596079498
502.484460410456 739.623426732438 622 1573596079498
506.482382864132 739.75135421469 618 1573596079468
510.480864296474 739.860922717603 616 1573596079445
514.480074208634 739.940421638823 616 1573596079445
518.479316520947 740.01099994416 619 1573596079408
522.478998401866 739.96055342348 619 1573596079408
526.478680282785 739.910106902801 619 1573596079408
530.478362163704 739.859660382121 619 1573596079408
534.478044044622 739.809213861441 619 1573596079408
538.477725925541 739.758767340761 619 1573596079408
542.47740780646 739.708320820081 619 1573596079408
546.458509646707 739.974305370326 601 1573596079310
550.441004090394 740.321424966386 600 1573596079295
554.408127177772 740.720573848819 596 1573596079273
558.321962482112 741.458239987198 592 1573596079250
562.278498925929 741.701349833804 593 1573596079235
566.273131113801 741.906202802685 583 1573596079220
570.265463692975 742.153751943793 583 1573596079220
574.25779627215 742.401301084902 583 1573596079220
578.218825669337 742.392726721169 582 1573596079168
582.145801140359 742.373694121004 580 1573596079153
586.13141586501 742.150196526949 578 1573596079130
590.059387847141 741.767457845386 583 1573596079077
593.925447312477 742.150196526949 586 1573596078950
597.282162708443 742.150196526949 365 1573596078296
END STROKE
===NOTES===
Great Job
