1.00
USERID - 01/01/2000 01:00:00 AM - F - HS - EN - N/A
11/14/2019 12:59:1:932
11/14/2019 13:0:21:110
-183.932654294925 195.071478869371 125 1573757979854
-181.761704857538 192.40542060196 586 1573757979989
-178.036374747625 191.992375969466 627 1573757980042
-174.086776511517 192.435723073162 652 1573757980057
-170.102009215368 192.646611102539 687 1573757980072
-166.110769978203 192.762200634345 747 1573757980087
-162.110769978203 192.762200634345 747 1573757980087
-158.169045047096 192.28301632484 747 1573757980132
-154.169908564197 192.366127041072 747 1573757980132
-150.170772081299 192.449237757304 747 1573757980132
-146.171998214636 192.546208815037 788 1573757980154
-142.173986732548 192.672320626895 788 1573757980154
-138.175641229813 192.78555236236 791 1573757980199
-134.176467124176 192.86683257399 791 1573757980199
-130.177293018539 192.948112785619 791 1573757980199
-126.178118912902 193.029392997249 791 1573757980199
-122.178944807265 193.110673208879 791 1573757980199
-118.179770701628 193.191953420509 791 1573757980199
-114.180596595991 193.273233632139 791 1573757980199
-110.184137061076 193.109880271249 797 1573757980237
-106.187751311006 192.93987751647 797 1573757980237
-102.191365560935 192.76987476169 797 1573757980237
-98.1949798108643 192.599872006911 797 1573757980237
-94.1985940607937 192.429869252132 797 1573757980237
-90.2022083107231 192.259866497353 797 1573757980237
-86.2224995084402 191.861925558054 798 1573757980259
-82.2439275961674 191.448445765472 798 1573757980259
-78.2653556838946 191.034965972889 798 1573757980259
-74.2689242571082 190.966106215969 798 1573757980267
-70.3078157740744 191.479226551837 819 1573757980290
-66.3337022342959 191.02489014239 819 1573757980290
-62.3595886945174 190.570553732943 819 1573757980290
-58.3730703642121 190.653291196306 813 1573757980305
-54.3822182945076 190.923660864973 813 1573757980305
-50.3899051076584 190.760884372084 816 1573757980320
-46.3973198233399 190.517444959821 816 1573757980320
-42.4472722610793 189.923919155734 816 1573757980327
-38.4691177709669 189.68309773444 815 1573757980365
-34.4691177709669 189.68309773444 815 1573757980365
-30.4691177709669 189.68309773444 815 1573757980365
-26.4691177709669 189.68309773444 815 1573757980365
-22.4691177709669 189.68309773444 815 1573757980365
-18.4691177709669 189.68309773444 815 1573757980365
-14.4698057722534 189.655096040017 818 1573757980395
-10.4746323328846 189.45865472725 818 1573757980395
-6.47945889351573 189.262213414482 818 1573757980395
-2.48428545414688 189.065772101715 818 1573757980395
1.51088798522196 188.869330788948 818 1573757980395
5.50606142459081 188.672889476181 818 1573757980395
9.50123486395966 188.476448163414 818 1573757980395
13.4811491277562 188.102188324754 821 1573757980417
17.4513806013586 187.61509280433 821 1573757980417
21.4216120749609 187.127997283905 821 1573757980417
25.3918435485633 186.640901763481 821 1573757980417
29.3620750221657 186.153806243057 821 1573757980417
33.332306495768 185.666710722633 821 1573757980417
37.3249934801623 185.688424378882 826 1573757980425
41.3226997271809 185.823867217558 826 1573757980425
45.3192185948187 185.678265553643 825 1573757980455
49.3156376902295 185.50904849234 825 1573757980455
53.3120567856402 185.339831431036 825 1573757980455
57.308475881051 185.170614369733 825 1573757980455
61.3048949764618 185.00139730843 825 1573757980455
65.3013140718726 184.832180247126 825 1573757980455
69.2977331672833 184.662963185823 825 1573757980455
73.2903271501197 184.668572573817 826 1573757980470
77.2755205890044 185.012423202245 826 1573757980470
81.2607140278892 185.356273830673 826 1573757980470
85.2459074667739 185.700124459101 826 1573757980470
89.2386940286559 185.750785678677 825 1573757980492
93.2363435078014 185.613677539284 825 1573757980492
97.2339929869469 185.476569399892 825 1573757980492
101.231642466092 185.339461260499 825 1573757980492
105.229291945238 185.202353121106 825 1573757980492
109.226941424383 185.065244981714 825 1573757980492
113.224042776729 185.216184162913 826 1573757980500
117.221748331135 185.294126963722 827 1573757980552
121.220800282705 185.207043735444 827 1573757980552
125.219852234274 185.119960507167 827 1573757980552
129.218904185844 185.032877278889 827 1573757980552
133.217956137414 184.945794050611 827 1573757980552
137.217008088983 184.858710822334 827 1573757980552
141.216060040553 184.771627594056 827 1573757980552
145.215111992122 184.684544365778 827 1573757980552
149.214163943692 184.597461137501 827 1573757980552
153.213215895262 184.510377909223 827 1573757980552
157.212267846831 184.423294680945 827 1573757980552
161.211319798401 184.336211452667 827 1573757980552
165.210612756187 184.262013447822 829 1573757980590
169.210124093175 184.199490929444 829 1573757980590
173.209635430163 184.136968411065 829 1573757980590
177.209146767151 184.074445892687 829 1573757980590
181.208658104139 184.011923374308 829 1573757980590
185.208169441127 183.94940085593 829 1573757980590
189.207680778115 183.886878337551 829 1573757980590
193.207192115103 183.824355819173 829 1573757980590
197.197695826201 183.629416624663 831 1573757980605
201.168830115326 183.149737088165 831 1573757980605
205.139964404451 182.670057551667 831 1573757980605
209.111098693576 182.190378015168 831 1573757980605
213.092663656909 181.818314443202 830 1573757980612
217.081999557348 181.526425639941 830 1573757980612
221.065922563227 181.169507751361 830 1573757980627
225.048616181568 180.797820325657 830 1573757980627
229.031309799909 180.426132899952 830 1573757980627
233.019318049035 180.136333917406 830 1573757980642
237.016644517899 179.990111137652 830 1573757980642
241.013970986763 179.843888357898 830 1573757980642
245.011297455627 179.697665578145 830 1573757980642
249.008025189419 179.816585924389 830 1573757980672
253.004650506622 179.980860310364 830 1573757980672
257.001275823826 180.145134696339 830 1573757980672
260.997901141029 180.309409082314 830 1573757980672
264.994526458233 180.473683468289 830 1573757980672
268.991151775436 180.637957854264 830 1573757980672
272.98982330739 180.702625642562 830 1573757980688
276.98982330739 180.702625642562 830 1573757980688
280.98982330739 180.702625642562 830 1573757980688
284.970512379626 180.985466230069 829 1573757980695
END STROKE
261.434079440865 842.350512887004 841 1573757984954
265.427561254742 842.122252066376 841 1573757984954
269.421881873648 841.931624386677 841 1573757984977
273.421568096204 841.981725495407 841 1573757984977
277.42125431876 842.031826604136 841 1573757984977
281.420940541316 842.081927712866 841 1573757984977
285.420626763872 842.132028821595 841 1573757984977
289.420305989436 842.180226086645 841 1573757984992
293.419515908147 842.100727494929 841 1573757984992
297.418725826858 842.021228903214 841 1573757984992
301.417935745569 841.941730311498 841 1573757984992
305.41566251459 842.040016382513 841 1573757984999
309.412903675659 842.188176616824 842 1573757985029
313.407633580507 842.393439831533 842 1573757985029
317.402363485355 842.598703046243 842 1573757985029
321.397093390203 842.803966260953 842 1573757985029
325.391823295051 843.009229475662 842 1573757985029
329.386553199899 843.214492690372 842 1573757985029
333.381283104747 843.419755905081 842 1573757985029
337.376348384714 843.618353557228 840 1573757985074
341.371506888668 843.815098387622 840 1573757985074
345.366665392622 844.011843218017 840 1573757985074
349.361823896575 844.208588048411 840 1573757985074
353.356982400529 844.405332878806 840 1573757985074
357.352140904483 844.602077709201 840 1573757985074
361.347299408436 844.798822539595 840 1573757985074
365.34245791239 844.99556736999 840 1573757985074
369.337616416343 845.192312200384 840 1573757985074
373.334871633862 845.335169759155 841 1573757985097
377.333238888038 845.449447056704 841 1573757985097
381.331606142214 845.563724354253 841 1573757985097
385.329973396389 845.678001651802 841 1573757985097
389.32807188856 845.800054947536 841 1573757985180
393.324787733715 845.96211189152 841 1573757985180
397.321503578869 846.124168835504 841 1573757985180
401.318219424023 846.286225779488 841 1573757985180
405.314935269177 846.448282723473 841 1573757985180
409.311651114331 846.610339667457 841 1573757985180
413.308366959486 846.772396611441 841 1573757985180
417.30508280464 846.934453555425 841 1573757985180
421.301798649794 847.096510499409 841 1573757985180
425.298514494948 847.258567443393 841 1573757985180
429.295230340102 847.420624387378 841 1573757985180
433.291946185257 847.582681331362 841 1573757985180
437.288662030411 847.744738275346 841 1573757985180
441.285377875565 847.90679521933 841 1573757985180
445.282093720719 848.068852163314 841 1573757985180
449.275858560008 848.29132365939 841 1573757985187
453.271991006072 848.464885959194 840 1573757985210
457.268832257435 848.6238199436 840 1573757985210
461.265673508799 848.782753928007 840 1573757985210
465.262898557785 848.773925205439 841 1573757985225
469.260425168138 848.633280264134 841 1573757985225
473.213220492592 849.109228640809 841 1573757985240
477.183115641453 849.441116328012 841 1573757985255
481.077531307848 850.311756351564 840 1573757985285
485.036469100269 850.883430695693 840 1573757985285
489.034896616244 850.90532305918 840 1573757985300
492.997545714248 850.385318079892 840 1573757985315
496.979020310658 850.084112301933 843 1573757985345
500.977975531439 849.992694895568 843 1573757985345
504.97693075222 849.901277489202 843 1573757985345
508.942103955725 849.422820787826 842 1573757985352
512.910104551144 849.44458414872 842 1573757985367
516.87958670419 849.214307837298 843 1573757985382
520.872102061214 849.455485105986 842 1573757985420
524.86053687877 849.759438566409 842 1573757985420
528.848971696327 850.063392026832 842 1573757985420
532.837406513883 850.367345487255 842 1573757985420
536.786519057767 849.953869291031 842 1573757985435
540.773964150276 850.004933773597 842 1573757985457
544.76545605761 849.744180338934 842 1573757985457
548.661910325647 850.240314829829 842 1573757985480
552.620441091733 850.496099617988 842 1573757985487
556.573687603683 850.620215246717 842 1573757985510
560.518988561837 850.135596274113 842 1573757985517
564.457591896226 850.096811792826 841 1573757985548
568.398086445693 849.696065535141 841 1573757985585
572.36706849791 850.079801992204 842 1573757985600
576.32243390259 850.54992928167 841 1573757985615
580.304991937137 850.90505160037 841 1573757985645
584.303252905535 850.787114207737 841 1573757985645
588.301513873934 850.669176815103 841 1573757985645
592.301213116494 850.648780090764 842 1573757985668
596.286743133734 850.520609679558 842 1573757985675
594.602797873288 850.135596274113 326 1573757985765
END STROKE
69.5370717521559 846.090148410294 836 1573757984759
73.5350496896134 846.217319207271 836 1573757984759
77.5330276270708 846.344490004247 836 1573757984759
81.5310055645282 846.471660801224 836 1573757984759
85.5289835019856 846.5988315982 836 1573757984759
89.5269614394431 846.726002395177 836 1573757984759
93.5251621614242 846.754265785812 840 1573757984842
97.5236724213579 846.645106722033 840 1573757984842
101.522182681292 846.535947658254 840 1573757984842
105.520692941225 846.426788594475 840 1573757984842
109.519203201159 846.317629530696 840 1573757984842
113.517713461093 846.208470466916 840 1573757984842
117.516223721026 846.099311403137 840 1573757984842
121.51473398096 845.990152339358 840 1573757984842
125.513244240894 845.880993275579 840 1573757984842
129.511754500827 845.7718342118 840 1573757984842
133.510264760761 845.662675148021 840 1573757984842
137.508775020695 845.553516084242 840 1573757984842
141.507285280628 845.444357020463 840 1573757984842
145.505795540562 845.335197956684 840 1573757984842
149.504305800496 845.226038892905 840 1573757984842
153.502816060429 845.116879829126 840 1573757984842
157.501326320363 845.007720765347 840 1573757984842
161.499836580297 844.898561701568 840 1573757984842
165.49834684023 844.789402637789 840 1573757984842
169.497705552162 844.72918290727 841 1573757984879
173.497596712531 844.699675192959 841 1573757984879
177.497487872899 844.670167478648 841 1573757984879
181.497379033268 844.640659764337 841 1573757984879
185.497270193637 844.611152050026 841 1573757984879
189.497161354006 844.581644335715 841 1573757984879
193.497052514374 844.552136621404 841 1573757984879
197.496943674743 844.522628907093 841 1573757984879
201.496834835112 844.493121192782 841 1573757984879
205.496825801859 844.490672170752 842 1573757984902
209.496825801859 844.490672170752 842 1573757984902
213.496825801859 844.490672170752 842 1573757984902
217.496825801859 844.490672170752 842 1573757984902
221.49680456426 844.489557094515 841 1573757984924
225.493903654891 844.337245375725 841 1573757984924
229.491002745521 844.184933656934 841 1573757984924
233.488101836152 844.032621938143 841 1573757984924
237.485200926782 843.880310219352 841 1573757984924
241.482300017413 843.727998500562 841 1573757984924
245.47157787607 843.436924187314 841 1573757984939
249.460475970319 843.139112176656 841 1573757984939
253.449374064569 842.841300165998 841 1573757984939
257.440597626988 842.578773707632 841 1573757984954
END STROKE
592.640223549964 848.852685672383 347 1573758013282
594.408068111441 848.878467065524 557 1573758013327
596.145369379746 849.109228640809 582 1573758013342
597.836309381032 848.657514417723 615 1573758013364
599.546335817649 848.203056733665 648 1573758013379
601.267442119032 847.783509814642 649 1573758013394
603.003632417351 847.430642917422 649 1573758013394
604.744203752583 847.525802133761 646 1573758013402
606.499023416529 847.371861813765 647 1573758013409
608.266888507198 847.313134222427 650 1573758013417
610.023318383909 847.497885812704 651 1573758013432
611.77100594152 847.788505839718 651 1573758013432
613.526585850325 847.626688245753 653 1573758013439
615.293517887849 847.516827766214 715 1573758013462
617.063804422712 847.446419076321 715 1573758013462
618.834090957576 847.376010386428 715 1573758013462
620.604527226875 847.313134222427 709 1573758013477
622.37621337265 847.313134222427 709 1573758013477
624.090427587013 846.865878374711 709 1573758013492
625.804555982994 846.417954674485 709 1573758013492
627.473000949211 845.829623644168 709 1573758013499
629.175173918975 845.379169401448 708 1573758013507
630.87796600835 844.922405362936 710 1573758013514
632.618629528548 844.747313018988 715 1573758013530
634.390315674323 844.747313018988 715 1573758013530
636.133030676289 844.490672170752 713 1573758013552
637.83900628562 844.639235765724 742 1573758013567
639.597214004215 844.490672170752 748 1573758013575
641.319723187162 844.331129079377 741 1573758013597
643.073405856944 844.490672170752 743 1573758013612
644.844735249737 844.494604417793 741 1573758013627
646.577525810097 844.854467465503 740 1573758013650
648.240832370068 845.339772395959 738 1573758013695
649.90127979331 845.773680652281 737 1573758013710
651.52889868354 846.286766589134 736 1573758013732
653.300584829315 846.286766589134 736 1573758013747
655.054543462729 846.520667116992 736 1573758013755
656.719116076433 846.491876859584 735 1573758013785
658.381162690742 846.071989581681 734 1573758013822
660.065302526019 846.604097418352 733 1573758013837
661.80341588672 846.92914418789 749 1573758013845
END STROKE
682.328287405273 499.485016240923 846 1573758018188
682.585035613667 495.493264700874 846 1573758018188
682.830165158598 491.500796152044 846 1573758018203
683.066172383623 487.507764648319 846 1573758018203
683.279817522755 483.513754970032 846 1573758018234
683.393375319414 479.515367216597 846 1573758018234
683.506933116073 475.516979463162 846 1573758018234
683.620490912732 471.518591709727 846 1573758018234
683.734048709391 467.520203956292 846 1573758018234
683.820199641505 463.521427091546 847 1573758018241
683.820199641505 459.521427091546 847 1573758018241
683.773043313142 455.521761959019 846 1573758018271
683.716236415883 451.522165357307 846 1573758018271
683.659429518623 447.522568755596 846 1573758018271
683.602622621364 443.522972153884 846 1573758018271
683.545815724105 439.523375552172 846 1573758018271
683.729271972518 435.528474965665 847 1573758018286
683.942322408245 431.53415280642 847 1573758018286
684.218064599354 427.545105476591 846 1573758018294
684.667246029324 423.570683185557 846 1573758018316
684.849296554072 419.574828132325 846 1573758018316
685.03134707882 415.578973079093 846 1573758018316
685.213397603568 411.583118025861 846 1573758018316
685.333415222289 407.584945637418 846 1573758018346
685.449998757085 403.586644963455 846 1573758018346
685.566582291881 399.588344289491 846 1573758018346
685.683165826677 395.590043615528 846 1573758018346
685.83455885168 391.593888701319 846 1573758018369
686.209926094444 387.611540219197 846 1573758018369
686.585293337207 383.629191737075 846 1573758018369
686.960660579971 379.646843254953 846 1573758018369
687.24724487795 375.658626826232 847 1573758018421
687.399265383068 371.661516649364 847 1573758018421
687.551285888186 367.664406472496 847 1573758018421
687.703306393304 363.667296295627 847 1573758018421
687.855326898422 359.670186118759 847 1573758018421
688.00734740354 355.673075941891 847 1573758018421
688.159367908658 351.675965765023 847 1573758018421
688.31288327526 347.678930704363 846 1573758018436
688.562323252084 343.686715818118 846 1573758018436
688.811763228907 339.694500931872 846 1573758018436
689.270943824313 335.72265317709 846 1573758018459
689.794259582064 331.757033349409 846 1573758018459
690.317575339814 327.791413521729 846 1573758018459
690.834833199505 323.825349810042 848 1573758018519
690.895153765171 319.825804657233 848 1573758018519
690.955474330836 315.826259504424 848 1573758018519
691.015794896501 311.826714351615 848 1573758018519
691.076115462166 307.827169198806 848 1573758018519
691.136436027832 303.827624045997 848 1573758018519
691.196756593497 299.828078893188 848 1573758018519
691.257077159162 295.828533740379 848 1573758018519
691.317397724828 291.82898858757 848 1573758018519
691.377718290493 287.829443434761 848 1573758018519
691.105219160457 283.844398175863 847 1573758018534
690.697292476892 279.865253064053 847 1573758018534
690.345490187857 275.880970859952 848 1573758018579
690.024264449728 271.893889969732 848 1573758018579
689.7030387116 267.906809079511 848 1573758018579
689.381812973471 263.91972818929 848 1573758018579
689.060587235343 259.932647299069 848 1573758018579
688.739361497214 255.945566408849 848 1573758018579
688.366367775175 251.963291470959 847 1573758018609
687.948137228996 247.985216156156 847 1573758018609
687.529906682817 244.007140841353 847 1573758018609
687.186814946203 240.025126563314 848 1573758018617
687.420616003115 236.039595782376 847 1573758018647
687.91382210835 232.070118771766 847 1573758018647
688.407028213585 228.100641761157 847 1573758018647
688.479487355393 224.114343823601 847 1573758018662
688.311627309245 220.11810191417 847 1573758018692
688.415708385617 216.119456252257 847 1573758018692
688.519789461988 212.120810590343 847 1573758018692
688.674211062746 208.124438525342 846 1573758018707
688.776428072095 204.135384325118 847 1573758018722
688.309055722027 200.166422956901 847 1573758018752
688.309055722027 196.166422956901 847 1573758018752
688.589562404601 192.18819518894 847 1573758018774
687.898607905798 188.319568492328 847 1573758018797
688.395842006786 184.425225845488 847 1573758018812
END STROKE
671.129365629378 830.391999037388 827 1573758017550
671.254320553936 834.342306883449 827 1573758017543
671.534430310836 838.308501103313 809 1573758017520
END STROKE
-181.903306128694 838.644526227286 751 1573757984406
-177.923317518704 838.707879774122 747 1573757984414
-173.961164048094 838.311848846041 753 1573757984459
-169.961357535026 838.272506019221 753 1573757984459
-165.961551021959 838.233163192401 753 1573757984459
-161.961744508891 838.193820365581 753 1573757984459
-157.961937995824 838.154477538761 753 1573757984459
-153.962131482756 838.115134711941 753 1573757984459
-149.962350812109 838.074899971789 772 1573757984481
-145.966976410112 837.88258931721 772 1573757984481
-141.971602008114 837.690278662631 772 1573757984481
-137.976227606117 837.497968008052 772 1573757984481
-133.980898869536 837.305024529256 787 1573757984489
-129.999307771041 836.921707005021 787 1573757984489
-126.007007107298 836.703129191624 792 1573757984519
-122.009299705804 836.567720432528 792 1573757984519
-118.01159230431 836.432311673432 792 1573757984519
-114.013884902816 836.296902914336 792 1573757984519
-110.016177501322 836.16149415524 792 1573757984519
-106.018470099828 836.026085396144 792 1573757984519
-102.035650247603 836.389508100986 797 1573757984534
-98.0531334588568 836.76308543884 797 1573757984534
-94.068528568484 837.110413578975 808 1573757984571
-90.0770363310343 837.371161960329 808 1573757984571
-86.0855440935845 837.631910341683 808 1573757984571
-82.0940518561348 837.892658723037 808 1573757984571
-78.1025596186851 838.153407104391 808 1573757984571
-74.1110673812354 838.414155485744 808 1573757984571
-70.1195751437857 838.674903867098 808 1573757984571
-66.1256978703087 838.884599990497 815 1573757984594
-62.127280792676 838.997120536599 815 1573757984594
-58.1288637150433 839.109641082702 815 1573757984594
-54.1304466374106 839.222161628805 815 1573757984594
-50.1320295597779 839.334682174908 815 1573757984594
-46.150786375213 839.698292038853 814 1573757984609
-42.1742854937588 840.131236307545 814 1573757984609
-38.1977846123045 840.564180576238 814 1573757984609
-34.2132881220837 840.913830113648 813 1573757984631
-30.22704117009 841.245244111121 813 1573757984631
-26.2407942180963 841.576658108594 813 1573757984631
-22.2545472661026 841.908072106067 813 1573757984631
-18.2678622585727 842.233951911329 832 1573757984654
-14.2791162134676 842.533793515612 832 1573757984654
-10.2903701683625 842.833635119894 832 1573757984654
-6.30162412325747 843.133476724177 832 1573757984654
-2.31287807815241 843.433318328459 832 1573757984654
1.67411920191599 843.74767447826 831 1573757984661
5.61993671994336 844.403817842494 831 1573757984661
9.5880392325491 844.863303020943 830 1573757984676
13.5806254570266 845.106727013418 830 1573757984676
17.5732116815041 845.350151005893 830 1573757984676
21.5681288789659 845.517039804056 834 1573757984699
25.5681288789659 845.517039804056 834 1573757984699
29.5681288789659 845.517039804056 834 1573757984699
33.5681288789659 845.517039804056 834 1573757984699
37.5681288789659 845.517039804056 834 1573757984699
41.5680842748981 845.512649258017 836 1573757984714
45.5672586989522 845.431384714753 836 1573757984714
49.5664331230062 845.350120171489 836 1573757984714
53.5656075470603 845.268855628225 836 1573757984714
57.5506072216639 845.587341316609 836 1573757984721
END STROKE
368.786529279672 182.314948408615 832 1573757980823
372.756326356845 181.824325166127 832 1573757980823
376.750197719004 181.769927612987 832 1573757980860
380.74987504449 181.820734029811 832 1573757980860
384.749552369977 181.871540446636 832 1573757980860
388.749229695463 181.92234686346 832 1573757980860
392.748907020949 181.973153280284 832 1573757980860
396.726613096223 182.351289593351 833 1573757980883
400.697201309911 182.835468524446 833 1573757980883
404.6677895236 183.319647455541 833 1573757980883
408.640408652213 183.78663392821 832 1573757980898
412.614524636691 184.240948953179 832 1573757980898
416.573993217997 184.790874199454 833 1573757980905
420.501851404646 185.547134779927 833 1573757980905
424.498743735773 185.539577811964 835 1573757980943
428.498546169913 185.499822462084 835 1573757980943
432.498348604054 185.460067112204 835 1573757980943
436.498151038194 185.420311762324 835 1573757980943
440.497953472335 185.380556412444 835 1573757980943
444.497755906475 185.340801062564 835 1573757980943
448.492663204449 185.178999361211 842 1573757980980
452.482801157765 184.898287563262 842 1573757980980
456.472939111081 184.617575765312 842 1573757980980
460.463077064397 184.336863967363 842 1573757980980
464.453215017713 184.056152169413 842 1573757980980
468.443352971029 183.775440371464 842 1573757980980
472.433490924345 183.494728573515 842 1573757980980
476.424054798643 183.220452802617 841 1573757981003
480.416387377818 182.972903661509 841 1573757981003
484.408719956992 182.725354520401 841 1573757981003
488.401052536166 182.477805379293 841 1573757981003
492.393530972267 182.251351412125 842 1573757981010
496.388904910691 182.44367169748 842 1573757981010
500.374443336113 182.22514369558 842 1573757981018
504.357282561236 182.115731603782 842 1573757981033
508.342196920497 182.462801552581 842 1573757981033
END STROKE
288.936784177724 181.492469740052 829 1573757980710
292.932158023431 181.684791951581 829 1573757980710
296.927531869137 181.877114163109 829 1573757980710
300.922906482832 182.069420418619 829 1573757980718
304.917977509024 182.267247969272 828 1573757980748
308.910361651345 182.51396412226 828 1573757980748
312.902745793666 182.760680275248 828 1573757980748
316.895129935987 183.007396428236 828 1573757980748
320.887514078308 183.254112581224 828 1573757980748
324.879898220628 183.500828734212 828 1573757980748
328.879149373077 183.52508769424 829 1573757980763
332.879149373077 183.52508769424 829 1573757980763
336.876925310492 183.42290594045 829 1573757980770
340.871252462556 183.314115251367 830 1573757980778
344.850757395523 183.718516646629 830 1573757980778
348.845988873727 183.678828190502 829 1573757980793
352.844131322588 183.556939066215 829 1573757980793
356.839117241204 183.361558979398 832 1573757980808
360.832986519118 183.14018104252 832 1573757980808
364.816732202499 182.805571651103 832 1573757980823
END STROKE
-180.004891846625 200.459762124497 420 1573757954971
-179.243684482649 200.82579811549 764 1573757955076
-178.970451299751 204.70849297955 779 1573757955106
-178.461172695757 208.675469650886 781 1573757955128
-177.919503516361 212.638624265596 781 1573757955128
-176.792887586163 216.456974878683 781 1573757955136
-176.528753906818 220.423552169713 791 1573757955166
-176.082969544446 224.398634093682 791 1573757955166
-175.637185182075 228.373716017651 791 1573757955166
-175.383466849096 232.363925910196 798 1573757955188
-175.201424987015 236.359781358088 798 1573757955188
-175.019383124935 240.35563680598 798 1573757955188
-174.850380597492 244.35205330156 800 1573757955203
-174.688523150178 248.348777230824 800 1573757955203
-174.545699196975 252.34622223824 822 1573757955218
-174.404697363312 256.343736276102 822 1573757955218
-174.393821745976 260.34354453127 824 1573757955233
-174.422951230715 264.342707028531 826 1573757955241
END STROKE
670.914644765096 826.40868102326 840 1573758017595
670.914644765096 822.40868102326 840 1573758017595
670.914644765096 818.40868102326 840 1573758017595
670.914644765096 814.40868102326 840 1573758017595
671.389527667015 810.443115570239 839 1573758017610
671.966586795178 806.484959084878 839 1573758017610
672.036885540909 802.490056563546 839 1573758017618
672.891664443708 798.587726360411 844 1573758017655
673.117517913369 794.594107674277 844 1573758017655
673.343371383031 790.600488988143 844 1573758017655
673.569224852693 786.606870302008 844 1573758017655
673.695684491358 782.611364933889 844 1573758017685
673.621551908583 778.612051947866 844 1573758017685
673.547419325809 774.612738961843 844 1573758017685
673.473286743035 770.613425975821 844 1573758017685
673.285966940962 766.619150201944 844 1573758017700
673.004544299946 762.629062321067 844 1573758017700
672.955278644752 758.634827419073 846 1573758017730
673.09401730795 754.637234195227 846 1573758017730
673.232755971147 750.639640971382 846 1573758017730
673.371494634345 746.642047747537 846 1573758017730
674.022939826052 742.730448525932 847 1573758017745
674.505396493076 738.775631673229 848 1573758017753
674.468820665278 734.898474141706 847 1573758017760
674.576107469733 730.966215603632 847 1573758017768
674.702355197607 726.969481198833 847 1573758017783
674.866166342554 722.973872498243 847 1573758017790
675.403500845607 719.015579067853 847 1573758017813
675.403500845607 715.015579067853 847 1573758017813
675.403500845607 711.015579067853 847 1573758017813
675.403500845607 707.015579067853 847 1573758017813
675.748633888082 703.03439196187 847 1573758017821
676.169901072098 699.056659988061 847 1573758017836
676.577827755664 695.077514876252 847 1573758017836
676.65888372642 691.095390468774 847 1573758017843
676.637839070959 687.10358758129 847 1573758017866
676.823754071665 683.107910465642 847 1573758017866
677.00966907237 679.112233349994 847 1573758017866
676.534547462098 675.180168105792 847 1573758017873
676.605980359206 671.182035047768 846 1573758017896
676.686974258591 667.182855133303 846 1573758017896
676.767968157976 663.183675218838 846 1573758017896
677.020926603496 659.195032739818 847 1573758017941
677.428819069248 655.215884120279 847 1573758017941
677.836711535 651.236735500739 847 1573758017941
678.244604000752 647.2575868812 847 1573758017941
678.652496466504 643.27843826166 847 1573758017941
679.060388932256 639.299289642121 847 1573758017941
679.398004853981 635.314796357796 847 1573758017963
679.596566769079 631.319727751893 847 1573758017963
679.795128684176 627.32465914599 847 1573758017963
679.892463948906 623.327076520689 847 1573758017978
679.892463948906 619.327076520689 847 1573758017978
679.892463948906 615.327076520689 847 1573758017986
679.755985023518 611.330466049677 847 1573758018008
679.557423108421 607.335397443774 847 1573758018008
679.358861193323 603.34032883787 847 1573758018008
679.050729855655 599.354927483501 846 1573758018061
679.050729855655 595.354927483501 846 1573758018061
679.050729855655 591.354927483501 846 1573758018061
679.050729855655 587.354927483501 846 1573758018061
679.050729855655 583.354927483501 846 1573758018061
679.050729855655 579.354927483501 846 1573758018061
679.050729855655 575.354927483501 846 1573758018061
679.13468654479 571.357984019361 846 1573758018068
679.30243513132 567.36546610353 846 1573758018091
679.213179932709 563.366462038826 846 1573758018091
679.123924734097 559.367457974122 846 1573758018091
679.092080783684 555.369463530758 847 1573758018128
679.321888487072 551.376070434723 847 1573758018128
679.551696190461 547.382677338687 847 1573758018128
679.78150389385 543.389284242652 847 1573758018128
680.011311597238 539.395891146616 847 1573758018128
680.241119300627 535.402498050581 847 1573758018128
680.478935654318 531.409672119083 847 1573758018143
680.814215118867 527.423748426807 847 1573758018143
681.149494583416 523.43782473453 847 1573758018143
681.553801515612 519.458774987792 847 1573758018151
681.882762756779 515.476385832687 846 1573758018173
681.960835836707 511.477147830993 846 1573758018173
END STROKE
-182.810440274795 515.4714314509 830 1573757955872
-182.497490917274 511.486275824674 830 1573757955864
-182.249319886884 507.49804751695 831 1573757955849
-182.249319886884 503.49804751695 831 1573757955849
-182.366612175555 499.508647942472 830 1573757955827
-182.652540448491 495.556958717375 830 1573757955819
-182.272174476334 491.580366696024 831 1573757955804
-182.810440274795 487.638536096938 830 1573757955797
-182.810440274795 483.638536096938 830 1573757955797
-182.799362272932 479.63878832413 831 1573757955774
-182.617310304362 475.642933336679 831 1573757955774
-182.219841900142 471.668171662188 832 1573757955759
-181.623329321569 467.712900148928 832 1573757955759
-180.812950003536 463.819887942651 831 1573757955631
-179.815325793028 460.110925341369 831 1573757955609
-179.338566969704 456.147375429893 831 1573757955594
-179.120206864365 452.153340018883 831 1573757955594
-178.901846759026 448.159304607874 831 1573757955594
-178.785409745591 444.161124889377 830 1573757955564
-178.678781183226 440.162546348234 830 1573757955564
-178.554869853029 436.164561625914 831 1573757955541
-178.386796539349 432.168094265704 831 1573757955541
-178.196277498597 428.172674088636 828 1573757955526
-177.991528196172 424.177917810319 828 1573757955526
-177.786778893746 420.183161532002 828 1573757955526
-177.58202959132 416.188405253684 828 1573757955526
-177.370466681892 412.194009829403 828 1573757955496
-177.173092711609 408.19908201192 828 1573757955489
-177.051656122963 404.200925792494 828 1573757955489
-176.930219534316 400.202769573068 828 1573757955489
-176.560323562343 396.22071625782 828 1573757955474
-176.138361101042 392.243127381898 827 1573757955466
-175.688787735641 388.268472203254 827 1573757955466
-175.516035766106 384.278211142755 828 1573757955451
-175.516035766106 380.278211142755 828 1573757955451
-175.444693358129 376.279341362407 827 1573757955436
END STROKE
-185.81900175844 714.45881140387 829 1573757956315
-185.706909120512 710.460382307272 829 1573757956315
-185.509313387774 706.46922533763 830 1573757956292
-184.944539487565 702.509297252217 830 1573757956292
-183.61579417417 698.772846812075 830 1573757956277
-184.693767727341 695.092580724571 830 1573757956270
-184.774308121099 691.108826898981 829 1573757956262
-184.774308121099 687.108826898981 830 1573757956247
END STROKE
673.579459001209 832.035233141005 852 1573758069843
676.644781221214 834.605019063517 852 1573758069843
679.104721458092 837.470874736373 850 1573758069910
END STROKE
-196.115515812502 828.659967020726 671 1573757976288
-196.031399831575 824.700708323604 673 1573757976258
-195.414077565729 820.748631246915 673 1573757976258
-195.154794496223 816.768759473845 668 1573757976228
-194.965909384543 812.810047797613 667 1573757976198
-195.162935350135 808.884791931407 660 1573757976182
-194.593700864005 804.945979226665 659 1573757976152
-194.032580476093 801.089361428527 658 1573757976137
-193.752047037831 797.127009551063 660 1573757976107
-192.995361989364 793.245918172099 660 1573757976092
-192.349272823745 789.311464791119 658 1573757976077
-191.788152435833 785.454834995292 657 1573757976062
-191.458839059685 781.476782190718 657 1573757976040
-190.928034119965 777.512157855933 657 1573757976040
-190.397229180245 773.547533521148 657 1573757976040
-190.104844783486 769.567019572916 647 1573757975995
-190.104844783486 765.567019572916 647 1573757975995
-189.962435577036 761.570556353062 633 1573757975965
-189.72952628947 757.577682199588 619 1573757975942
-189.348016156068 753.629169413339 614 1573757975920
-188.982630763356 749.743427741458 611 1573757975905
-188.629304381035 745.847817879704 607 1573757975890
-188.422217048322 741.8653061803 602 1573757975882
-188.421510375444 737.865333734178 599 1573757975867
-188.421510375444 733.865333734178 599 1573757975867
-188.311314135294 729.870343919061 565 1573757975815
END STROKE
-174.954942133887 344.287100092086 827 1573757955384
-174.954942133887 340.287100092086 827 1573757955384
-175.001589729478 336.287411061657 824 1573757955369
-175.054918223327 332.287766568487 824 1573757955369
-175.108246717177 328.288122075317 824 1573757955369
-175.161575211027 324.288477582148 824 1573757955369
-175.214903704876 320.288833088978 824 1573757955369
-175.1013537694 316.29263369997 827 1573757955331
-174.883000584698 312.298597910604 827 1573757955331
-174.664647399996 308.304562121239 827 1573757955331
-174.446294215294 304.310526331874 827 1573757955331
-174.594757178459 300.318610212825 827 1573757955301
-174.859253816906 296.327364601709 827 1573757955301
-174.86495236891 292.332118286003 826 1573757955286
-174.723952268179 288.334604187017 826 1573757955286
-174.674381939932 284.335478136246 829 1573757955271
-174.674381939932 280.335478136246 829 1573757955271
-174.674381939932 276.335478136246 829 1573757955271
-174.674381939932 272.335478136246 829 1573757955271
-174.652769511333 268.336099515865 826 1573757955241
END STROKE
-175.191281992086 368.283355952242 827 1573757955436
-175.064576309064 364.28536324716 827 1573757955436
-174.954942133887 360.287100092086 828 1573757955406
-174.954942133887 356.287100092086 829 1573757955399
-174.954942133887 352.287100092086 829 1573757955399
-174.954942133887 348.287100092086 829 1573757955399
END STROKE
-184.837460882488 683.110395318876 831 1573757956240
-185.036021080351 679.115326627624 831 1573757956240
-185.054868315055 675.115794704985 831 1573757956225
-184.972038030429 671.116847668303 830 1573757956210
-184.870356073038 667.118140279716 830 1573757956210
-184.774308121099 663.119361269969 830 1573757956187
-184.774308121099 659.119361269969 830 1573757956187
-184.774308121099 655.119361269969 830 1573757956187
-184.774308121099 651.119361269969 830 1573757956187
-184.290386596525 647.156927366483 829 1573757956165
-184.34068342399 643.165240117768 830 1573757956157
-184.48636453195 639.167893871221 830 1573757956157
-184.296315646345 635.173164408287 830 1573757956142
-184.251824823616 631.175636593056 830 1573757956127
-184.316130065057 627.176153521967 830 1573757956127
-184.380435306499 623.176670450879 830 1573757956127
-184.444740547941 619.17718737979 830 1573757956127
-184.460207975798 615.17817260362 830 1573757956090
-184.31922130487 611.180658030961 830 1573757956090
-184.084102225996 607.190961210243 829 1573757956074
-183.563713901005 603.22495616849 829 1573757956074
-182.880126021333 599.326911074963 830 1573757956052
-182.972647310229 595.341808577978 829 1573757956044
-182.831189795529 591.346655060008 829 1573757956029
-182.901723153027 587.347276977671 829 1573757956029
-182.972256510524 583.347898895333 829 1573757956029
-183.042789868021 579.348520812996 829 1573757956029
-183.174704776671 575.351716209446 830 1573757955992
-183.439185814394 571.360469564514 830 1573757955992
-183.581314861412 567.370734100728 830 1573757955977
-183.371533907014 563.380272006603 829 1573757955969
-183.156048723213 559.388384979663 831 1573757955962
-182.855276707279 555.399708984495 831 1573757955962
-182.810440274795 551.401397067 830 1573757955947
-182.633974047354 547.405779702572 829 1573757955939
-182.435412132257 543.410711096669 829 1573757955939
-182.255289261008 539.415403736206 830 1573757955917
-182.350343130458 535.416533300458 830 1573757955917
-182.445396999908 531.41766286471 830 1573757955917
-182.603675029084 527.424830562055 830 1573757955894
-183.046360101845 523.466472855552 829 1573757955887
-182.878289249749 519.47000539182 829 1573757955887
END STROKE
509.315718843635 184.294814479313 93 1573758020389
512.218214740326 181.896878324709 522 1573758020494
515.399675016447 179.676306949164 586 1573758020547
519.114919395903 181.078279920172 602 1573758020614
523.056002985629 181.472401367539 681 1573758020637
527.017762254718 181.728993275864 677 1573758020659
530.998616238616 181.44856544382 682 1573758020682
534.965206349987 180.959217550888 697 1573758020689
538.946919593508 181.220420386091 696 1573758020704
542.905595472753 181.190817300527 723 1573758020734
546.90346334989 181.060232320714 723 1573758020734
550.901814033862 180.959217550888 752 1573758020742
554.851810442559 180.570081531481 752 1573758020749
558.616152018503 179.223797507091 754 1573758020772
562.365714295761 177.830677724387 754 1573758020772
566.195806829851 176.717253427909 757 1573758020787
570.112097919499 175.903211597814 757 1573758020787
574.033258616221 175.324934334824 756 1573758020802
577.841634491919 174.54456666246 757 1573758020809
581.783396217275 173.934056483387 758 1573758020824
585.741411112457 173.426870691328 762 1573758020839
589.734657373377 173.32332099385 791 1573758020847
593.699679599798 173.221816229317 788 1573758020862
597.634395745764 172.502087912048 788 1573758020862
601.632328210994 172.396999799872 789 1573758020892
605.631170142804 172.300754257648 789 1573758020892
609.62449530603 172.112703158749 790 1573758020907
613.606086771572 171.72938944713 790 1573758020907
617.572666411962 172.230476904167 789 1573758020922
621.547629264233 172.525744897944 799 1573758020945
625.499295146621 172.872840217761 799 1573758020960
629.473041295316 172.415358542115 802 1573758020975
633.444880004822 171.941547117954 802 1573758020975
637.429803581462 171.815541087646 816 1573758020990
641.426252381006 171.978696519108 815 1573758020997
645.417634002215 171.85558465433 818 1573758021012
649.378620206263 171.298280167237 818 1573758021012
653.288464033658 171.394825769989 815 1573758021020
657.248362965716 171.679703551083 838 1573758021050
661.246730219891 171.565426253534 838 1573758021050
665.244992039595 171.447841227973 837 1573758021065
669.242520462027 171.307247800508 837 1573758021065
673.229049420672 171.041226165368 836 1573758021072
677.20468323954 170.672214767849 837 1573758021110
END STROKE
===NOTES===
Great Job
