1.00
USERID - 01/01/2000 01:00:00 AM - F - HS - EN - N/A
11/13/2019 10:52:8:138
11/13/2019 10:52:14:716
-195.710993738977 158.617108154539 149 1573663931849
-191.872277005768 158.270216276517 460 1573663931947
-187.885729915415 158.291576294577 454 1573663931962
-183.894272732516 158.470346276924 492 1573663931985
-179.909209858443 158.775941713531 482 1573663932000
-175.909209858443 158.775941713531 482 1573663932000
-171.924385622139 158.476498925511 478 1573663932007
-167.933731200288 158.204762196147 518 1573663932030
-163.942550615744 157.939286130252 518 1573663932030
-159.986940385416 157.398117611249 521 1573663932037
-156.008181653436 157.105699941645 524 1573663932210
-152.009793278415 156.992164033261 524 1573663932210
-148.011404903393 156.878628124877 524 1573663932210
-144.013016528372 156.765092216493 524 1573663932210
-140.01462815335 156.651556308108 524 1573663932210
-136.016239778329 156.538020399724 524 1573663932210
-132.017851403307 156.42448449134 524 1573663932210
-128.019463028286 156.310948582956 524 1573663932210
-124.021074653264 156.197412674572 524 1573663932210
-120.022686278243 156.083876766188 524 1573663932210
-116.024297903221 155.970340857803 524 1573663932210
-112.025909528199 155.856804949419 524 1573663932210
-108.027521153178 155.743269041035 524 1573663932210
-104.029132778156 155.629733132651 524 1573663932210
-100.030744403135 155.516197224267 524 1573663932210
-96.0323560281133 155.402661315883 524 1573663932210
-92.0339676530918 155.289125407498 524 1573663932210
-88.0355792780703 155.175589499114 524 1573663932210
-84.0371909030487 155.06205359073 524 1573663932210
-80.0388025280272 154.948517682346 524 1573663932210
-76.0404141530057 154.834981773962 524 1573663932210
-72.0420257779841 154.721445865578 524 1573663932210
-68.0436374029626 154.607909957193 524 1573663932210
-64.0452490279411 154.494374048809 524 1573663932210
-60.0468606529195 154.380838140425 524 1573663932210
-56.048472277898 154.267302232041 524 1573663932210
-52.0500839028764 154.153766323657 524 1573663932210
-48.0516955278549 154.040230415273 524 1573663932210
-44.0533071528333 153.926694506888 524 1573663932210
-40.0549187778118 153.813158598504 524 1573663932210
-36.0565304027903 153.69962269012 524 1573663932210
-32.0581420277687 153.586086781736 524 1573663932210
-28.0597536527472 153.472550873352 524 1573663932210
-24.0615303182998 153.353966363497 536 1573663932263
-20.0642635163141 153.206121465909 536 1573663932263
-16.0669967143284 153.058276568322 536 1573663932263
-12.0697299123426 152.910431670735 536 1573663932263
-8.07246311035685 152.762586773147 536 1573663932263
-4.0751963083711 152.61474187556 536 1573663932263
-0.0779295063853493 152.466896977972 536 1573663932263
3.9193372956004 152.319052080385 536 1573663932263
7.91660409758615 152.171207182798 536 1573663932263
11.9138708995719 152.02336228521 536 1573663932263
15.9111377015577 151.875517387623 536 1573663932263
19.9084045035434 151.727672490036 536 1573663932263
23.9057662034294 151.582464750564 542 1573663932330
27.9033207716784 151.442616712066 542 1573663932330
31.9008753399274 151.302768673568 542 1573663932330
35.8984299081764 151.162920635071 542 1573663932330
39.8959844764254 151.023072596573 542 1573663932330
43.8935390446744 150.883224558075 542 1573663932330
47.8910936129233 150.743376519578 542 1573663932330
51.8886481811723 150.60352848108 542 1573663932330
55.8862027494213 150.463680442582 542 1573663932330
59.8837573176703 150.323832404085 542 1573663932330
63.8813118859193 150.183984365587 542 1573663932330
67.8788664541683 150.044136327089 542 1573663932330
71.8764210224173 149.904288288592 542 1573663932330
75.8739755906663 149.764440250094 542 1573663932330
79.8715301589152 149.624592211597 542 1573663932330
83.8690847271642 149.484744173099 542 1573663932330
87.8671076422454 149.360246802216 530 1573663932383
91.8657524225069 149.256131859545 530 1573663932383
95.8643972027684 149.152016916874 530 1573663932383
99.8630419830299 149.047901974203 530 1573663932383
103.861686763291 148.943787031532 530 1573663932383
107.860331543553 148.839672088861 530 1573663932383
111.858976323814 148.73555714619 530 1573663932383
115.857621104076 148.631442203519 530 1573663932383
119.856265884337 148.527327260848 530 1573663932383
123.854910664599 148.423212318176 530 1573663932383
127.85355544486 148.319097375505 530 1573663932383
131.852200225122 148.214982432834 530 1573663932383
135.851099413102 148.143931634912 603 1573663932743
139.850872858039 148.186503799219 603 1573663932743
143.850646302977 148.229075963526 603 1573663932743
147.850419747914 148.271648127834 603 1573663932743
151.850193192851 148.314220292141 603 1573663932743
155.849966637789 148.356792456448 603 1573663932743
159.849740082726 148.399364620755 603 1573663932743
163.849513527664 148.441936785062 603 1573663932743
167.849286972601 148.48450894937 603 1573663932743
171.849060417538 148.527081113677 603 1573663932743
175.848833862476 148.569653277984 603 1573663932743
179.848607307413 148.612225442291 603 1573663932743
183.84838075235 148.654797606598 603 1573663932743
187.848154197288 148.697369770906 603 1573663932743
191.847927642225 148.739941935213 603 1573663932743
195.847701087163 148.78251409952 603 1573663932743
199.8474745321 148.825086263827 603 1573663932743
203.847247977037 148.867658428134 603 1573663932743
207.847021421975 148.910230592441 603 1573663932743
211.846794866912 148.952802756749 603 1573663932743
215.846568311849 148.995374921056 603 1573663932743
219.846341756787 149.037947085363 603 1573663932743
223.846115201724 149.08051924967 603 1573663932743
227.845888646662 149.123091413977 603 1573663932743
231.845662091599 149.165663578285 603 1573663932743
235.845435536536 149.208235742592 603 1573663932743
239.845208981474 149.250807906899 603 1573663932743
243.844982426411 149.293380071206 603 1573663932743
END STROKE
-217.419274837766 769.635843874174 188 1573663933995
-213.482034682537 770.112430228397 366 1573663934048
-209.513808810011 770.3628471677 406 1573663934070
-205.519163191661 770.191356968243 445 1573663934108
-201.539658921786 769.78694904789 445 1573663934108
-197.560154651911 769.382541127536 445 1573663934108
-193.580650382036 768.978133207183 445 1573663934108
-189.60114611216 768.573725286829 445 1573663934108
-185.622784705333 768.159414353251 496 1573663934168
-181.655773828714 767.646750033464 496 1573663934168
-177.688762952094 767.134085713676 496 1573663934168
-173.721752075475 766.621421393889 496 1573663934168
-169.754741198855 766.108757074102 496 1573663934168
-165.787730322236 765.596092754314 496 1573663934168
-161.820719445617 765.083428434527 496 1573663934168
-157.853708568997 764.570764114739 496 1573663934168
-153.886697692378 764.058099794952 496 1573663934168
-149.919686815758 763.545435475165 496 1573663934168
-145.952675939139 763.032771155377 496 1573663934168
-141.985665062519 762.52010683559 496 1573663934168
-138.0186541859 762.007442515802 496 1573663934168
-134.05164330928 761.494778196015 496 1573663934168
-130.084632432661 760.982113876227 496 1573663934168
-126.117621556042 760.46944955644 496 1573663934168
-122.150610679422 759.956785236652 496 1573663934168
-118.193510650117 759.372610479397 480 1573663934258
-114.236599276186 758.787074503683 480 1573663934258
-110.279687902255 758.201538527969 480 1573663934258
-106.322776528324 757.616002552255 480 1573663934258
-102.365865154393 757.03046657654 480 1573663934258
-98.4089537804624 756.444930600826 480 1573663934258
-94.4520424065314 755.859394625112 480 1573663934258
-90.4951310326005 755.273858649398 480 1573663934258
-86.5382196586695 754.688322673684 480 1573663934258
-82.5813082847385 754.10278669797 480 1573663934258
-78.6243969108075 753.517250722256 480 1573663934258
-74.6674855368765 752.931714746541 480 1573663934258
-70.7105741629455 752.346178770827 480 1573663934258
-66.7536627890145 751.760642795113 480 1573663934258
-62.7967514150835 751.175106819399 480 1573663934258
-58.8398400411525 750.589570843685 480 1573663934258
-54.8829286672215 750.004034867971 480 1573663934258
-50.9260172932905 749.418498892256 480 1573663934258
-46.9691059193595 748.832962916542 480 1573663934258
-43.0121945454285 748.247426940828 480 1573663934258
-39.0552831714976 747.661890965114 480 1573663934258
-35.0983717975666 747.0763549894 480 1573663934258
-31.1414604236356 746.490819013686 480 1573663934258
-27.1845490497046 745.905283037972 480 1573663934258
-23.2276376757736 745.319747062257 480 1573663934258
-19.2707263018426 744.734211086543 480 1573663934258
-15.3138149279116 744.148675110829 480 1573663934258
-11.3569035539806 743.563139135115 480 1573663934258
-7.39999218004958 742.977603159401 480 1573663934258
-3.44308080611859 742.392067183687 480 1573663934258
0.51383056781241 741.806531207973 480 1573663934258
4.47074194174341 741.220995232258 480 1573663934258
8.4276533156744 740.635459256544 480 1573663934258
12.3845646896054 740.04992328083 480 1573663934258
16.3414760635364 739.464387305116 480 1573663934258
END STROKE
255.844302761223 149.421096564128 603 1573663932743
259.844076206161 149.463668728435 603 1573663932743
263.843849651098 149.506240892742 603 1573663932743
267.843623096035 149.548813057049 603 1573663932743
271.843396540973 149.591385221356 603 1573663932743
275.84316998591 149.633957385664 603 1573663932743
279.842943430847 149.676529549971 603 1573663932743
283.842716875785 149.719101714278 603 1573663932743
287.842490320722 149.761673878585 603 1573663932743
291.84226376566 149.804246042892 603 1573663932743
295.842037210597 149.8468182072 603 1573663932743
299.841810655534 149.889390371507 603 1573663932743
303.841584100472 149.931962535814 603 1573663932743
307.841357545409 149.974534700121 603 1573663932743
311.841130990346 150.017106864428 603 1573663932743
315.840904435284 150.059679028736 603 1573663932743
319.840677880221 150.102251193043 603 1573663932743
323.840451325159 150.14482335735 603 1573663932743
327.840224770096 150.187395521657 603 1573663932743
331.839998215033 150.229967685964 603 1573663932743
335.839771659971 150.272539850272 603 1573663932743
339.839545104908 150.315112014579 603 1573663932743
343.839318549845 150.357684178886 603 1573663932743
347.839091994783 150.400256343193 603 1573663932743
351.83886543972 150.4428285075 603 1573663932743
355.838638884658 150.485400671807 603 1573663932743
END STROKE
-207.593965338574 427.391934084442 446 1573663929294
-207.397192385437 423.396776965515 446 1573663929294
-207.200419432301 419.401619846588 446 1573663929294
-207.003646479164 415.406462727661 446 1573663929294
-206.81310968249 411.411049625509 447 1573663929257
-206.681784052291 407.413206009402 447 1573663929257
-206.550458422093 403.415362393294 447 1573663929257
-206.419132791894 399.417518777186 447 1573663929257
-206.287807161696 395.419675161078 447 1573663929257
-206.156481531498 391.421831544971 447 1573663929257
-206.025155901299 387.423987928863 447 1573663929257
-205.893830271101 383.426144312755 447 1573663929257
-205.762504640902 379.428300696648 447 1573663929257
-205.631179010704 375.43045708054 447 1573663929257
-205.422202872208 371.436065387788 449 1573663929174
-205.198266333531 367.442338753847 449 1573663929174
-204.974329794854 363.448612119907 449 1573663929174
-204.832751253454 359.451422699285 449 1573663929144
-204.720653274343 355.452993752426 449 1573663929144
-204.608555295232 351.454564805567 449 1573663929144
-204.567976402188 347.45513351874 448 1573663929114
-204.567976402188 343.45513351874 448 1573663929114
-204.567976402188 339.45513351874 448 1573663929114
-204.567976402188 335.45513351874 448 1573663929114
-204.424074381507 331.457993237226 449 1573663929076
-204.265155720125 327.461151376573 449 1573663929076
-204.118313660702 323.463854718588 450 1573663929054
-203.976171362409 319.466381070515 450 1573663929054
-203.834029064117 315.468907422442 450 1573663929054
-203.691886765825 311.471433774369 450 1573663929054
-203.549744467533 307.473960126296 450 1573663929054
-203.323995115884 303.480511728652 452 1573663929001
END STROKE
-216.377270057699 758.926918272819 467 1573663930060
-216.377270057699 754.926918272819 467 1573663930060
-216.411956118045 750.927404416362 467 1573663930038
-216.524058342695 746.928975588531 467 1573663930038
-216.636160567345 742.930546760701 467 1573663930038
-216.746315485669 738.932065586157 467 1573663930000
-216.849188269963 734.93338865619 467 1573663930000
-216.952061054257 730.934711726223 467 1573663930000
-217.054933838551 726.936034796256 467 1573663930000
-216.941648444109 722.938796279878 469 1573663929963
-216.785569142787 718.941842533373 469 1573663929963
-216.579476996455 714.947356438537 468 1573663929940
-216.341333823744 710.954451752811 468 1573663929940
-216.163230432943 706.959038659865 469 1573663929918
-216.067485233506 702.960184716948 469 1573663929918
-215.971740034068 698.961330774031 469 1573663929918
-215.875994834631 694.962476831114 469 1573663929918
-215.780249635194 690.963622888196 469 1573663929918
-215.684504435756 686.964768945279 469 1573663929918
-215.297686557301 682.98373247517 470 1573663929865
-214.904979669808 679.003056489798 470 1573663929865
-214.512272782315 675.022380504426 470 1573663929865
-214.119565894822 671.041704519054 470 1573663929865
-213.726859007329 667.061028533682 470 1573663929865
-213.407528548319 663.074125184975 470 1573663929812
-213.123780908688 659.084201968045 470 1573663929812
-212.840033269057 655.094278751114 470 1573663929812
-212.556285629426 651.104355534183 470 1573663929812
-212.272537989796 647.114432317252 470 1573663929812
-211.883508085905 643.133797798945 476 1573663929767
-211.464275430491 639.155827967406 476 1573663929767
-211.045042775077 635.177858135867 476 1573663929767
-210.806542057237 631.189734769473 478 1573663929737
-210.777577614508 627.189839638216 478 1573663929737
-210.748613171779 623.189944506958 478 1573663929737
-210.71964872905 619.190049375701 478 1573663929737
-210.69068428632 615.190154244443 478 1573663929737
-210.661719843591 611.190259113186 478 1573663929737
-210.795295575576 607.196266271963 482 1573663929685
-211.114296026681 603.209006722825 482 1573663929685
-211.254784346957 599.212270778856 483 1573663929670
-211.359717996849 595.213647399601 483 1573663929670
-211.464651646741 591.215024020347 483 1573663929670
-211.569585296633 587.216400641092 483 1573663929670
END STROKE
359.838412329595 150.527972836115 603 1573663932743
363.838185774532 150.570545000422 603 1573663932743
367.83795921947 150.613117164729 603 1573663932743
371.837732664407 150.655689329036 603 1573663932743
375.837506109344 150.698261493343 603 1573663932743
379.837279554282 150.740833657651 603 1573663932743
383.837052999219 150.783405821958 603 1573663932743
387.836826444157 150.825977986265 603 1573663932743
391.836599889094 150.868550150572 603 1573663932743
395.836373334031 150.911122314879 603 1573663932743
399.836146778969 150.953694479187 603 1573663932743
403.835920223906 150.996266643494 603 1573663932743
407.835693668843 151.038838807801 603 1573663932743
411.835467113781 151.081410972108 603 1573663932743
415.835240558718 151.123983136415 603 1573663932743
419.835014003656 151.166555300723 603 1573663932743
423.834787448593 151.20912746503 603 1573663932743
427.83456089353 151.251699629337 603 1573663932743
431.834334338468 151.294271793644 603 1573663932743
435.834107783405 151.336843957951 603 1573663932743
439.833881228342 151.379416122259 603 1573663932743
443.83365467328 151.421988286566 603 1573663932743
447.833428118217 151.464560450873 603 1573663932743
451.833201563155 151.50713261518 603 1573663932743
455.832975008092 151.549704779487 603 1573663932743
459.832748453029 151.592276943795 603 1573663932743
463.832521897967 151.634849108102 603 1573663932743
467.832295342904 151.677421272409 603 1573663932743
471.832068787841 151.719993436716 603 1573663932743
475.831842232779 151.762565601023 603 1573663932743
479.831615677716 151.805137765331 603 1573663932743
483.831389122654 151.847709929638 603 1573663932743
487.831162567591 151.890282093945 603 1573663932743
491.830936012528 151.932854258252 603 1573663932743
495.830709457466 151.975426422559 603 1573663932743
499.830482902403 152.017998586867 603 1573663932743
503.83025634734 152.060570751174 603 1573663932743
507.830029792278 152.103142915481 603 1573663932743
511.829803237215 152.145715079788 603 1573663932743
515.829576682153 152.188287244095 603 1573663932743
519.82935012709 152.230859408403 603 1573663932743
523.829123572027 152.27343157271 603 1573663932743
527.828897016965 152.316003737017 603 1573663932743
531.828670461902 152.358575901324 603 1573663932743
535.82844390684 152.401148065631 603 1573663932743
539.827145398893 152.491055894443 588 1573663932841
543.824745700515 152.629590469447 588 1573663932841
547.822346002137 152.768125044451 588 1573663932841
551.819946303759 152.906659619456 588 1573663932841
555.817546605381 153.04519419446 588 1573663932841
559.815146907003 153.183728769464 588 1573663932841
563.812747208625 153.322263344468 588 1573663932841
567.810347510247 153.460797919472 588 1573663932841
571.807947811869 153.599332494476 588 1573663932841
575.805548113491 153.73786706948 588 1573663932841
579.803148415113 153.876401644484 588 1573663932841
583.800748716735 154.014936219488 588 1573663932841
587.798349018357 154.153470794492 588 1573663932841
591.795949319979 154.292005369496 588 1573663932841
595.793549621601 154.4305399445 588 1573663932841
599.791149923223 154.569074519504 588 1573663932841
603.788750224845 154.707609094508 588 1573663932841
607.786350526467 154.846143669512 588 1573663932841
611.783950828089 154.984678244516 588 1573663932841
615.781551129711 155.12321281952 588 1573663932841
619.779151431334 155.261747394524 588 1573663932841
623.776751732956 155.400281969528 588 1573663932841
627.774352034578 155.538816544532 588 1573663932841
631.7719523362 155.677351119536 588 1573663932841
635.769552637822 155.81588569454 588 1573663932841
639.767152939444 155.954420269544 588 1573663932841
643.763955419258 156.108710105175 536 1573663932893
647.755100916567 156.374713148969 536 1573663932893
651.746246413876 156.640716192762 536 1573663932893
655.737391911186 156.906719236555 536 1573663932893
659.728537408495 157.172722280349 536 1573663932893
663.719682905804 157.438725324142 536 1573663932893
667.710828403114 157.704728367936 536 1573663932893
671.701973900423 157.970731411729 536 1573663932893
675.693119397733 158.236734455523 536 1573663932893
679.684264895042 158.502737499316 536 1573663932893
683.675410392351 158.768740543109 536 1573663932893
687.669264330524 158.977929893033 574 1573663932953
691.6676144632 159.092804679322 574 1573663932953
695.665964595877 159.207679465611 574 1573663932953
699.664314728554 159.3225542519 574 1573663932953
703.66266486123 159.437429038189 574 1573663932953
707.661014993907 159.552303824478 574 1573663932953
711.659365126583 159.667178610766 574 1573663932953
715.65771525926 159.782053397055 574 1573663932953
719.655983571294 159.899433803795 579 1573663932976
723.653310040158 160.045656583549 579 1573663932976
727.650636509022 160.191879363303 579 1573663932976
END STROKE
732.567554893977 456.874224624499 534 1573663936199
732.626811810281 452.874663571349 534 1573663936199
732.686068726585 448.8751025182 534 1573663936199
732.745325642888 444.87554146505 534 1573663936199
732.804582559192 440.875980411901 534 1573663936199
732.863839475496 436.876419358751 534 1573663936199
732.9230963918 432.876858305602 534 1573663936199
732.982353308104 428.877297252452 534 1573663936199
733.041610224407 424.877736199303 534 1573663936199
733.100867140711 420.878175146153 534 1573663936199
733.160124057015 416.878614093004 534 1573663936199
733.219380973319 412.879053039855 534 1573663936199
733.278637889623 408.879491986705 534 1573663936199
733.337894805927 404.879930933556 534 1573663936199
733.39715172223 400.880369880406 534 1573663936199
733.456408638534 396.880808827257 534 1573663936199
733.515665554838 392.881247774107 534 1573663936199
733.574922471142 388.881686720958 534 1573663936199
733.634179387446 384.882125667808 534 1573663936199
733.693436303749 380.882564614659 534 1573663936199
733.752693220053 376.883003561509 534 1573663936199
733.811950136357 372.88344250836 534 1573663936199
733.871207052661 368.88388145521 534 1573663936199
733.930463968965 364.884320402061 534 1573663936199
733.989720885268 360.884759348911 534 1573663936199
734.048977801572 356.885198295762 534 1573663936199
734.108234717876 352.885637242612 534 1573663936199
734.16749163418 348.886076189463 534 1573663936199
734.226748550484 344.886515136313 534 1573663936199
734.286005466788 340.886954083164 534 1573663936199
734.345262383091 336.887393030014 534 1573663936199
734.404519299395 332.887831976865 534 1573663936199
734.463776215699 328.888270923715 534 1573663936199
734.523033132003 324.888709870566 534 1573663936199
734.582290048307 320.889148817417 534 1573663936199
734.64154696461 316.889587764267 534 1573663936199
734.700803880914 312.890026711118 534 1573663936199
734.760060797218 308.890465657968 534 1573663936199
734.819317713522 304.890904604819 534 1573663936199
734.878574629826 300.891343551669 534 1573663936199
734.937831546129 296.89178249852 534 1573663936199
734.997088462433 292.89222144537 534 1573663936199
735.056345378737 288.892660392221 534 1573663936199
735.115602295041 284.893099339071 534 1573663936199
735.174859211345 280.893538285922 534 1573663936199
735.234116127648 276.893977232772 534 1573663936199
735.293373043952 272.894416179623 534 1573663936199
735.352629960256 268.894855126473 534 1573663936199
735.41188687656 264.895294073324 534 1573663936199
735.471143792864 260.895733020174 534 1573663936199
735.530400709167 256.896171967025 534 1573663936199
735.589657625471 252.896610913875 534 1573663936199
735.648914541775 248.897049860726 534 1573663936199
735.708171458079 244.897488807576 534 1573663936199
735.767428374383 240.897927754427 534 1573663936199
735.826685290687 236.898366701278 534 1573663936199
735.88594220699 232.898805648128 534 1573663936199
735.945199123294 228.899244594979 534 1573663936199
736.004456039598 224.899683541829 534 1573663936199
736.063712955902 220.90012248868 534 1573663936199
736.122969872206 216.90056143553 534 1573663936199
736.182226788509 212.901000382381 534 1573663936199
736.241483704813 208.901439329231 534 1573663936199
736.300740621117 204.901878276082 534 1573663936199
736.406250476738 200.906842642287 477 1573663935883
737.123335901249 196.97164398225 477 1573663935883
737.84042132576 193.036445322214 477 1573663935883
738.475912881423 189.088510175862 478 1573663935861
738.992257196286 185.121976607555 478 1573663935861
739.257399632764 181.133800767451 480 1573663935846
739.427100910395 177.137402204198 480 1573663935846
739.596802188025 173.141003640945 480 1573663935846
739.766503465655 169.144605077692 480 1573663935846
END STROKE
713.441927231098 704.415809059239 627 1573663963265
716.591964129159 706.793493379865 558 1573663963295
END STROKE
-200.569053948351 275.633926220556 453 1573663928934
-200.375791449199 271.638602131977 453 1573663928904
-200.197456659641 267.642579521576 453 1573663928904
-199.999730646912 263.647673386967 454 1573663928881
-199.718254585591 259.657589274207 454 1573663928881
-199.136230525465 255.700716730709 454 1573663928866
-198.405487962833 251.768660438654 454 1573663928851
-197.959410093453 247.800579312018 456 1573663928829
-197.493976164216 243.827750186884 456 1573663928829
-197.323354736538 239.832599965135 456 1573663928814
-197.185323368716 235.834982256862 456 1573663928814
-197.047292000895 231.837364548589 456 1573663928814
-196.843046994103 227.846429567206 458 1573663928761
-196.198152576372 223.899280814855 459 1573663928746
-195.770422473186 219.922215696099 459 1573663928746
END STROKE
-211.674518946524 583.217777261838 483 1573663929670
-211.688289952654 579.217957923168 479 1573663929625
-211.688289952654 575.217957923168 479 1573663929625
-211.688289952654 571.217957923168 479 1573663929625
-211.688289952654 567.217957923168 479 1573663929625
-211.688289952654 563.217957923168 479 1573663929625
-211.688289952654 559.217957923168 479 1573663929625
-211.688289952654 555.217957923168 479 1573663929625
-211.648286308986 551.218313516263 461 1573663929557
-211.577179786047 547.218945583402 461 1573663929557
-211.506073263108 543.219577650541 461 1573663929557
-211.434966740169 539.220209717681 461 1573663929557
-211.36386021723 535.22084178482 461 1573663929557
-211.374070030216 531.221247750146 449 1573663929512
-211.4229349693 527.221546234066 449 1573663929512
-211.471799908384 523.221844717987 449 1573663929512
-211.520664847468 519.222143201908 449 1573663929512
-211.569529786552 515.222441685828 449 1573663929512
-211.618394725636 511.222740169749 449 1573663929512
-211.66725966472 507.223038653669 449 1573663929512
-211.344636817906 503.249231853319 447 1573663929452
-210.741338813362 499.294989635433 447 1573663929452
-210.479015973501 495.306353104922 445 1573663929437
-210.262645652682 491.31259837952 446 1573663929422
-209.872839021561 487.331637340985 446 1573663929422
-209.483032390441 483.35067630245 446 1573663929422
-209.256956507233 479.36171831581 446 1573663929399
-209.256956507233 475.36171831581 446 1573663929399
-209.183950641355 471.363014710657 446 1573663929384
-209.041936169047 467.36553651939 446 1573663929384
-208.899921696739 463.368058328123 446 1573663929384
-208.757907224431 459.370580136856 446 1573663929384
-208.615892752123 455.373101945589 446 1573663929384
-208.473878279815 451.375623754322 446 1573663929384
-208.331863807507 447.378145563055 446 1573663929384
-208.189849335199 443.380667371788 446 1573663929384
-208.047834862891 439.383189180521 446 1573663929384
-207.905820390583 435.385710989254 446 1573663929384
-207.763805918275 431.388232797987 446 1573663929384
END STROKE
20.2983874374674 738.878851329402 480 1573663934258
24.2827555516366 738.534507548083 557 1573663934446
28.2700302460703 738.215696458049 557 1573663934446
32.257304940504 737.896885368015 557 1573663934446
36.2445796349376 737.578074277981 557 1573663934446
40.2318543293713 737.259263187946 557 1573663934446
44.219129023805 736.940452097912 557 1573663934446
48.2064037182387 736.621641007878 557 1573663934446
52.1936784126724 736.302829917844 557 1573663934446
56.1809531071061 735.98401882781 557 1573663934446
60.1682278015398 735.665207737776 557 1573663934446
64.1555024959735 735.346396647741 557 1573663934446
68.1427771904071 735.027585557707 557 1573663934446
72.1300518848408 734.708774467673 557 1573663934446
76.1173265792745 734.389963377639 557 1573663934446
80.1046012737082 734.071152287605 557 1573663934446
84.0918759681418 733.752341197571 557 1573663934446
88.0791506625755 733.433530107537 557 1573663934446
92.0664253570092 733.114719017502 557 1573663934446
96.0537000514429 732.795907927468 557 1573663934446
100.040974745877 732.477096837434 557 1573663934446
104.02824944031 732.1582857474 557 1573663934446
108.015524134744 731.839474657366 557 1573663934446
112.002798829178 731.520663567332 557 1573663934446
115.990073523611 731.201852477297 557 1573663934446
119.977348218045 730.883041387263 557 1573663934446
123.964622912479 730.564230297229 557 1573663934446
127.951897606912 730.245419207195 557 1573663934446
131.939172301346 729.926608117161 557 1573663934446
135.92644699578 729.607797027127 557 1573663934446
139.913721690213 729.288985937092 557 1573663934446
143.900996384647 728.970174847058 557 1573663934446
147.888271079081 728.651363757024 557 1573663934446
151.875545773514 728.33255266699 557 1573663934446
155.862820467948 728.013741576956 557 1573663934446
159.850095162382 727.694930486922 557 1573663934446
163.837369856816 727.376119396887 557 1573663934446
167.824644551249 727.057308306853 557 1573663934446
171.811919245683 726.738497216819 557 1573663934446
175.799193940117 726.419686126785 557 1573663934446
179.78646863455 726.100875036751 557 1573663934446
183.773743328984 725.782063946717 557 1573663934446
187.761018023418 725.463252856683 557 1573663934446
191.748292717851 725.144441766648 557 1573663934446
195.735567412285 724.825630676614 557 1573663934446
199.722842106719 724.50681958658 557 1573663934446
203.710116801153 724.188008496546 557 1573663934446
207.697391495586 723.869197406512 557 1573663934446
211.68466619002 723.550386316478 557 1573663934446
215.671940884454 723.231575226443 557 1573663934446
219.659215578887 722.912764136409 557 1573663934446
223.646490273321 722.593953046375 557 1573663934446
227.633764967755 722.275141956341 557 1573663934446
231.621039662188 721.956330866307 557 1573663934446
235.608314356622 721.637519776273 557 1573663934446
239.595589051056 721.318708686238 557 1573663934446
243.582863745489 720.999897596204 557 1573663934446
247.570138439923 720.68108650617 557 1573663934446
251.557413134357 720.362275416136 557 1573663934446
255.544687828791 720.043464326102 557 1573663934446
259.531962523224 719.724653236068 557 1573663934446
END STROKE
-195.34269237 215.945150577342 459 1573663928746
-195.303944304276 211.963949336525 461 1573663928701
-194.940977890048 207.980451453741 461 1573663928701
-194.981152984553 203.988211610287 461 1573663928678
-194.376145664184 200.05304895052 465 1573663928656
-193.659016111144 196.117858331991 465 1573663928656
-192.664752561128 192.255313221904 467 1573663928618
-192.169253923339 188.327839943747 470 1573663928603
-192.067571965947 184.32913255516 470 1573663928603
-191.716661404505 180.351426853084 473 1573663928558
-191.543007742914 176.367119039329 476 1573663928528
-191.195667295524 172.42844355364 477 1573663928506
-191.557648614947 168.470288937903 470 1573663928461
-192.758666184573 164.705522766022 475 1573663928423
-193.627000740946 160.821805505105 476 1573663928371
-193.279660293555 158.458274595548 229 1573663928138
END STROKE
714.868787063662 696.007809218231 541 1573663936521
715.522079963039 692.092321084696 540 1573663936491
716.220073926161 688.15373560654 540 1573663936484
716.90055512388 684.212042399358 540 1573663936484
717.505484277384 680.260540700003 541 1573663936454
717.854052476842 676.275757116127 541 1573663936454
718.206004347639 672.29127568894 543 1573663936431
718.568991359864 668.307779683048 543 1573663936431
718.93197837209 664.324283677156 543 1573663936431
719.401172299586 660.352165651683 543 1573663936409
719.890244592218 656.382177201753 543 1573663936409
720.379219030981 652.412177375204 543 1573663936386
720.813992764667 648.435876103859 543 1573663936386
721.248766498352 644.459574832515 543 1573663936386
721.683540232038 640.48327356117 543 1573663936386
722.118313965723 636.506972289825 543 1573663936386
722.553087699409 632.53067101848 543 1573663936386
722.987861433094 628.554369747136 543 1573663936386
723.42263516678 624.578068475791 543 1573663936386
723.770625858901 620.593455423635 542 1573663936341
724.098505560185 616.606916210046 542 1573663936341
724.426385261469 612.620376996456 542 1573663936341
724.754264962753 608.633837782867 542 1573663936341
725.082144664037 604.647298569278 542 1573663936341
725.410024365322 600.660759355688 542 1573663936341
725.737904066606 596.674220142099 542 1573663936341
726.06578376789 592.68768092851 542 1573663936341
726.393663469174 588.70114171492 542 1573663936341
726.720830115012 584.714543934362 543 1573663936296
727.027115027661 580.726485936029 546 1573663936289
727.257343590398 576.733117081428 546 1573663936289
727.487572153134 572.739748226826 546 1573663936289
727.717800715871 568.746379372225 546 1573663936289
727.948029278608 564.753010517623 546 1573663936289
728.178257841345 560.759641663022 546 1573663936289
728.408486404082 556.766272808421 546 1573663936289
728.638714966819 552.772903953819 546 1573663936289
728.868943529555 548.779535099218 546 1573663936289
729.099172092292 544.786166244616 546 1573663936289
729.329400655029 540.792797390015 546 1573663936289
729.559629217766 536.799428535414 546 1573663936289
729.789857780502 532.806059680812 546 1573663936289
730.020086343239 528.812690826211 546 1573663936289
730.250314905976 524.81932197161 546 1573663936289
730.480543468713 520.825953117008 546 1573663936289
730.71077203145 516.832584262407 546 1573663936289
730.941000594186 512.839215407805 546 1573663936289
731.171229156923 508.845846553204 546 1573663936289
731.40145771966 504.852477698603 546 1573663936289
731.631686282397 500.859108844001 546 1573663936289
731.861914845133 496.8657399894 546 1573663936289
732.034242647243 492.870274102844 534 1573663936199
732.093499563547 488.870713049695 534 1573663936199
732.15275647985 484.871151996545 534 1573663936199
732.212013396154 480.871590943396 534 1573663936199
732.271270312458 476.872029890246 534 1573663936199
732.330527228762 472.872468837097 534 1573663936199
732.389784145066 468.872907783947 534 1573663936199
732.449041061369 464.873346730798 534 1573663936199
END STROKE
-203.004437048298 299.494417712387 450 1573663928986
-202.569670780862 295.51811562468 450 1573663928986
-202.095076563681 291.546670041748 454 1573663928964
-201.561593115715 287.582405240963 454 1573663928964
-201.028109667749 283.618140440178 454 1573663928964
-200.764658206563 279.629140729711 453 1573663928934
END STROKE
263.519237217658 719.405842146033 557 1573663934446
267.506511912092 719.087031055999 557 1573663934446
271.493786606525 718.768219965965 557 1573663934446
275.481061300959 718.449408875931 557 1573663934446
279.468335995393 718.130597785897 557 1573663934446
283.455610689826 717.811786695863 557 1573663934446
287.44288538426 717.492975605829 557 1573663934446
291.430160078694 717.174164515794 557 1573663934446
295.417434773127 716.85535342576 557 1573663934446
299.404709467561 716.536542335726 557 1573663934446
303.391984161995 716.217731245692 557 1573663934446
307.379258856428 715.898920155658 557 1573663934446
311.366533550862 715.580109065624 557 1573663934446
315.353808245296 715.261297975589 557 1573663934446
319.341082939729 714.942486885555 557 1573663934446
323.328357634163 714.623675795521 557 1573663934446
327.315632328597 714.304864705487 557 1573663934446
331.30290702303 713.986053615453 557 1573663934446
335.290181717464 713.667242525418 557 1573663934446
339.277456411898 713.348431435384 557 1573663934446
343.266478247794 713.0578533172 537 1573663934461
347.262638301031 712.882625383026 537 1573663934461
351.258798354267 712.707397448852 537 1573663934461
355.254958407504 712.532169514678 537 1573663934461
359.251118460741 712.356941580504 537 1573663934461
363.247278513978 712.18171364633 537 1573663934461
367.243438567214 712.006485712156 537 1573663934461
371.240465582786 711.852550735326 515 1573663934468
375.237643524352 711.702322564 515 1573663934468
379.234821465918 711.552094392673 515 1573663934468
383.233860596527 711.486263486444 554 1573663934716
387.233775252081 711.460134034053 554 1573663934716
391.233689907635 711.434004581663 554 1573663934716
395.23360456319 711.407875129272 554 1573663934716
399.233519218744 711.381745676881 554 1573663934716
403.233433874298 711.355616224491 554 1573663934716
407.233348529852 711.3294867721 554 1573663934716
411.233263185407 711.30335731971 554 1573663934716
415.233177840961 711.277227867319 554 1573663934716
419.233092496515 711.251098414928 554 1573663934716
423.23300715207 711.224968962538 554 1573663934716
427.232921807624 711.198839510147 554 1573663934716
431.232836463178 711.172710057757 554 1573663934716
435.232751118732 711.146580605366 554 1573663934716
439.232665774287 711.120451152976 554 1573663934716
443.232580429841 711.094321700585 554 1573663934716
447.232495085395 711.068192248194 554 1573663934716
451.23240974095 711.042062795804 554 1573663934716
455.232324396504 711.015933343413 554 1573663934716
459.232239052058 710.989803891023 554 1573663934716
463.232153707612 710.963674438632 554 1573663934716
467.232068363167 710.937544986241 554 1573663934716
471.231983018721 710.911415533851 554 1573663934716
475.231897674275 710.88528608146 554 1573663934716
479.231812329829 710.85915662907 554 1573663934716
483.231726985384 710.833027176679 554 1573663934716
487.231641640938 710.806897724288 554 1573663934716
491.231556296492 710.780768271898 554 1573663934716
495.231470952047 710.754638819507 554 1573663934716
499.231385607601 710.728509367117 554 1573663934716
503.231300263155 710.702379914726 554 1573663934716
507.231214918709 710.676250462335 554 1573663934716
511.231129574264 710.650121009945 554 1573663934716
515.231044229818 710.623991557554 554 1573663934716
519.230958885372 710.597862105164 554 1573663934716
523.230873540926 710.571732652773 554 1573663934716
527.230788196481 710.545603200383 554 1573663934716
531.230702852035 710.519473747992 554 1573663934716
535.230617507589 710.493344295601 554 1573663934716
539.230532163143 710.467214843211 554 1573663934716
543.230446818697 710.44108539082 554 1573663934716
547.230361474252 710.41495593843 554 1573663934716
551.230276129806 710.388826486039 554 1573663934716
555.23019078536 710.362697033649 554 1573663934716
559.230105440914 710.336567581258 554 1573663934716
563.230020096469 710.310438128868 554 1573663934716
567.229934752023 710.284308676477 554 1573663934716
571.229849407577 710.258179224086 554 1573663934716
575.229764063131 710.232049771696 554 1573663934716
579.229678718685 710.205920319305 554 1573663934716
583.22959337424 710.179790866915 554 1573663934716
587.229508029794 710.153661414524 554 1573663934716
591.229422685348 710.127531962134 554 1573663934716
595.229337340902 710.101402509743 554 1573663934716
599.229251996457 710.075273057353 554 1573663934716
603.229166652011 710.049143604962 554 1573663934716
607.229081307565 710.023014152572 554 1573663934716
611.228995963119 709.996884700181 554 1573663934716
615.228910618673 709.970755247791 554 1573663934716
619.228825274228 709.9446257954 554 1573663934716
623.228739929782 709.91849634301 554 1573663934716
627.228654585336 709.892366890619 554 1573663934716
631.22856924089 709.866237438229 554 1573663934716
635.228483896445 709.840107985838 554 1573663934716
639.228398551999 709.813978533447 554 1573663934716
643.228313207553 709.787849081057 554 1573663934716
647.228227863107 709.761719628666 554 1573663934716
651.228142518661 709.735590176276 554 1573663934716
655.228057174216 709.709460723885 554 1573663934716
659.22797182977 709.683331271495 554 1573663934716
663.227886485324 709.657201819104 554 1573663934716
667.227801140878 709.631072366714 554 1573663934716
671.227715796433 709.604942914323 554 1573663934716
675.227630451987 709.578813461933 554 1573663934716
679.227545107541 709.552684009542 554 1573663934716
683.227459763095 709.526554557151 554 1573663934716
687.227374418649 709.500425104761 554 1573663934716
691.227289074204 709.47429565237 554 1573663934716
695.227203729758 709.44816619998 554 1573663934716
END STROKE
===NOTES===
Great Job
