1.00
USERID - 01/01/2000 01:00:00 AM - F - HS - EN - N/A
11/15/2019 11:9:24:412
11/15/2019 11:10:6:790
391.849561372462 533.250708695218 680 1573837809739
395.434350551286 535.025331625135 680 1573837809739
399.01913973011 536.799954555052 680 1573837809739
402.603928908934 538.574577484969 680 1573837809739
406.188718087758 540.349200414886 680 1573837809739
409.779427856372 542.111807413102 679 1573837809754
413.370795141066 543.873079971917 679 1573837809754
416.962162425759 545.634352530731 679 1573837809754
420.53917164961 547.424205468124 680 1573837809762
424.096089605854 549.254050995087 680 1573837809762
427.694770642533 550.999640631754 683 1573837809777
431.304840817225 552.722252989135 683 1573837809777
END STROKE
434.914910991917 554.444865346515 683 1573837809777
438.533835984652 556.148524408977 683 1573837809784
442.171531355272 557.812006416867 683 1573837809784
445.827762302964 559.433961962572 702 1573837809807
449.495066699525 561.031108938578 702 1573837809807
453.162371096086 562.628255914583 702 1573837809807
456.829675492647 564.225402890589 702 1573837809807
460.496979889208 565.822549866595 702 1573837809807
464.161317678968 567.426469319235 718 1573837809874
467.821805141008 569.039178697966 718 1573837809874
471.482292603048 570.651888076697 718 1573837809874
475.142780065088 572.264597455429 718 1573837809874
END STROKE
478.803267527128 573.87730683416 718 1573837809874
482.463754989168 575.490016212891 718 1573837809874
486.124242451208 577.102725591623 718 1573837809874
489.784729913248 578.715434970354 718 1573837809874
493.445217375288 580.328144349085 718 1573837809874
497.105704837328 581.940853727816 718 1573837809874
500.766192299368 583.553563106548 718 1573837809874
504.426679761408 585.166272485279 718 1573837809874
508.087167223448 586.77898186401 718 1573837809874
511.747654685488 588.391691242742 718 1573837809874
515.408142147528 590.004400621473 718 1573837809874
519.073264893619 591.606510219428 716 1573837809904
522.742546759159 593.199108910632 716 1573837809904
END STROKE
526.411828624698 594.791707601836 716 1573837809904
530.081110490237 596.384306293041 716 1573837809904
533.750392355776 597.976904984245 716 1573837809904
537.419674221315 599.569503675449 716 1573837809904
541.061387530412 601.2235739614 718 1573837809927
544.691100662573 602.904401905664 718 1573837809927
548.320813794733 604.585229849928 718 1573837809927
551.950526926894 606.266057794192 718 1573837809927
555.56274499336 607.983998959188 716 1573837809964
END STROKE
559.169155920335 609.714259120491 716 1573837809964
562.77556684731 611.444519281795 716 1573837809964
566.381977774285 613.174779443099 716 1573837809964
569.98838870126 614.905039604403 716 1573837809964
573.594799628235 616.635299765706 716 1573837809964
577.157800436654 618.451688398381 715 1573837809987
580.693933673318 620.321384024028 715 1573837809987
584.230066909981 622.191079649676 715 1573837809987
587.782896889043 624.028127993535 716 1573837810002
591.368664259513 625.800773577082 716 1573837810002
594.887670080149 627.696578913385 714 1573837810010
598.388628372518 629.628513128467 715 1573837810025
601.933707108461 631.481191394104 715 1573837810025
605.461251517307 633.36693692918 714 1573837810032
608.701852098224 635.705566570668 715 1573837810077
612.18044915666 637.680246925825 715 1573837810077
615.659046215096 639.654927280981 715 1573837810077
619.137643273532 641.629607636137 715 1573837810077
622.616240331968 643.604287991293 715 1573837810077
626.09981580048 645.570142785607 715 1573837810092
629.589058571422 647.525950773479 715 1573837810092
633.060709986409 649.512763356398 715 1573837810115
636.529423652227 651.504753693867 715 1573837810115
639.972963457676 653.539563844128 714 1573837810137
643.400369397237 655.601817108269 714 1573837810137
646.820495266778 657.676089761883 713 1573837810160
650.235754796036 659.758396739207 713 1573837810160
653.52141654616 662.024213305598 713 1573837810190
656.96379351725 664.061378195564 713 1573837810190
660.374297629854 666.150307890962 713 1573837810205
663.727219171923 668.331225339918 713 1573837810235
667.05151180922 670.555877776055 713 1573837810235
670.378773395533 672.776039829828 714 1573837810242
673.471609278702 675.300341467409 712 1573837810272
676.546388290811 677.845322200738 712 1573837810280
679.776760055524 680.188979836724 710 1573837810317
683.080644980562 682.443554619104 710 1573837810340
686.455498534205 684.59073032022 710 1573837810340
689.925729437435 686.578345208227 710 1573837810370
693.432108760651 688.502063286148 711 1573837810385
696.881636278719 690.512279195564 711 1573837810408
END STROKE
-32.29210707714 345.540998447189 612 1573837809289
-28.6287246229078 347.147120794342 612 1573837809289
-24.9653421686755 348.753243141494 612 1573837809289
END STROKE
-72.2235612452574 327.072501080949 607 1573837809198
-68.579134795009 328.721183475606 609 1573837809221
-64.9340490884865 330.36840847302 609 1573837809221
-61.2889633819639 332.015633470434 609 1573837809221
-57.6438776754414 333.662858467848 609 1573837809221
-54.0087865047636 335.331481869167 609 1573837809244
-50.406093941919 337.06947102265 609 1573837809244
-46.8034013790745 338.807460176133 609 1573837809244
END STROKE
-21.3019597144433 350.359365488647 612 1573837809289
-17.6385772602111 351.9654878358 612 1573837809289
-13.9751948059788 353.571610182953 612 1573837809289
-10.3118123517466 355.177732530105 612 1573837809289
-6.64842989751435 356.783854877258 612 1573837809289
-2.98502456365875 358.389925020337 613 1573837809326
0.678770851551887 359.995105120974 613 1573837809326
4.34256626676252 361.600285221611 613 1573837809326
8.00636168197316 363.205465322248 613 1573837809326
END STROKE
156.231878124742 423.358444879444 635 1573837809529
159.883059451444 424.992114037979 635 1573837809529
163.534240778145 426.625783196514 635 1573837809529
167.185422104846 428.259452355049 635 1573837809529
170.836603431548 429.893121513583 635 1573837809529
174.487784758249 431.526790672118 635 1573837809529
178.13896608495 433.160459830653 635 1573837809529
181.790147411651 434.794128989188 635 1573837809529
185.441328738353 436.427798147722 635 1573837809529
END STROKE
254.292608843954 468.597747692059 658 1573837809597
257.915247577954 470.293769096087 658 1573837809597
261.537886311954 471.989790500116 658 1573837809597
265.160525045954 473.685811904144 658 1573837809597
268.782395404249 475.38346986517 669 1573837809664
272.401314449511 477.087413803166 669 1573837809664
276.020233494774 478.791357741163 669 1573837809664
279.639152540036 480.49530167916 669 1573837809664
283.258071585299 482.199245617156 669 1573837809664
286.876990630562 483.903189555153 669 1573837809664
290.495909675824 485.607133493149 669 1573837809664
294.114828721087 487.311077431146 669 1573837809664
297.73374776635 489.015021369143 669 1573837809664
301.352666811612 490.718965307139 669 1573837809664
304.971585856875 492.422909245136 669 1573837809664
308.590504902137 494.126853183132 669 1573837809664
312.2094239474 495.830797121129 669 1573837809664
315.828342992663 497.534741059126 669 1573837809664
319.447262037925 499.238684997122 669 1573837809664
323.066181083188 500.942628935119 669 1573837809664
326.68510012845 502.646572873115 669 1573837809664
330.304019173713 504.350516811112 669 1573837809664
333.922938218976 506.054460749109 669 1573837809664
337.536580349984 507.769540235394 673 1573837809694
341.14699388467 509.491432830348 673 1573837809694
344.757407419356 511.213325425301 673 1573837809694
348.367820954042 512.935218020255 673 1573837809694
351.978234488728 514.657110615208 673 1573837809694
355.588648023414 516.379003210162 673 1573837809694
359.1990615581 518.100895805115 673 1573837809694
362.809475092786 519.822788400069 673 1573837809694
366.441817216542 521.496855106981 674 1573837809709
370.102608873061 523.108873856115 674 1573837809709
373.763400529581 524.720892605248 674 1573837809709
377.4241921861 526.332911354381 674 1573837809709
381.061713292142 527.995507475085 674 1573837809717
384.667594697127 529.726870895393 674 1573837809717
388.264772193638 531.476085765301 680 1573837809739
END STROKE
-204.253414498288 270.039553328229 380 1573837808951
-200.677318055554 271.829200745464 470 1573837808996
-197.085952695609 273.590477228979 470 1573837808996
-193.494587335663 275.351753712494 470 1573837808996
-189.927254087289 277.160099929352 495 1573837809011
-186.394487396446 279.036148838115 495 1573837809011
-182.524417928015 279.842116224789 547 1573837809048
-178.821940308117 281.355939026227 547 1573837809048
-175.119462688219 282.869761827665 547 1573837809048
-171.416985068321 284.383584629103 547 1573837809048
-167.714507448423 285.897407430541 547 1573837809048
-164.021119809832 287.433259996761 573 1573837809086
-160.328446739664 288.970844334887 573 1573837809086
-156.635773669495 290.508428673014 573 1573837809086
-152.943100599327 292.046013011141 573 1573837809086
-149.250427529158 293.583597349267 573 1573837809086
-145.55775445899 295.121181687394 573 1573837809086
-141.869401759333 296.669095955938 606 1573837809146
-138.18159284637 298.218310408966 606 1573837809146
-134.493783933407 299.767524861993 606 1573837809146
-130.805975020444 301.31673931502 606 1573837809146
-127.11816610748 302.865953768048 606 1573837809146
-123.430357194517 304.415168221075 606 1573837809146
-119.742548281554 305.964382674102 606 1573837809146
-116.054739368591 307.51359712713 606 1573837809146
-112.366930455627 309.062811580157 606 1573837809146
-108.679121542664 310.612026033184 606 1573837809146
-105.018273792885 312.223028736166 607 1573837809198
-101.374416843149 313.872970107808 607 1573837809198
-97.7305598934123 315.522911479451 607 1573837809198
-94.0867029436759 317.172852851093 607 1573837809198
-90.4428459939395 318.822794222736 607 1573837809198
-86.7989890442031 320.472735594379 607 1573837809198
END STROKE
528.98608322808 328.305411572072 726 1573837806595
532.541499208464 326.472649392621 726 1573837806595
536.089880023661 324.626579504005 718 1573837806535
539.606605462539 322.720630347404 718 1573837806535
543.123330901418 320.814681190803 718 1573837806535
546.640056340296 318.908732034202 718 1573837806535
550.156781779174 317.002782877602 718 1573837806535
553.673507218052 315.096833721001 718 1573837806535
557.19023265693 313.1908845644 718 1573837806535
END STROKE
595.966897195613 292.411937051688 712 1573837806467
599.448205274585 290.442040085021 712 1573837806467
602.929513353557 288.472143118354 712 1573837806467
606.410821432529 286.502246151687 712 1573837806467
609.892129511501 284.53234918502 712 1573837806467
613.319069035491 282.469921115731 700 1573837806430
616.734321209179 280.387602074346 700 1573837806430
620.149573382868 278.305283032961 700 1573837806430
623.564820601996 276.222955888513 689 1573837806407
626.974809665553 274.132029159422 689 1573837806407
630.384798729109 272.041102430332 689 1573837806407
633.794787792665 269.950175701241 689 1573837806407
637.204776856222 267.85924897215 689 1573837806407
640.580786823402 265.715810448444 659 1573837806377
643.88533077306 263.461927291583 659 1573837806377
647.189874722717 261.208044134722 659 1573837806377
650.456775760438 258.908159285013 639 1573837806354
653.36946389408 256.173407251717 635 1573837806347
656.533487415335 253.731364161048 622 1573837806339
659.542822759133 251.096235931043 622 1573837806339
662.552158102931 248.461107701038 622 1573837806339
665.55989140088 245.824152350612 590 1573837806309
668.565755863634 243.18506560866 590 1573837806309
671.718739432027 240.724150686696 587 1573837806294
674.866267165248 238.25693986083 553 1573837806272
END STROKE
-11.2987407120353 598.19226586597 696 1573837807150
-7.8026384078667 596.248746203402 696 1573837807150
-4.30653610369812 594.305226540835 696 1573837807150
-0.810433799529553 592.361706878267 696 1573837807150
2.67984989883619 590.407804099439 698 1573837807128
6.16259113927424 588.440442045278 698 1573837807128
9.69637213440983 586.567858446663 702 1573837807120
13.2557987056794 584.742897492631 702 1573837807120
16.815225276949 582.9179365386 702 1573837807120
20.3926057435039 581.129485535196 699 1573837807105
24.0111150097903 579.424671560066 699 1573837807105
27.5921201456886 577.643516097816 696 1573837807098
31.1529727840094 575.821339243566 696 1573837807098
34.7138254223302 573.999162389316 696 1573837807098
38.274678060651 572.176985535066 696 1573837807098
41.8355306989718 570.354808680816 696 1573837807098
45.3963833372926 568.532631826567 696 1573837807098
48.9572359756135 566.710454972317 696 1573837807098
52.5180886139343 564.888278118067 696 1573837807098
56.0807324417351 563.069646255866 690 1573837807060
59.6600792342599 561.284071687598 690 1573837807060
63.2394260267847 559.498497119331 690 1573837807060
66.8187728193095 557.712922551064 690 1573837807060
70.3981196118343 555.927347982797 690 1573837807060
73.9774664043592 554.14177341453 690 1573837807060
77.556813196884 552.356198846263 690 1573837807060
81.1361599894088 550.570624277996 690 1573837807060
84.7155067819336 548.785049709729 690 1573837807060
88.2948535744584 546.999475141461 690 1573837807060
91.8742003669832 545.213900573194 690 1573837807060
95.453547159508 543.428326004927 690 1573837807060
99.0538006177623 541.685321278621 696 1573837807015
102.65507242081 539.944390090844 696 1573837807015
106.256344223858 538.203458903067 696 1573837807015
109.859242466767 536.465901530568 692 1573837807000
113.464300553879 534.732824443837 692 1573837807000
117.06935864099 532.999747357106 692 1573837807000
120.674416728102 531.266670270375 692 1573837807000
124.279474815213 529.533593183644 692 1573837807000
127.884532902324 527.800516096912 692 1573837807000
131.489590989436 526.067439010181 692 1573837807000
135.094649076547 524.33436192345 692 1573837807000
138.699707163659 522.601284836719 692 1573837807000
142.30476525077 520.868207749988 692 1573837807000
145.909823337881 519.135130663256 692 1573837807000
149.514881424993 517.402053576525 692 1573837807000
153.119939512104 515.668976489794 692 1573837807000
156.724997599216 513.935899403063 692 1573837807000
160.330055686327 512.202822316331 692 1573837807000
163.935113773438 510.4697452296 692 1573837807000
167.540780323848 508.737934607691 714 1573837806940
171.146661728833 507.006571187382 714 1573837806940
174.746300309723 505.262287632609 711 1573837806933
178.343605290231 503.513174463826 711 1573837806933
181.94091027074 501.764061295043 711 1573837806933
185.538215251248 500.01494812626 711 1573837806933
189.165682676374 498.329782928473 708 1573837806918
192.803397105038 496.666342597264 708 1573837806918
196.412685752826 494.942517404751 709 1573837806910
200.012643509848 493.198870609194 709 1573837806910
203.61260126687 491.455223813636 709 1573837806910
207.212559023891 489.711577018079 709 1573837806910
210.812516780913 487.967930222521 709 1573837806910
214.412474537935 486.224283426964 709 1573837806910
218.012432294957 484.480636631406 709 1573837806910
221.612390051979 482.736989835849 709 1573837806910
225.212347809001 480.993343040291 709 1573837806910
228.812305566023 479.249696244734 709 1573837806910
232.412263323045 477.506049449176 709 1573837806910
236.012221080067 475.762402653619 709 1573837806910
239.612178837088 474.018755858061 709 1573837806910
243.21213659411 472.275109062504 709 1573837806910
246.812094351132 470.531462266946 709 1573837806910
250.412052108154 468.787815471389 709 1573837806910
END STROKE
364.690422061587 411.132508945238 725 1573837806730
368.279363006955 409.366297493949 725 1573837806730
371.868303952322 407.600086042659 725 1573837806730
375.457244897689 405.83387459137 725 1573837806730
379.046185843057 404.06766314008 725 1573837806730
382.635126788424 402.301451688791 725 1573837806730
386.224067733791 400.535240237501 725 1573837806730
389.813008679158 398.769028786212 725 1573837806730
393.401949624526 397.002817334922 725 1573837806730
396.990890569893 395.236605883633 725 1573837806730
400.57983151526 393.470394432343 725 1573837806730
404.168772460628 391.704182981054 725 1573837806730
407.757713405995 389.937971529764 725 1573837806730
411.346654351362 388.171760078475 725 1573837806730
414.93559529673 386.405548627185 725 1573837806730
418.524536242097 384.639337175896 725 1573837806730
422.113477187464 382.873125724607 725 1573837806730
425.702418132832 381.106914273317 725 1573837806730
429.291359078199 379.340702822028 725 1573837806730
432.880300023566 377.574491370738 725 1573837806730
436.469240968934 375.808279919449 725 1573837806730
440.052411621575 374.030584343606 722 1573837806647
443.611600245968 372.205159369527 722 1573837806647
447.170788870361 370.379734395447 722 1573837806647
450.729977494754 368.554309421368 722 1573837806647
454.289166119147 366.728884447289 722 1573837806647
457.848354743539 364.90345947321 722 1573837806647
461.407543367932 363.07803449913 722 1573837806647
464.966731992325 361.252609525051 722 1573837806647
468.525920616718 359.427184550972 722 1573837806647
472.085109241111 357.601759576892 722 1573837806647
475.644297865504 355.776334602813 722 1573837806647
479.203486489896 353.950909628734 722 1573837806647
482.762675114289 352.125484654654 722 1573837806647
486.321091463462 350.298557725479 726 1573837806595
489.876507443847 348.465795546029 726 1573837806595
493.431923424232 346.633033366578 726 1573837806595
496.987339404617 344.800271187128 726 1573837806595
500.542755385001 342.967509007677 726 1573837806595
504.098171365386 341.134746828226 726 1573837806595
507.653587345771 339.301984648776 726 1573837806595
511.209003326156 337.469222469325 726 1573837806595
514.764419306541 335.636460289874 726 1573837806595
518.319835286925 333.803698110424 726 1573837806595
521.87525126731 331.970935930973 726 1573837806595
525.430667247695 330.138173751523 726 1573837806595
END STROKE
203.671263703163 444.652082912485 642 1573837809544
207.275447872514 446.386976705604 642 1573837809544
210.879632041865 448.121870498722 642 1573837809544
214.483816211216 449.856764291841 642 1573837809544
218.088012299394 451.591633323693 652 1573837809551
221.692212803587 453.326493181312 652 1573837809551
225.311498971954 455.02957645983 658 1573837809597
228.934137705954 456.725597863859 658 1573837809597
232.556776439954 458.421619267888 658 1573837809597
236.179415173954 460.117640671916 658 1573837809597
239.802053907954 461.813662075945 658 1573837809597
243.424692641954 463.509683479973 658 1573837809597
247.047331375954 465.205704884002 658 1573837809597
250.669970109954 466.90172628803 658 1573837809597
END STROKE
11.6701570971838 364.810645422886 613 1573837809326
15.3339525123944 366.415825523523 613 1573837809326
18.9977479276051 368.02100562416 613 1573837809326
22.6615433428157 369.626185724797 613 1573837809326
26.3253387580263 371.231365825434 613 1573837809326
30.0671427280238 372.641061268605 615 1573837809334
33.8294823472641 373.999295633321 615 1573837809334
37.5444772529499 375.481889337573 620 1573837809356
41.257523588457 376.969601309151 620 1573837809356
44.9705699239641 378.45731328073 620 1573837809356
48.6836162594712 379.945025252308 620 1573837809356
52.3966625949782 381.432737223886 620 1573837809356
56.1349792558171 382.855416654711 623 1573837809364
59.8756354880254 384.272188112368 627 1573837809394
63.604522498724 385.719738339975 627 1573837809394
67.3334095094226 387.167288567581 627 1573837809394
71.0622965201212 388.614838795187 627 1573837809394
74.7911835308198 390.062389022794 627 1573837809394
78.5200705415184 391.5099392504 627 1573837809394
82.248957552217 392.957489478006 627 1573837809394
85.9777489959485 394.405285829798 627 1573837809409
89.7064130901028 395.853410159048 627 1573837809409
93.435077184257 397.301534488297 627 1573837809409
97.1637412784113 398.749658817547 627 1573837809409
100.884495614002 400.217964861452 629 1573837809416
104.603188670021 401.691477043314 629 1573837809439
108.309999335864 403.194658565151 629 1573837809439
112.016810001707 404.697840086989 629 1573837809439
115.72362066755 406.201021608826 629 1573837809439
119.430431333393 407.704203130663 629 1573837809439
123.137241999236 409.2073846525 629 1573837809439
126.851154831104 410.692917348571 627 1573837809454
130.565932787576 412.176300216919 627 1573837809454
134.280710744048 413.659683085268 627 1573837809454
137.970243945184 415.202946149532 627 1573837809461
141.625798895495 416.826805135176 627 1573837809461
145.278334144638 418.45743740384 635 1573837809529
148.92951547134 420.091106562375 635 1573837809529
152.580696798041 421.72477572091 635 1573837809529
END STROKE
-187.571165707393 700.492959523959 742 1573837807466
-184.254728335289 698.281881110559 742 1573837807458
-180.978515951354 695.98703880659 738 1573837807443
-177.697814142485 693.698590502328 738 1573837807443
-174.417112333616 691.410142198065 738 1573837807443
-171.019848754832 689.315218093055 733 1573837807413
-167.662285975097 687.162671063595 734 1573837807406
-164.307262138828 684.988274106176 733 1573837807398
-160.913098396449 682.871755150456 733 1573837807398
-157.486424638966 680.809665420568 732 1573837807376
-154.063124722491 678.742230274309 730 1573837807368
-150.675825446522 676.614742644492 730 1573837807368
-147.288526170554 674.487255014675 730 1573837807368
-143.901226894586 672.359767384858 730 1573837807368
-140.511023839535 670.236955333123 720 1573837807338
-137.102393461196 668.143814405268 720 1573837807338
-133.693763082856 666.050673477413 720 1573837807338
-130.285132704517 663.957532549558 720 1573837807338
-126.868074293092 661.878268957517 719 1573837807316
-123.439035336856 659.818732156045 719 1573837807316
-120.009996380621 657.759195354573 719 1573837807316
-116.580957424385 655.699658553101 719 1573837807316
-113.09454147707 653.739313793483 719 1573837807293
-109.599599705357 651.793707972076 718 1573837807286
-106.104660145368 649.848098177686 718 1573837807286
-102.586498563607 647.946378372718 716 1573837807271
-99.0118182209575 646.151479922143 716 1573837807271
-95.4371378783084 644.356581471567 716 1573837807271
-91.9544805193219 642.393007838124 711 1573837807256
-88.5103982776124 640.358727249724 711 1573837807256
-85.0663160359028 638.324446661324 711 1573837807256
-81.6222337941932 636.290166072924 711 1573837807256
-78.1781515524836 634.255885484524 711 1573837807256
-74.734069310774 632.221604896125 711 1573837807256
-71.2899870690644 630.187324307725 711 1573837807256
-67.8338679543275 628.17462956301 705 1573837807218
-64.2930043028429 626.313908035861 705 1573837807218
-60.7521406513583 624.453186508712 705 1573837807218
-57.2112769998738 622.592464981563 705 1573837807218
-53.6704133483892 620.731743454414 705 1573837807218
-50.1295496969046 618.871021927265 705 1573837807218
-46.58868604542 617.010300400116 705 1573837807218
-43.0478223939354 615.149578872967 705 1573837807218
-39.5069587424509 613.288857345818 705 1573837807218
-35.9660950909663 611.428135818669 705 1573837807218
-32.4836206366963 609.4609277622 698 1573837807173
-28.9943172206495 607.506585658709 697 1573837807165
-25.4325473232578 605.686202402899 697 1573837807165
END STROKE
253.996671913505 467.013088651437 719 1573837806850
257.570494997658 465.2164839194 719 1573837806850
261.144318081811 463.419879187364 719 1573837806850
264.718141165963 461.623274455327 719 1573837806850
268.291964250116 459.82666972329 719 1573837806850
271.865787334269 458.030064991254 719 1573837806850
275.439610418422 456.233460259217 719 1573837806850
279.013433502575 454.436855527181 719 1573837806850
282.573075522883 452.612336093548 718 1573837806820
286.131596121964 450.785609199368 718 1573837806820
289.690116721045 448.958882305189 718 1573837806820
END STROKE
293.248637320125 447.132155411009 718 1573837806820
296.807157919206 445.30542851683 718 1573837806820
300.365678518287 443.478701622651 718 1573837806820
303.924199117367 441.651974728471 718 1573837806820
307.483213889677 439.826221443145 713 1573837806790
311.058309047645 438.032149367816 713 1573837806790
314.633404205612 436.238077292486 713 1573837806790
318.208499363579 434.444005217156 713 1573837806790
END STROKE
571.277276043087 305.605372033692 713 1573837806490
574.83995900862 303.786776397741 713 1573837806490
578.402641974153 301.96818076179 713 1573837806490
581.965324939686 300.149585125839 713 1573837806490
585.522972958697 298.32162795169 712 1573837806467
END STROKE
321.783594521547 432.649933141826 713 1573837806790
325.358689679514 430.855861066496 713 1573837806790
328.933784837481 429.061788991167 713 1573837806790
332.508879995449 427.267716915837 713 1573837806790
336.083975153416 425.473644840507 713 1573837806790
339.659070311384 423.679572765177 713 1573837806790
343.234165469351 421.885500689847 713 1573837806790
346.809260627318 420.091428614517 713 1573837806790
350.384355785286 418.297356539188 713 1573837806790
353.959450943253 416.503284463858 713 1573837806790
357.534546101221 414.709212388528 713 1573837806790
361.109641259188 412.915140313198 713 1573837806790
END STROKE
===NOTES===
Great Job
