1.00
USERID - 01/01/2000 01:00:00 AM - F - HS - EN - N/A
11/13/2019 10:52:8:138
11/13/2019 10:52:45:568
-192.064001851896 158.140607477565 362 1573663960538
-188.287762383475 159.073265118791 472 1573663960575
-184.601406790948 160.542782189319 530 1573663960605
-181.306405480036 162.803105631788 553 1573663960620
-177.910913399576 164.903501873606 586 1573663960650
-174.41307071041 166.84388753678 586 1573663960650
-170.915228021245 168.784273199954 586 1573663960650
-167.466268677852 170.808665292587 602 1573663960665
-164.051028009078 172.89100320329 602 1573663960665
-160.546045635328 174.812812070777 600 1573663960680
-156.983356817205 176.631396241285 600 1573663960680
-153.424993779004 178.458406687511 629 1573663960718
-149.870744522187 180.293430453136 629 1573663960718
END STROKE
-104.177855215612 205.10328121809 637 1573663960778
-100.684212503494 207.051218742773 637 1573663960778
-97.190569791376 208.999156267455 637 1573663960778
-93.7063359066705 210.963222905433 640 1573663960815
-90.2910874925 213.045548112865 640 1573663960815
-86.8758390783295 215.127873320296 640 1573663960815
-83.460590664159 217.210198527728 640 1573663960815
-80.0453422499886 219.29252373516 640 1573663960815
-76.6300938358181 221.374848942592 640 1573663960815
-73.2148454216476 223.457174150024 640 1573663960815
-69.8177877938519 225.568245591358 600 1573663960928
-66.4738106536471 227.76319818442 600 1573663960928
-63.1298335134423 229.958150777481 600 1573663960928
-59.7858563732375 232.153103370543 600 1573663960928
-56.4418792330327 234.348055963604 600 1573663960928
-53.0979020928279 236.543008556666 600 1573663960928
-49.7539249526231 238.737961149727 600 1573663960928
-46.4099478124183 240.932913742789 600 1573663960928
-43.0659706722134 243.12786633585 600 1573663960928
-39.7219935320086 245.322818928912 600 1573663960928
-36.3780163918038 247.517771521973 600 1573663960928
-33.034039251599 249.712724115035 600 1573663960928
-29.6900621113942 251.907676708097 600 1573663960928
-26.3460849711894 254.102629301158 600 1573663960928
-23.0021078309846 256.29758189422 600 1573663960928
-19.6581306907797 258.492534487281 600 1573663960928
END STROKE
74.2464455124351 311.626442191535 625 1573663961086
77.8097179384233 313.443882594463 625 1573663961086
81.3729903644115 315.26132299739 625 1573663961086
84.9362627903997 317.078763400317 625 1573663961086
88.4995352163879 318.896203803244 625 1573663961086
92.0628076423761 320.713644206171 625 1573663961086
95.6260800683643 322.531084609098 625 1573663961086
99.1893524943525 324.348525012026 625 1573663961086
102.752624920341 326.165965414953 625 1573663961086
106.315897346329 327.98340581788 625 1573663961086
109.879169772317 329.800846220807 625 1573663961086
113.442442198305 331.618286623734 625 1573663961086
117.005714624293 333.435727026662 625 1573663961086
120.569199848992 335.252743680778 629 1573663961116
124.154956207565 337.02541153939 629 1573663961116
127.740712566137 338.798079398002 629 1573663961116
131.32646892471 340.570747256614 629 1573663961116
134.912225283282 342.343415115226 629 1573663961116
138.497981641855 344.116082973839 629 1573663961116
141.973302759836 346.088876582398 614 1573663961153
145.38472854189 348.177458429858 614 1573663961153
148.796154323944 350.266040277317 614 1573663961153
152.207580105998 352.354622124777 614 1573663961153
155.619005888052 354.443203972236 614 1573663961153
159.030431670106 356.531785819696 614 1573663961153
162.426749079361 358.644632320419 619 1573663961191
165.806281222963 360.784436631649 619 1573663961191
169.185813366565 362.924240942879 619 1573663961191
172.565345510167 365.064045254109 619 1573663961191
175.933565351495 367.221495276312 617 1573663961213
END STROKE
179.288795047759 369.399208224639 617 1573663961213
182.483746858857 371.803340237653 616 1573663961228
185.708799269113 374.163246816827 616 1573663961266
188.842114214312 376.626041124992 618 1573663961273
191.921600704074 379.137745181401 615 1573663961311
194.897975464543 381.796198309782 615 1573663961326
198.06530387682 384.224122563778 614 1573663961334
201.3866131177 386.426324607277 616 1573663961364
204.56798865819 388.850958532299 616 1573663961364
207.677272525007 391.366596871415 613 1573663961379
210.586699026946 394.104723361088 614 1573663961394
213.631507451121 396.671071340699 613 1573663961401
216.344537906435 399.554728016002 615 1573663961416
219.515532521487 401.981862492414 614 1573663961439
222.56444779461 404.571093200041 614 1573663961439
225.518882477605 407.267520262839 615 1573663961461
228.334886336533 410.035127547123 612 1573663961484
231.655868179553 412.261301240746 612 1573663961514
234.90417406665 414.59550535861 612 1573663961514
238.16864338054 416.906462288819 614 1573663961536
241.487915637431 419.138598414738 614 1573663961536
244.797900278968 421.384409215335 601 1573663961551
248.040868461407 423.722016795991 611 1573663961574
251.572937238866 425.596991469532 614 1573663961589
255.122738892082 427.418718434672 610 1573663961619
258.514429891739 429.520056414823 611 1573663961656
END STROKE
-146.316495265369 182.128454218762 629 1573663960718
-142.762246008551 183.963477984387 629 1573663960718
-139.207996751734 185.798501750013 629 1573663960718
-135.653747494916 187.633525515638 629 1573663960718
-132.126996912556 189.519781020633 637 1573663960778
-128.633354200438 191.467718545315 637 1573663960778
-125.13971148832 193.415656069998 637 1573663960778
-121.646068776202 195.36359359468 637 1573663960778
-118.152426064084 197.311531119362 637 1573663960778
-114.658783351966 199.259468644044 637 1573663960778
-111.165140639848 201.207406168726 637 1573663960778
-107.67149792773 203.155343693408 637 1573663960778
END STROKE
38.613721252553 293.452038162263 625 1573663961086
42.1769936785412 295.26947856519 625 1573663961086
45.7402661045294 297.086918968118 625 1573663961086
49.3035385305176 298.904359371045 625 1573663961086
52.8668109565058 300.721799773972 625 1573663961086
56.430083382494 302.539240176899 625 1573663961086
59.9933558084822 304.356680579827 625 1573663961086
63.5566282344705 306.174120982754 625 1573663961086
67.1199006604587 307.991561385681 625 1573663961086
70.6831730864469 309.809001788608 625 1573663961086
END STROKE
-2.93824498975571 269.467297452589 600 1573663960928
0.405732150449083 271.662250045651 600 1573663960928
3.81031824230898 273.759346203314 631 1573663960966
7.26513797763966 275.775337422632 631 1573663960966
10.7199577129703 277.791328641951 631 1573663960966
14.174777448301 279.80731986127 631 1573663960966
17.6295971836317 281.823311080588 631 1573663960966
21.0844169189624 283.839302299907 631 1573663960966
24.5392366542931 285.855293519225 631 1573663960966
27.9940563896238 287.871284738544 631 1573663960966
31.4871764005767 289.817157356409 625 1573663961086
35.0504488265648 291.634597759336 625 1573663961086
END STROKE
606.231842586187 235.601021166675 627 1573663964825
609.676849432566 233.568306767552 627 1573663964825
613.121856278945 231.535592368428 627 1573663964825
616.566863125324 229.502877969305 627 1573663964825
620.030344393355 227.502134205758 627 1573663964787
623.511737389874 225.532387317504 627 1573663964787
626.993130386393 223.562640429249 627 1573663964787
630.474523382912 221.592893540995 627 1573663964787
633.955916379431 219.623146652741 627 1573663964787
637.43730937595 217.653399764486 627 1573663964787
641.027051162725 215.898867876088 620 1573663964749
644.682805487824 214.275457787873 620 1573663964749
648.338559812924 212.652047699658 620 1573663964749
651.994314138023 211.028637611443 620 1573663964749
655.650068463122 209.405227523228 620 1573663964749
659.305822788221 207.781817435012 620 1573663964749
662.96157711332 206.158407346797 620 1573663964749
666.61733143842 204.534997258582 620 1573663964749
670.199309440891 202.765840619671 600 1573663964697
673.67203054965 200.780844876405 600 1573663964697
677.144751658409 198.79584913314 600 1573663964697
680.644745487528 196.86285599969 587 1573663964674
684.252156942374 195.134682803667 587 1573663964674
687.859568397219 193.406509607644 587 1573663964674
691.466979852064 191.678336411621 587 1573663964674
695.074391306909 189.950163215599 587 1573663964674
698.661190594353 188.182805231964 567 1573663964637
702.128998307519 186.189238161482 567 1573663964637
705.566017205082 184.14438661719 562 1573663964622
708.955853099811 182.020943044404 562 1573663964622
712.34568899454 179.897499471617 562 1573663964622
715.735524889269 177.774055898831 562 1573663964622
719.218318701184 175.811411415587 548 1573663964584
722.750084365271 173.933478697415 548 1573663964584
726.3932136632 172.300695248919 516 1573663964562
729.888724406846 170.368180333094 493 1573663964547
END STROKE
558.645110171277 265.115059581412 645 1573663964892
562.041362394827 263.001893512681 645 1573663964892
565.437614618377 260.888727443951 645 1573663964892
568.833866841927 258.775561375221 645 1573663964892
572.230119065477 256.66239530649 645 1573663964892
575.626371289026 254.54922923776 645 1573663964892
579.022623512576 252.43606316903 645 1573663964892
582.403785349812 250.298882559913 632 1573663964855
585.78112637964 248.155621593946 632 1573663964855
589.158467409469 246.01236062798 632 1573663964855
592.535808439298 243.869099662013 632 1573663964855
595.913149469127 241.725838696047 632 1573663964855
599.34182889343 239.666449964921 627 1573663964825
602.786835739809 237.633735565798 627 1573663964825
END STROKE
341.583239155535 485.432808565584 623 1573663962769
345.006530620959 487.501884577419 623 1573663962769
348.429822086384 489.570960589253 623 1573663962769
351.853113551809 491.640036601088 623 1573663962769
355.276405017234 493.709112612923 623 1573663962769
358.699696482658 495.778188624758 623 1573663962769
362.122987948083 497.847264636593 623 1573663962769
365.546279413508 499.916340648427 623 1573663962769
368.969570878932 501.985416660262 623 1573663962769
372.392862344357 504.054492672097 623 1573663962769
375.816153809782 506.123568683932 623 1573663962769
379.239445275206 508.192644695767 623 1573663962769
382.662736740631 510.261720707601 623 1573663962769
386.086028206056 512.330796719436 623 1573663962769
389.509319671481 514.399872731271 623 1573663962769
392.932611136905 516.468948743106 623 1573663962769
396.35590260233 518.538024754941 623 1573663962769
399.779194067755 520.607100766775 623 1573663962769
END STROKE
403.202485533179 522.67617677861 623 1573663962769
406.625776998604 524.745252790445 623 1573663962769
410.049068464029 526.81432880228 623 1573663962769
413.472359929454 528.883404814115 623 1573663962769
416.895651394878 530.952480825949 623 1573663962769
420.318942860303 533.021556837784 623 1573663962769
423.742234325728 535.090632849619 623 1573663962769
427.165525791152 537.159708861454 623 1573663962769
430.588817256577 539.228784873289 623 1573663962769
434.012108722002 541.297860885123 623 1573663962769
437.462842698513 543.320801739283 630 1573663962814
440.914960673683 545.341415875013 630 1573663962814
444.367078648853 547.362030010742 630 1573663962814
447.819196624023 549.382644146472 630 1573663962814
451.271314599192 551.403258282201 630 1573663962814
454.723432574362 553.42387241793 630 1573663962814
458.175550549532 555.44448655366 630 1573663962814
461.627668524702 557.465100689389 630 1573663962814
465.079786499872 559.485714825119 630 1573663962814
468.531904475041 561.506328960848 630 1573663962814
END STROKE
475.531852482499 565.379125793549 611 1573663962829
479.034596842216 567.310649013826 611 1573663962829
482.54565760153 569.226940576748 636 1573663962949
486.06442240288 571.129122027813 636 1573663962949
489.583187204231 573.031303478878 636 1573663962949
493.101952005582 574.933484929943 636 1573663962949
496.620716806932 576.835666381008 636 1573663962949
500.139481608283 578.737847832073 636 1573663962949
503.658246409633 580.640029283138 636 1573663962949
507.177011210984 582.542210734203 636 1573663962949
510.695776012335 584.444392185268 636 1573663962949
514.214540813685 586.346573636333 636 1573663962949
517.733305615036 588.248755087398 636 1573663962949
521.252070416386 590.150936538463 636 1573663962949
524.770835217737 592.053117989528 636 1573663962949
528.289600019088 593.955299440593 636 1573663962949
531.808364820438 595.857480891658 636 1573663962949
535.327129621789 597.759662342723 636 1573663962949
538.845894423139 599.661843793788 636 1573663962949
542.36465922449 601.564025244853 636 1573663962949
545.883424025841 603.466206695918 636 1573663962949
549.402188827191 605.368388146983 636 1573663962949
END STROKE
552.920953628542 607.270569598048 636 1573663962949
556.439718429892 609.172751049113 636 1573663962949
559.958483231243 611.074932500178 636 1573663962949
563.477248032594 612.977113951243 636 1573663962949
566.996012833944 614.879295402308 636 1573663962949
570.514777635295 616.781476853373 636 1573663962949
574.033542436646 618.683658304438 636 1573663962949
577.566358045741 620.559606906933 639 1573663962987
581.099660948831 622.434645731868 639 1573663962987
584.632963851921 624.309684556803 639 1573663962987
588.166266755012 626.184723381738 639 1573663962987
591.699569658102 628.059762206673 639 1573663962987
595.232872561192 629.934801031608 639 1573663962987
598.766175464283 631.809839856543 639 1573663962987
602.299336474663 633.685140140269 669 1573663963024
605.797029077014 635.625796333276 669 1573663963024
609.294721679365 637.566452526284 669 1573663963024
612.792414281717 639.507108719291 669 1573663963024
616.290106884068 641.447764912298 669 1573663963024
END STROKE
626.783184691121 647.269733491321 669 1573663963024
630.233348561382 649.291926143887 646 1573663963069
633.645594007305 651.379168587105 646 1573663963069
637.057839453229 653.466411030324 646 1573663963069
640.470084899153 655.553653473543 646 1573663963069
643.882330345076 657.640895916762 646 1573663963069
647.294575791 659.728138359981 646 1573663963069
650.706821236923 661.815380803199 646 1573663963069
654.119066682847 663.902623246418 646 1573663963069
657.519299003601 666.009330412464 663 1573663963084
660.914822392584 668.123667404258 663 1573663963084
664.298546220633 670.256589566428 656 1573663963107
667.656556882365 672.430011843782 656 1573663963107
671.014567544097 674.603434121135 656 1573663963107
674.372578205829 676.776856398488 656 1573663963107
677.620991394463 679.110512598436 661 1573663963129
680.8639940087 681.452079177471 661 1573663963129
684.106996622936 683.793645756506 661 1573663963129
687.332837955671 686.158778699228 641 1573663963159
690.556784033126 688.526514260827 641 1573663963159
693.780730110582 690.894249822426 641 1573663963159
697.010193412219 693.254419415048 642 1573663963189
700.250119210909 695.600241407225 642 1573663963189
703.4900450096 697.946063399402 642 1573663963189
END STROKE
264.083395090868 436.158696476763 559 1573663962544
266.912696313596 438.970107953269 609 1573663962574
270.133079853478 441.342686688749 609 1573663962574
273.353463393361 443.715265424229 609 1573663962574
276.573846933244 446.08784415971 609 1573663962574
279.862409526241 448.358100089237 629 1573663962649
283.292098803229 450.416553747524 629 1573663962649
286.721788080216 452.475007405812 629 1573663962649
290.151477357204 454.533461064099 629 1573663962649
293.581166634191 456.591914722387 629 1573663962649
297.010855911179 458.650368380674 629 1573663962649
300.440545188166 460.708822038962 629 1573663962649
303.870234465153 462.767275697249 629 1573663962649
307.299923742141 464.825729355537 629 1573663962649
310.729613019128 466.884183013824 629 1573663962649
314.159302296116 468.942636672112 629 1573663962649
317.588991573103 471.001090330399 629 1573663962649
321.018680850091 473.059543988686 629 1573663962649
324.448370127078 475.117997646974 629 1573663962649
327.878059404066 477.176451305261 629 1573663962649
331.307748681053 479.234904963549 629 1573663962649
334.736656224685 481.294656541914 623 1573663962769
338.15994769011 483.363732553749 623 1573663962769
END STROKE
-215.939551259455 762.723467707391 692 1573663966582
-213.975554213562 759.481266270687 692 1573663966499
-211.144907324419 756.670931413473 693 1573663966477
-207.688410215738 754.700699463504 694 1573663966454
-204.736724394409 752.001153054907 694 1573663966454
-201.426634453093 749.765485698487 692 1573663966432
-198.355516411794 747.241457847965 689 1573663966402
-195.014763683303 745.041600760089 689 1573663966402
-191.465538984094 743.210239055779 690 1573663966379
-188.298760137005 740.766571375092 690 1573663966379
-185.077524888838 738.40026803866 691 1573663966364
-181.759375843 736.171965862779 689 1573663966356
-178.602857633572 733.715058702639 689 1573663966356
-175.446339424144 731.258151542498 689 1573663966356
-172.574411738351 728.490899880739 681 1573663966334
-169.85392328047 725.558504520195 681 1573663966334
-166.667056128843 723.157237491496 694 1573663966319
-163.795274381868 720.3795582557 693 1573663966311
-160.963613283412 717.554368806567 693 1573663966311
-157.866725694648 715.026902868158 691 1573663966296
-154.734465773119 712.539143276882 691 1573663966296
-151.823244629837 709.801878995597 691 1573663966281
-148.976032420329 706.99236255428 691 1573663966281
-145.99224151238 704.337856059855 691 1573663966266
-142.846575642146 701.867069498284 691 1573663966266
-139.700909771911 699.396282936712 691 1573663966266
-136.555243901677 696.92549637514 691 1573663966266
-133.409578031443 694.454709813569 691 1573663966266
-130.146938516402 692.14317684587 692 1573663966236
-126.848351961436 689.880583921944 692 1573663966236
-123.54976540647 687.617990998019 692 1573663966236
-120.251178851504 685.355398074094 692 1573663966236
-116.952592296538 683.092805150168 692 1573663966236
-113.654005741572 680.830212226243 692 1573663966236
-110.355419186606 678.567619302317 692 1573663966236
-107.05683263164 676.305026378392 692 1573663966236
-103.67559182251 674.168070304765 690 1573663966191
-100.292051048041 672.03461024479 690 1573663966191
-96.9085102735726 669.901150184815 690 1573663966191
-93.5249694991039 667.76769012484 690 1573663966191
-90.1414287246353 665.634230064865 690 1573663966191
-86.7578879501666 663.50077000489 690 1573663966191
-83.374347175698 661.367309944915 690 1573663966191
-79.9908064012294 659.23384988494 690 1573663966191
-76.6241118098689 657.07399670292 691 1573663966146
-73.2643207238433 654.903327714275 691 1573663966146
-69.9045296378177 652.732658725631 691 1573663966146
-66.5447385517921 650.561989736986 691 1573663966146
-63.1849474657665 648.391320748342 691 1573663966146
-59.8204987309826 646.228097328371 690 1573663966116
-56.3987340427272 644.156497362593 690 1573663966116
-52.9769693544717 642.084897396816 690 1573663966116
-49.5552046662163 640.013297431039 690 1573663966116
-46.1334399779608 637.941697465262 690 1573663966116
-42.7116752897054 635.870097499485 690 1573663966116
-39.2899106014499 633.798497533708 690 1573663966116
-35.8681459131944 631.72689756793 690 1573663966116
-32.4292754157242 629.683860273218 689 1573663966079
-28.98780742883 627.645160173845 689 1573663966079
-25.5463394419357 625.606460074472 689 1573663966079
-22.1048714550415 623.5677599751 689 1573663966079
-18.6634034681472 621.529059875727 689 1573663966079
-15.221935481253 619.490359776354 689 1573663966079
-11.7804674943587 617.451659676982 689 1573663966079
-8.3389995074645 615.412959577609 689 1573663966079
-4.89753152057027 613.374259478236 689 1573663966079
-1.45606353367603 611.335559378864 689 1573663966079
1.9854044532182 609.296859279491 689 1573663966079
5.42687244011243 607.258159180118 689 1573663966079
8.86834042700666 605.219459080746 689 1573663966079
12.2805046841315 603.132714851458 690 1573663966011
15.6683002296505 601.006017566521 690 1573663966011
19.0560957751695 598.879320281583 690 1573663966011
22.4438913206885 596.752622996645 690 1573663966011
25.8316868662075 594.625925711707 690 1573663966011
29.2194824117265 592.499228426769 690 1573663966011
32.6072779572455 590.372531141832 690 1573663966011
35.9950735027645 588.245833856894 690 1573663966011
39.3828690482835 586.119136571956 690 1573663966011
42.6298005238295 583.784813027987 691 1573663965966
45.858003666474 581.422884902531 691 1573663965966
END STROKE
261.329752251947 429.276141489337 648 1573663965508
264.703263138018 427.13030080818 647 1573663965493
268.218564464803 425.233453084427 647 1573663965478
271.809943780412 423.478402688939 647 1573663965463
275.195061797307 421.347446093489 647 1573663965463
278.580179814202 419.21648949804 647 1573663965463
281.965297831098 417.08553290259 647 1573663965463
285.355105885606 414.962146177424 645 1573663965425
288.770355607437 412.879823114704 645 1573663965425
292.185605329268 410.797500051985 645 1573663965425
295.600855051099 408.715176989265 645 1573663965425
299.038013137687 406.670097466371 642 1573663965395
302.517344201737 404.696710695681 642 1573663965395
305.996675265787 402.72332392499 642 1573663965395
309.476006329837 400.7499371543 642 1573663965395
312.955337393887 398.77655038361 642 1573663965395
316.434668457937 396.803163612919 642 1573663965395
319.913999521988 394.829776842229 642 1573663965395
323.559139346827 393.187140745115 641 1573663965350
327.222087613025 391.580028428206 641 1573663965350
330.885035879223 389.972916111298 641 1573663965350
334.547984145421 388.365803794389 641 1573663965350
338.210932411619 386.758691477481 641 1573663965350
341.873880677816 385.151579160573 641 1573663965350
345.536828944014 383.544466843664 641 1573663965350
349.071115201473 381.674228087185 640 1573663965305
352.588862839347 379.770166229935 640 1573663965305
356.086141287333 377.829285394645 641 1573663965290
359.560062158118 375.846390091426 641 1573663965290
363.033983028902 373.863494788207 641 1573663965290
366.507903899686 371.880599484988 641 1573663965290
369.981824770471 369.897704181769 641 1573663965290
373.455745641255 367.914808878549 641 1573663965290
END STROKE
376.929666512039 365.93191357533 641 1573663965290
380.437564761378 364.011602160173 642 1573663965245
383.992724837637 362.178343631711 642 1573663965245
387.547884913896 360.34508510325 642 1573663965245
391.103044990154 358.511826574788 642 1573663965245
394.658205066413 356.678568046326 642 1573663965245
398.198025356224 354.815924347877 642 1573663965215
401.734623997124 352.947109201003 642 1573663965215
405.235905069809 351.013803637416 642 1573663965200
408.715233629644 349.040412451483 642 1573663965200
412.194562189479 347.06702126555 642 1573663965200
415.673890749313 345.093630079617 642 1573663965200
419.153219309148 343.120238893684 642 1573663965200
422.632547868983 341.146847707751 642 1573663965200
426.120895555921 339.189857501242 645 1573663965155
429.650942264673 337.308695564026 645 1573663965155
433.180988973425 335.42753362681 645 1573663965155
436.711035682176 333.546371689594 645 1573663965155
440.241082390928 331.665209752378 645 1573663965155
443.77112909968 329.784047815162 645 1573663965155
447.301175808432 327.902885877946 645 1573663965155
450.829575543295 326.018636853124 645 1573663965110
454.357851045063 324.134154965807 645 1573663965110
457.88612654683 322.249673078489 645 1573663965110
461.414402048597 320.365191191172 645 1573663965110
464.942677550365 318.480709303854 645 1573663965110
468.470953052132 316.596227416536 645 1573663965110
471.987482157163 314.689962097007 644 1573663965065
475.500643905948 312.777452090006 644 1573663965065
479.026847034923 310.889180828573 646 1573663965050
482.558612699009 309.011248110401 646 1573663965050
486.234411025552 307.462921670754 647 1573663965035
489.615241276075 305.424392991303 646 1573663965027
492.882689651268 303.133795374901 647 1573663965020
496.31505401185 301.081099693333 649 1573663965012
499.689321434305 298.933003009811 649 1573663965012
503.06358885676 296.784906326288 649 1573663965012
506.437856279215 294.636809642766 649 1573663965012
509.81212370167 292.488712959244 649 1573663965012
513.191338881 290.348824380293 646 1573663964975
516.666523729484 288.368145135976 646 1573663964975
520.141708577968 286.38746589166 646 1573663964975
523.616893426453 284.406786647343 646 1573663964975
527.092078274937 282.426107403027 646 1573663964975
530.567263123421 280.44542815871 646 1573663964975
534.042447971905 278.464748914394 646 1573663964975
537.53062030467 276.508089260489 645 1573663964930
541.090848960849 274.684693550358 645 1573663964930
544.651077617028 272.861297840228 645 1573663964930
548.211306273207 271.037902130098 645 1573663964930
551.7230894457 269.125602565563 646 1573663964907
555.185300152451 267.122330985855 646 1573663964907
END STROKE
58.770816237052 571.975172400707 691 1573663965966
61.9990193796965 569.613244275251 691 1573663965966
65.227222522341 567.251316149795 691 1573663965966
68.4703701962578 564.910066933016 692 1573663965921
71.726036078026 562.586139295095 692 1573663965921
74.9817019597943 560.262211657175 692 1573663965921
78.2373678415625 557.938284019254 692 1573663965921
81.4930337233307 555.614356381334 692 1573663965921
84.748699605099 553.290428743413 692 1573663965921
88.0043654868672 550.966501105493 692 1573663965921
91.1573788353486 548.505200896509 693 1573663965883
94.308618620038 546.041527253473 693 1573663965883
97.4598584047275 543.577853610437 693 1573663965883
100.611098189417 541.114179967401 693 1573663965883
103.762337974106 538.650506324365 693 1573663965883
106.913577758796 536.186832681329 693 1573663965883
110.08051330352 533.744170041521 692 1573663965846
113.336867091421 531.421206415457 692 1573663965846
116.593220879323 529.098242789392 692 1573663965846
119.783528940835 526.688034320857 691 1573663965831
122.90307016068 524.184344528234 691 1573663965831
126.022611380525 521.680654735611 691 1573663965831
129.14215260037 519.176964942987 691 1573663965831
132.261693820216 516.673275150364 691 1573663965831
135.382205485019 514.170812585769 691 1573663965801
138.537629362876 511.712500125757 691 1573663965801
141.693053240732 509.254187665744 691 1573663965801
144.855305014971 506.805128133458 692 1573663965786
148.13482363273 504.514984549363 692 1573663965786
151.41434225049 502.224840965269 692 1573663965786
154.69386086825 499.934697381175 692 1573663965786
157.973379486009 497.64455379708 692 1573663965786
161.252898103769 495.354410212986 692 1573663965786
164.532416721528 493.064266628892 692 1573663965786
167.811935339288 490.774123044797 692 1573663965786
171.091453957047 488.483979460703 692 1573663965786
174.370972574807 486.193835876609 692 1573663965786
177.650491192567 483.903692292515 692 1573663965786
180.946654931675 481.63801102388 693 1573663965733
184.280711251551 479.428018160567 693 1573663965733
187.614767571427 477.218025297253 693 1573663965733
190.948823891303 475.00803243394 693 1573663965733
194.282880211179 472.798039570627 693 1573663965733
197.616936531055 470.588046707313 693 1573663965733
200.966725985052 468.402086756337 688 1573663965703
204.325853100224 466.230390409213 688 1573663965703
207.684980215397 464.058694062089 688 1573663965703
211.04410733057 461.886997714965 688 1573663965703
214.403234445742 459.715301367841 688 1573663965703
217.762361560915 457.543605020716 688 1573663965703
221.0533470521 455.271860645835 685 1573663965666
224.304376443335 452.941451261773 685 1573663965666
227.593920765647 450.666259225943 683 1573663965651
230.903854235237 448.420298312016 683 1573663965651
234.213787704827 446.174337398089 683 1573663965651
237.579135212682 444.016012588068 667 1573663965621
241.027314936715 441.988685137762 667 1573663965621
244.402209042167 439.851729806487 665 1573663965590
247.603729153224 437.455734886871 651 1573663965568
END STROKE
===NOTES===
Great Job
