1.00
USERID - 01/01/2000 01:00:00 AM - F - HS - EN - N/A
11/12/2019 16:0:28:226
11/12/2019 16:2:10:25
-228.165424875629 734.757321139733 73 1573596118855
-226.009100548047 735.277485026813 348 1573596119080
-222.690527078275 733.219799636148 384 1573596119140
-219.330301769317 731.098054192807 420 1573596119170
-216.163158461835 728.686918114585 431 1573596119208
-212.889073649586 726.411382434086 426 1573596119223
-209.81491147479 723.888782440991 426 1573596119238
-206.433837894825 721.76678334925 426 1573596119253
-203.20006690659 719.424856641637 423 1573596119275
-200.055768392323 716.952535137551 410 1573596119290
-196.790871500073 714.642174945573 421 1573596119313
-193.375625456058 712.559845850824 421 1573596119313
-190.082746530503 710.292157063811 425 1573596119358
-186.825923807015 707.969850936753 425 1573596119358
-183.569101083527 705.647544809695 425 1573596119358
-180.334053439613 703.295271213425 437 1573596119388
-177.119249015858 700.91513833541 437 1573596119388
-173.896785091554 698.545559413487 437 1573596119403
-170.655502154294 696.202520800113 470 1573596119418
-167.506100504967 693.737329714486 469 1573596119426
-164.450512312441 691.162676012515 483 1573596119441
-161.261429750325 688.748209134316 485 1573596119463
-158.087599513021 686.313706798156 485 1573596119463
-154.883479276368 683.920076729007 488 1573596119478
-151.647444435715 681.570135882635 488 1573596119516
-148.540761795884 679.05050833568 488 1573596119516
-145.434079156053 676.530880788725 488 1573596119516
-142.323199725346 674.016613822956 490 1573596119531
-139.131660972169 671.605373397994 490 1573596119531
-135.687664824839 669.592596944399 495 1573596119553
-132.459469819542 667.230657697133 495 1573596119553
-129.056818943142 665.129501422643 502 1573596119576
-125.60911923364 663.103240300967 505 1573596119591
-122.121724493341 661.144931895813 519 1573596119613
-118.673538735541 659.117614708072 519 1573596119613
-115.508692915489 656.67896849671 515 1573596119643
-112.37652469754 654.192660341092 523 1573596119651
-109.110308995724 651.895362786334 520 1573596119688
-105.962290857406 649.427573937825 520 1573596119688
-102.84588615473 646.92246671765 519 1573596119696
-99.4524232919842 644.839973047389 529 1573596119718
-96.0636278285905 642.725942086622 532 1573596119734
-92.7443591036145 640.494673430137 535 1573596119749
-89.4383623254131 638.24443914832 561 1573596119786
-86.1831676094106 635.919851580404 561 1573596119786
-82.9279728934082 633.595264012488 561 1573596119786
-79.6727781774057 631.270676444572 561 1573596119786
-76.3989850620903 628.972660416745 565 1573596119794
-73.1396479409507 626.654672434494 561 1573596119809
-69.9114404122111 624.292750303816 561 1573596119809
-66.5947075649439 622.057515026798 573 1573596119831
-63.2668323738479 619.838225340324 573 1573596119831
-59.9389526536728 617.618942445358 573 1573596119854
-56.6110622268489 615.399675605374 573 1573596119854
-53.283171800025 613.180408765389 573 1573596119854
-49.9375429876884 610.988073144144 577 1573596119921
-46.5845391265492 608.806934655376 577 1573596119921
-43.23153526541 606.625796166608 577 1573596119921
-39.8785314042708 604.44465767784 577 1573596119921
-36.5255275431316 602.263519189072 577 1573596119921
-33.1725236819924 600.082380700304 577 1573596119921
-29.8195198208532 597.901242211536 577 1573596119921
-26.4817132424513 595.698371291903 575 1573596119959
-23.2823602819957 593.297508814704 575 1573596119959
-20.0830073215401 590.896646337504 575 1573596119959
-16.8836543610845 588.495783860305 575 1573596119959
-13.6843014006289 586.094921383106 575 1573596119959
-10.4486083414537 583.74357715715 575 1573596119989
-7.19874822599203 581.411537442666 575 1573596119989
-3.94888811053037 579.079497728182 575 1573596119989
-0.676901388086496 576.781028463154 582 1573596120011
2.74758987378269 574.7139388189 582 1573596120011
6.17208113565189 572.646849174646 582 1573596120011
9.51459377910156 570.454682368075 582 1573596120041
12.7764139251301 568.139400671399 582 1573596120041
16.0382340711587 565.824118974724 582 1573596120041
19.3000542171873 563.508837278048 582 1573596120041
END STROKE
305.980978745393 527.512711938843 596 1573596128952
309.009517761309 530.125746846584 596 1573596128952
312.038056777226 532.738781754325 596 1573596128952
315.254083500877 535.115071545961 598 1573596128914
318.377176553816 537.61432939234 598 1573596128914
321.500269606755 540.113587238719 598 1573596128914
324.472102880088 542.789592214663 598 1573596128892
327.591276087943 545.278174790465 594 1573596128877
330.666515536794 547.824078577024 591 1573596128861
333.909524844658 550.165635885549 591 1573596128861
337.148778172525 552.512320737035 592 1573596128839
340.359388182414 554.898108523993 592 1573596128839
343.614978249464 557.21938391739 580 1573596128816
346.963755580849 559.407006001937 580 1573596128816
350.237508175073 561.700848830885 582 1573596128794
353.419321369306 564.124907216165 582 1573596128779
356.605665130924 566.543008420169 582 1573596128779
359.792008892541 568.961109624172 582 1573596128779
362.970693739895 571.389228846522 581 1573596128749
366.139761179244 573.829927837561 581 1573596128749
369.308828618592 576.270626828601 581 1573596128749
372.47789605794 578.71132581964 581 1573596128749
END STROKE
242.03042358121 479.531562121297 600 1573596129184
245.190964904116 481.981941481193 600 1573596129169
248.291933089511 484.508598623183 600 1573596129169
251.392901274906 487.035255765172 600 1573596129169
254.515342561836 489.534507075973 601 1573596129132
257.710471843056 491.940987675582 601 1573596129132
260.907975388901 494.344305654512 599 1573596129109
264.110605154817 496.740795291976 599 1573596129109
267.313234920732 499.13728492944 599 1573596129109
270.623780339744 501.368874105646 600 1573596129072
273.705540131771 503.918924415786 600 1573596129072
276.949706797238 506.258777968629 602 1573596129057
280.203850603538 508.58457934131 601 1573596129034
283.502452976585 510.847149204215 601 1573596129034
286.795984907115 513.117026545582 604 1573596129012
290.070014253048 515.415010845349 604 1573596129012
293.34404359898 517.712995145116 604 1573596129012
296.559801899857 520.091464537844 596 1573596128982
299.765043718153 522.484459499445 596 1573596128982
302.952439729477 524.899677031102 596 1573596128952
END STROKE
443.313158549803 630.906001956957 584 1573596128531
446.502594450981 633.320023214585 584 1573596128531
449.692030352158 635.734044472214 584 1573596128531
452.881466253336 638.148065729842 584 1573596128531
456.070902154513 640.56208698747 584 1573596128531
459.177334181177 643.078557557232 585 1573596128486
462.200426075937 645.697892472021 585 1573596128486
465.280501060829 648.244726758327 572 1573596128463
468.539988695702 650.56329104644 572 1573596128463
471.820268889352 652.804709596805 577 1573596128441
474.89699452645 655.340655933143 575 1573596128433
478.142254668994 657.679092720234 575 1573596128433
481.451728663586 659.924920177735 571 1573596128411
484.779611995926 662.144197656181 571 1573596128411
488.111387375889 664.357578486129 569 1573596128381
491.451431809523 666.557680819608 565 1573596128366
494.654061575438 668.954170457072 565 1573596128366
497.856691341353 671.350660094537 565 1573596128366
501.106196355884 673.68224700319 553 1573596128328
504.388031880172 675.969069163139 551 1573596128313
507.573146733881 678.376802150196 549 1573596128298
510.626674197442 680.958995030866 549 1573596128291
END STROKE
513.909175552466 683.226969077142 549 1573596128268
517.360439695339 685.249041236121 549 1573596128268
520.811703838212 687.2711133951 549 1573596128268
524.262967981085 689.293185554079 549 1573596128268
527.753311138036 691.22028931694 550 1573596128208
531.017836150976 693.531755613448 550 1573596128208
534.22586800969 695.919628609498 550 1573596128186
537.392643334429 698.363300854834 550 1573596128186
540.534951822719 700.838256777631 550 1573596128163
543.669651031492 703.322942043519 550 1573596128163
546.825884106448 705.779061161643 550 1573596128133
550.077553275075 708.108577767681 550 1573596128133
553.329222443701 710.438094373718 550 1573596128133
556.580891612328 712.767610979755 550 1573596128133
559.795505845045 715.113205732788 553 1573596128073
563.093985135887 717.359119835135 554 1573596128058
566.614545744607 719.253390650784 554 1573596128050
569.797269041637 721.63776899496 548 1573596128028
573.192874799637 723.751447055247 548 1573596128020
576.556481539404 725.916198703865 548 1573596128020
579.928925423404 728.067153035261 549 1573596127998
583.309574208112 730.204972634738 548 1573596127968
586.566255207439 732.501143980785 552 1573596127945
589.781067232892 734.881266591283 552 1573596127945
593.163344317577 737.003185293897 520 1573596127915
596.240459384633 739.249695046748 450 1573596127780
END STROKE
478.442929058406 259.336285080015 703 1573596121213
481.716431718904 257.037875178306 708 1573596121250
485.032601069738 254.801131823205 708 1573596121250
488.348770420572 252.564388468103 708 1573596121250
491.664939771406 250.327645113002 708 1573596121250
494.98110912224 248.090901757901 708 1573596121250
498.252040463151 245.78870409763 710 1573596121265
501.47982064943 243.42990286369 709 1573596121273
504.623106675065 240.965483216259 714 1573596121295
507.945136550129 238.737453254794 714 1573596121295
END STROKE
511.267166425192 236.509423293329 714 1573596121295
514.460858565833 234.102006440539 713 1573596121310
517.643465485342 231.678992197045 715 1573596121333
520.830531707066 229.261843277689 715 1573596121333
524.01759792879 226.844694358332 715 1573596121333
527.305865643967 224.567799886259 715 1573596121348
530.544089241664 222.221145264317 719 1573596121363
533.739714160155 219.81543917275 716 1573596121378
536.849409623386 217.299530961792 716 1573596121378
539.979260632172 214.808930772403 716 1573596121393
543.127276503207 212.341139031654 716 1573596121393
546.415073442616 210.063843290718 717 1573596121408
549.713666098202 207.80125926087 717 1573596121416
552.944220093847 205.445044678162 719 1573596121438
556.11496189087 203.006521260885 719 1573596121438
559.286385388262 200.568890806848 722 1573596121498
562.474428619222 198.153030637564 722 1573596121498
565.662471850181 195.73717046828 722 1573596121498
568.850515081141 193.321310298996 722 1573596121498
572.038558312101 190.905450129712 722 1573596121498
575.22660154306 188.489589960428 722 1573596121498
578.400147716045 186.055510248749 722 1573596121513
581.470454077997 183.491681306765 722 1573596121513
584.549673306344 180.938574707564 723 1573596121528
587.470946101495 178.214438246029 722 1573596121566
590.262704498772 175.349811734382 722 1573596121566
593.05446289605 172.485185222736 722 1573596121566
596.111656632611 169.908485697713 721 1573596121581
599.049443811562 167.197654210137 722 1573596121596
602.106662052697 164.627275937826 721 1573596121626
605.272455702672 162.182332059988 721 1573596121626
608.429459772401 159.726537564585 723 1573596121641
611.520959592861 157.191086005818 721 1573596121663
614.740089567803 154.816806703708 721 1573596121663
617.762659708972 152.212976562365 723 1573596121678
620.649530298275 149.463508610563 720 1573596121701
623.51789625106 146.696252898884 720 1573596121746
626.337809668614 143.859337616839 720 1573596121746
629.149768298236 141.021529765252 720 1573596121761
632.072543089124 138.476340348503 722 1573596121791
END STROKE
38.5285240900614 311.890272066053 644 1573596129935
41.4163657887768 314.653182397884 646 1573596129928
44.2609354954605 317.465372897341 646 1573596129913
47.1024335636631 320.280668393093 646 1573596129913
50.069790886799 322.961109885726 647 1573596129898
53.0742256672136 325.601824116807 647 1573596129898
56.0786604476281 328.242538347889 647 1573596129898
59.0830952280426 330.88325257897 647 1573596129898
62.0972751956195 333.512628478746 647 1573596129853
65.1594778101189 336.086130984623 647 1573596129853
68.2216804246183 338.659633490499 647 1573596129853
71.3018539899687 341.211599286643 649 1573596129830
74.3820591360129 343.763527235916 649 1573596129830
77.4622642820572 346.315455185189 649 1573596129830
80.5424694281015 348.867383134463 649 1573596129830
83.6323018935475 351.406465373187 651 1573596129770
86.9461657533822 353.646623028014 651 1573596129770
89.8229901974812 356.396901079559 651 1573596129748
92.9505575058138 358.890557577927 651 1573596129748
96.0781248141464 361.384214076294 651 1573596129748
99.0895788691256 364.016137585598 653 1573596129718
102.110491208468 366.63504753382 654 1573596129695
105.377101394338 368.943566083361 654 1573596129695
END STROKE
-130.115819680325 177.348863857759 676 1573596130484
-126.680014715457 179.372176594051 677 1573596130454
-123.531990410185 181.839957575705 677 1573596130454
-120.345250531353 184.254518857834 676 1573596130431
-117.028159775132 186.489895540855 676 1573596130431
-113.694268074571 188.699075560695 659 1573596130408
-110.346030361158 190.882113642011 660 1573596130401
-107.104025522951 193.225011406069 653 1573596130386
-103.823959615114 195.514371063319 653 1573596130386
-100.543893707276 197.803730720569 653 1573596130386
-97.2231022319671 200.033570624158 649 1573596130363
-93.9393036212858 202.315771982174 650 1573596130348
-90.7270246806261 204.699312207845 650 1573596130348
-87.5147457399664 207.082852433517 650 1573596130348
-84.2886097581734 209.447416456115 647 1573596130318
-81.0402967927134 211.781610723614 647 1573596130318
-77.9174553817026 214.27951478111 650 1573596130303
-74.8397192191153 216.8336911465 648 1573596130288
-71.8379018679872 219.477380347307 648 1573596130288
-68.7529062318751 222.021277279437 645 1573596130273
-65.6117738033841 224.497824687964 645 1573596130273
-62.5319966896338 227.050147441438 645 1573596130258
-59.4562307588952 229.607424106038 645 1573596130258
-56.3804648281567 232.164700770638 645 1573596130258
-53.3046988974181 234.721977435238 645 1573596130258
-50.2454096855921 237.298782471332 645 1573596130213
END STROKE
-200.219884078153 131.529042811946 672 1573596130799
-197.009496440353 133.898668021671 674 1573596130776
-193.48861004922 135.737597998359 672 1573596130761
-190.076030502015 137.798564877353 671 1573596130739
-186.394200667797 139.36193593755 671 1573596130739
-182.946938971335 141.381938382504 673 1573596130709
-179.482133820772 143.374646323043 673 1573596130686
-176.142667978564 145.559937210201 674 1573596130679
-172.733387483481 147.64617733138 673 1573596130664
-169.284504877627 149.671039626852 675 1573596130634
-166.017916332519 151.979588798293 675 1573596130634
-162.741904833548 154.274734768295 674 1573596130611
-159.603626647612 156.753706969761 675 1573596130596
-156.499674521212 159.257330615801 674 1573596130574
-153.220424734184 161.547709701998 673 1573596130566
-149.940358826346 163.837069359248 673 1573596130566
-146.551572124547 165.961348687823 674 1573596130536
-143.18850198127 168.12565147652 673 1573596130514
-139.884689886331 170.380429229974 675 1573596130499
-136.60184647727 172.665760571548 676 1573596130484
-133.358833078798 175.007312214654 676 1573596130484
END STROKE
22.6422574531977 561.312251721826 598 1573596120086
26.002803579769 559.142751841396 598 1573596120086
29.3633497063404 556.973251960966 598 1573596120086
32.7238958329117 554.803752080536 598 1573596120086
36.0844419594831 552.634252200106 598 1573596120086
39.4214326408288 550.429413426191 601 1573596120139
42.7169047766007 548.16228674196 601 1573596120139
46.0123769123727 545.89516005773 601 1573596120139
49.3078490481447 543.628033373499 601 1573596120139
52.6033211839166 541.360906689268 601 1573596120139
55.8987933196886 539.093780005038 601 1573596120139
59.1917064759441 536.82295563807 600 1573596120169
62.4745412916647 534.537568237061 600 1573596120169
65.7573761073852 532.252180836051 600 1573596120169
69.0402109231058 529.966793435042 600 1573596120169
72.3584084006039 527.733833867228 601 1573596120184
75.7071748149451 525.546195071133 601 1573596120184
79.0295042282489 523.318875952053 606 1573596120199
82.3381489526527 521.071016951209 606 1573596120199
85.6139703435258 518.775817861807 612 1573596120222
88.8793530602349 516.4655633924 612 1573596120222
92.1447357769441 514.155308922992 612 1573596120222
95.395717002821 511.824856909755 615 1573596120252
98.6440188712235 509.490647199439 615 1573596120252
101.892320739626 507.156437489123 615 1573596120252
105.140622608028 504.822227778807 615 1573596120252
108.706409783181 503.017833235172 618 1573596120274
112.108032747913 500.913323504663 618 1573596120274
115.473922279857 498.754141971018 624 1573596120304
118.766745065619 496.483169029398 624 1573596120304
122.059567851381 494.212196087779 624 1573596120304
125.352346409163 491.94116079381 619 1573596120342
128.58410296523 489.584097035164 619 1573596120342
131.815859521296 487.227033276519 619 1573596120342
135.047616077363 484.869969517873 619 1573596120342
138.27937263343 482.512905759228 619 1573596120342
141.569900828933 480.240095242744 634 1573596120387
144.8980585432 478.0212292646 634 1573596120387
148.226216257467 475.802363286456 634 1573596120387
151.554373971734 473.583497308312 634 1573596120387
154.882531686 471.364631330168 634 1573596120387
158.210689400267 469.145765352023 634 1573596120387
161.517545379496 466.895339607715 635 1573596120424
164.820177076616 464.638655342432 635 1573596120424
168.122808773736 462.381971077149 635 1573596120424
171.425440470856 460.125286811865 635 1573596120424
174.708616800437 457.842428417064 633 1573596120432
177.867512948477 455.398554262845 636 1573596120439
181.289386130209 453.342820698651 633 1573596120447
184.514300604632 450.986728941354 634 1573596120484
187.917515815581 448.884795015664 634 1573596120484
191.320731026529 446.782861089974 634 1573596120484
194.723946237478 444.680927164284 634 1573596120484
END STROKE
375.646963497289 581.15202481068 581 1573596128749
378.816030936637 583.59272380172 581 1573596128749
381.985098375986 586.033422792759 581 1573596128749
385.154165815334 588.474121783799 581 1573596128749
388.323233254683 590.914820774838 581 1573596128749
391.536173793273 593.297236330814 579 1573596128674
394.758258717521 595.667503982564 579 1573596128674
397.97732552939 598.041853713773 585 1573596128651
401.18793553928 600.42764150073 585 1573596128651
404.430346648337 602.769322770512 583 1573596128636
407.708240892512 605.061790725361 583 1573596128636
410.941860445301 607.415520257451 585 1573596128621
414.147102263596 609.808515219053 585 1573596128621
417.352344081892 612.201510180655 585 1573596128621
420.562229802844 614.588270345963 583 1573596128599
423.772850984537 616.974043098692 583 1573596128599
426.994072299936 619.345165249364 585 1573596128576
430.264338523073 621.648501705421 585 1573596128576
433.534604746211 623.951838161479 585 1573596128576
436.804870969349 626.255174617536 585 1573596128576
440.075137192487 628.558511073594 585 1573596128576
END STROKE
300.056473031492 379.398099940865 676 1573596120740
303.598540959659 377.539671897531 676 1573596120740
307.140608887826 375.681243854197 676 1573596120740
310.682676815993 373.822815810863 676 1573596120740
314.22474474416 371.964387767529 676 1573596120740
317.766812672327 370.105959724194 676 1573596120740
321.308880600494 368.24753168086 676 1573596120740
324.850948528661 366.389103637526 676 1573596120740
328.393016456828 364.530675594192 676 1573596120740
331.935084384995 362.672247550858 676 1573596120740
335.447832893095 360.759799737983 672 1573596120792
338.936201750808 358.802433468597 672 1573596120792
342.424570608522 356.84506719921 672 1573596120792
345.912939466236 354.887700929823 672 1573596120792
349.401308323949 352.930334660436 672 1573596120792
352.889677181663 350.97296839105 672 1573596120792
356.378046039377 349.015602121663 672 1573596120792
359.866414897091 347.058235852276 672 1573596120792
363.354783754804 345.100869582889 672 1573596120792
366.843152612518 343.143503313503 672 1573596120792
370.331521470232 341.186137044116 672 1573596120792
373.815660992617 339.221254788901 674 1573596120807
377.299259649076 337.255411356499 674 1573596120807
380.732848343104 335.206143388047 675 1573596120845
384.108451275677 333.060145987861 675 1573596120845
387.48405420825 330.914148587676 675 1573596120845
390.859657140824 328.76815118749 675 1573596120845
394.218525660707 326.597868419252 674 1573596120875
397.425888027779 324.207716406033 674 1573596120875
400.63325039485 321.817564392815 674 1573596120875
403.831271386351 319.415514235299 674 1573596120912
406.914303446533 316.867002254576 674 1573596120912
409.997335506716 314.318490273854 674 1573596120912
413.070111831944 311.758587476585 676 1573596120927
415.942737061705 308.975530602569 676 1573596120943
418.932824576688 306.320506299707 677 1573596120958
422.058115159853 303.824917926819 679 1573596120988
425.264098788517 301.432916887367 679 1573596120988
428.452938256782 299.019834105868 678 1573596121018
431.448261313713 296.368789069544 678 1573596121018
434.477518735697 293.758469663159 679 1573596121025
437.38189164172 291.013804730041 681 1573596121048
440.434919162023 288.455346227895 681 1573596121063
443.476544230293 285.869669927314 684 1573596121078
446.567010847891 283.345556295021 684 1573596121085
449.784907316041 281.012931017651 692 1573596121100
452.867862496256 278.478457773436 690 1573596121130
455.901892155388 275.871800138167 690 1573596121130
458.981288076308 273.318946307227 692 1573596121145
462.354266743151 271.211682657568 696 1573596121183
END STROKE
108.601931858827 371.309949769805 655 1573596129680
111.707610214911 373.800855147328 662 1573596129658
114.868167774786 376.189174576598 612 1573596129635
118.250817428727 378.297094395188 613 1573596129620
121.585770857964 380.50573325766 613 1573596129620
124.714655995598 382.986662826344 613 1573596129590
127.743224873289 385.599661148617 613 1573596129575
130.77032784526 388.214359524545 613 1573596129575
133.797430817232 390.829057900473 613 1573596129575
136.876204570743 393.381245268508 609 1573596129537
140.013831701467 395.862232166608 609 1573596129537
143.151458832191 398.343219064708 609 1573596129537
146.289085962916 400.824205962807 609 1573596129537
149.42671309364 403.305192860907 609 1573596129537
152.564340224364 405.786179759007 609 1573596129537
155.662024842035 408.316837880875 602 1573596129477
158.758534774196 410.848956803838 602 1573596129477
161.855044706357 413.381075726801 602 1573596129477
164.951554638518 415.913194649764 602 1573596129477
168.049447613069 418.443598580959 602 1573596129432
171.180125345125 420.933348957606 602 1573596129432
174.31080307718 423.423099334253 602 1573596129432
177.40811936363 425.953418000305 600 1573596129410
180.45562189545 428.544311344028 600 1573596129410
183.50312442727 431.135204687752 600 1573596129410
186.55062695909 433.726098031475 600 1573596129410
189.583144988326 436.334153119104 601 1573596129372
END STROKE
198.520221165574 444.342171325266 601 1573596129342
201.516998357936 446.991572476345 601 1573596129342
204.513775550299 449.640973627423 601 1573596129342
207.510552742661 452.290374778502 601 1573596129342
210.516300124494 454.929565467197 600 1573596129305
213.529583549742 457.560178133311 600 1573596129305
216.542866974991 460.190790799426 600 1573596129305
219.764783081759 462.55924109302 600 1573596129275
223.004726591778 464.905038623048 600 1573596129275
226.222760456149 467.28000274364 602 1573596129244
229.378172132006 469.738330865731 602 1573596129244
232.533583807863 472.196658987823 602 1573596129244
235.68899548372 474.654987109914 602 1573596129244
238.844407159578 477.113315232005 602 1573596129244
END STROKE
204.793257398751 438.155045745292 636 1573596120545
208.134695764937 435.956230235755 636 1573596120545
211.476134131122 433.757414726218 636 1573596120545
214.817572497308 431.558599216681 636 1573596120545
218.159010863494 429.359783707144 636 1573596120545
221.50044922968 427.160968197606 636 1573596120545
224.841887595866 424.962152688069 636 1573596120545
228.222933537911 422.826290485257 635 1573596120567
231.651384946412 420.76577575841 635 1573596120567
235.079836354912 418.705261031564 635 1573596120567
238.508287763413 416.644746304717 635 1573596120567
241.880962548231 414.494846059897 650 1573596120612
245.238595147811 412.320839775123 650 1573596120612
248.596227747392 410.14683349035 650 1573596120612
251.953860346972 407.972827205577 650 1573596120612
255.311492946553 405.798820920803 650 1573596120612
258.669125546133 403.62481463603 650 1573596120612
262.006653002154 401.42017318039 652 1573596120627
265.337194915984 399.204887519302 652 1573596120627
268.742602555519 397.106687844692 652 1573596120657
272.150944253411 395.013076880255 652 1573596120657
275.559285951303 392.919465915818 652 1573596120657
278.982845887662 390.851111445576 650 1573596120680
282.426483870111 388.816078903863 650 1573596120680
285.870121852561 386.78104636215 650 1573596120680
289.319344245677 384.756293269463 685 1573596120695
292.900769745237 382.974891745071 685 1573596120695
296.482195244796 381.193490220679 685 1573596120695
END STROKE
-35.0781823284009 250.335181445405 644 1573596130161
-32.0159874012681 252.908693098428 644 1573596130161
-28.9287181852445 255.451044457284 646 1573596130138
-25.7596537070248 257.891747293126 646 1573596130138
-22.5993316639712 260.343308080628 645 1573596130116
-19.5386275429426 262.918592585982 645 1573596130116
-16.4318282098081 265.437411713454 649 1573596130101
-13.2959815272683 267.920648629981 649 1573596130101
-10.1601348447285 270.403885546508 649 1573596130101
-7.02428816218868 272.887122463036 649 1573596130101
-3.88844147964887 275.370359379563 649 1573596130101
-0.764272872694931 277.86826617516 645 1573596130056
2.35882765505467 280.367514680925 645 1573596130056
5.48192818280428 282.86676318669 645 1573596130056
8.55467825282754 285.427126162329 648 1573596130025
END STROKE
===NOTES===
Great Job
