1.00
USERID - 01/01/2000 01:00:00 AM - F - HS - EN - N/A
11/14/2019 12:59:1:932
11/14/2019 13:1:5:402
671.129365629378 830.391999037388 827 1573758017550
671.254320553936 834.342306883449 827 1573758017543
671.534430310836 838.308501103313 809 1573758017520
END STROKE
258.917074452354 513.478751081296 838 1573758064222
262.228685758876 511.235264831167 838 1573758064222
265.520175377598 508.963585674959 839 1573758064245
END STROKE
-180.116938018265 198.068512087545 717 1573758067432
-176.990418129571 200.558732569634 738 1573758067462
-173.953123261287 203.161581437202 741 1573758067477
-170.904244136905 205.750854710711 741 1573758067477
-167.648532527584 208.021187812282 771 1573758067530
-163.949549127699 209.543528709511 771 1573758067530
-160.250565727814 211.06586960674 771 1573758067530
-156.562750836454 212.610753061342 787 1573758067552
-153.110630235969 214.631362711845 787 1573758067552
-149.657772517239 216.650672054488 789 1573758067560
-146.097705721757 218.457511432858 789 1573758067567
-142.485061935105 220.136498642733 788 1573758067590
-139.036879194177 222.163820961746 788 1573758067590
-135.540192127169 224.092945948975 789 1573758067597
-131.999941133158 225.920438404389 788 1573758067612
-128.65960157664 228.119392230962 800 1573758067635
-125.37167696606 230.397450999989 800 1573758067635
-122.08375235548 232.675509769017 800 1573758067635
-119.101867391166 235.314870634299 806 1573758067642
-115.831151522841 237.586763749493 810 1573758067650
-112.423994726435 239.681891992316 814 1573758067665
-108.994299442796 241.740335642597 814 1573758067665
-105.564604159156 243.798779292877 814 1573758067665
-102.025030520923 245.65978969373 829 1573758067672
-98.4516347276424 247.456997950944 828 1573758067687
-94.8673295902335 249.232598323197 828 1573758067687
-91.475243549923 251.3391736584 829 1573758067717
-88.1567590323121 253.572480736788 829 1573758067717
-84.8382745147012 255.805787815176 829 1573758067717
-81.5197899970903 258.039094893563 829 1573758067717
-78.1823482020745 260.243108499601 828 1573758067762
-74.7856392874483 262.355540403663 828 1573758067762
-71.3889303728221 264.467972307725 828 1573758067762
-67.9922214581959 266.580404211787 828 1573758067762
-64.5955125435697 268.692836115849 828 1573758067762
-61.1988036289435 270.805268019911 828 1573758067762
END STROKE
673.579459001209 832.035233141005 852 1573758069843
676.644781221214 834.605019063517 852 1573758069843
679.104721458092 837.470874736373 850 1573758069910
END STROKE
356.639337800399 578.255554361593 846 1573758069002
359.770020561684 580.745298414341 846 1573758069002
362.904350959695 583.230448194194 847 1573758069017
366.03905529516 585.71512699219 847 1573758069017
369.180661559526 588.190984530791 847 1573758069039
372.346449272766 590.635936095689 847 1573758069039
375.512236986005 593.080887660588 847 1573758069039
378.678024699245 595.525839225487 847 1573758069039
381.84862489623 597.964504712293 847 1573758069062
385.034968657848 600.382605916296 847 1573758069062
388.221312419466 602.800707120299 847 1573758069062
391.407656181084 605.218808324301 847 1573758069062
394.576146985411 607.65871996853 847 1573758069077
397.576154538318 610.304462715378 847 1573758069077
400.576162091226 612.950205462226 847 1573758069077
403.659723353848 615.49435641998 848 1573758069092
406.834776068487 617.927264198599 848 1573758069092
410.009828783126 620.360171977217 848 1573758069092
413.178530797312 622.801261680004 848 1573758069114
END STROKE
416.323043188694 625.273516080434 848 1573758069114
419.467555580076 627.745770480865 848 1573758069114
422.612067971457 630.218024881295 848 1573758069114
425.756580362839 632.690279281725 848 1573758069114
428.905083271016 635.157387997897 848 1573758069137
432.082197748796 637.587602719907 848 1573758069137
435.259312226576 640.017817441918 848 1573758069137
438.436426704357 642.448032163929 848 1573758069137
441.613541182137 644.87824688594 848 1573758069137
444.860048174398 647.205859722994 848 1573758069144
448.298375293655 649.249852536333 848 1573758069144
451.614358424539 651.480431715074 849 1573758069159
454.859631388162 653.818850709091 849 1573758069159
458.104904351785 656.157269703107 849 1573758069159
461.398847340664 658.426172226326 849 1573758069174
464.706448748917 660.675566127829 849 1573758069174
468.014050157171 662.924960029332 849 1573758069174
471.291102293001 665.217942960072 849 1573758069182
474.534097469709 667.559519839836 849 1573758069182
477.648870649834 670.067329072528 850 1573758069189
480.739706899574 672.60610248292 850 1573758069204
484.029720521395 674.881143222826 850 1573758069204
487.319734143216 677.156183962732 850 1573758069204
490.609747765037 679.431224702638 850 1573758069204
END STROKE
493.949420785202 681.630987753603 850 1573758069212
497.252906834006 683.868779585545 850 1573758069219
500.224007838274 686.543392655489 850 1573758069234
503.564760566767 688.743249743363 850 1573758069234
506.90551329526 690.943106831236 850 1573758069234
510.126570521964 693.314290171696 850 1573758069257
513.341380114827 695.694416067869 850 1573758069257
516.55618970769 698.074541964042 850 1573758069257
519.732714669074 700.503538384694 852 1573758069287
522.813225520603 703.055097299086 852 1573758069287
525.893736372132 705.606656213478 852 1573758069287
528.974247223661 708.15821512787 852 1573758069287
532.054758075189 710.709774042263 852 1573758069287
534.822670971101 713.526425781346 852 1573758069302
538.270888238437 715.553689374776 852 1573758069302
541.329309101329 718.125677298599 852 1573758069317
544.432095788947 720.645520413163 852 1573758069324
547.59968831304 723.065033804873 852 1573758069332
550.014608769188 726.221568826037 852 1573758069354
552.966320106895 728.921087334744 852 1573758069354
555.918031444602 731.620605843451 852 1573758069354
558.869742782309 734.320124352159 852 1573758069354
END STROKE
561.821416896644 737.01968356097 852 1573758069369
564.899468242711 739.558944627233 852 1573758069392
568.213332102545 741.799102282061 852 1573758069392
571.420766188459 744.17948451811 852 1573758069407
574.496969121273 746.733174363629 851 1573758069437
577.786033912754 749.009586628015 851 1573758069437
581.075098704234 751.2859988924 851 1573758069437
584.364163495715 753.562411156785 851 1573758069437
587.449032572063 756.107704044146 852 1573758069452
590.684899991255 758.448203524151 852 1573758069482
593.715457251776 761.057317246048 852 1573758069490
597.014152442979 763.318586208573 852 1573758069512
600.331245056245 765.553960135909 852 1573758069512
603.393767182087 768.112713765749 852 1573758069520
605.920012331688 771.192933561266 852 1573758069535
END STROKE
608.518626400963 774.204602090388 852 1573758069557
610.835828761488 777.465058073893 852 1573758069557
613.548765722379 780.373670768958 852 1573758069595
616.624558434008 782.930915222485 852 1573758069595
619.545289138192 785.650415554102 852 1573758069602
622.262940407481 788.526285040571 852 1573758069617
625.003855824397 791.395163557612 852 1573758069640
627.396432774322 794.550098088456 852 1573758069670
630.152626511742 797.446676581552 852 1573758069677
633.209068103612 800.027018573515 852 1573758069677
635.570146775119 803.185088232606 852 1573758069700
638.290386868421 806.086619839067 852 1573758069730
641.438399565274 808.554415628927 852 1573758069730
644.433562552554 811.18916559075 852 1573758069737
647.367798844527 813.896522192126 852 1573758069760
650.716580542827 816.084137591855 852 1573758069760
653.825499921745 818.597974119347 852 1573758069783
656.980711936489 821.007059938067 852 1573758069805
660.525779793031 822.859759021166 852 1573758069805
664.015913496482 824.796254020368 852 1573758069820
667.128746035077 827.30827981376 852 1573758069820
670.328828305907 829.705209269133 852 1573758069835
END STROKE
195.010236194022 461.399851746412 844 1573758068506
198.539695791752 463.274834900803 844 1573758068521
201.491393268757 465.97436856502 844 1573758068521
204.573988906218 468.515279757989 844 1573758068536
207.809518518106 470.863588124152 844 1573758068551
211.251905506971 472.900736086106 844 1573758068551
214.704930009721 474.919758527865 844 1573758068573
218.162052652076 476.931798049276 844 1573758068573
221.552803123731 479.053518492042 844 1573758068588
224.576291125095 481.617228875397 843 1573758068611
227.936847726948 483.786712529574 843 1573758068611
231.025685267853 486.308364208704 844 1573758068626
234.331818432505 488.557124167338 844 1573758068641
237.519707453932 490.970577901878 844 1573758068656
240.56926761501 493.553581379623 844 1573758068686
243.738326170929 495.994291905097 844 1573758068686
247.003075549644 498.29039392653 844 1573758068709
END STROKE
127.66865732367 411.622927370824 841 1573758068303
130.729361444699 414.198211876179 841 1573758068303
133.95603658546 416.545531394266 841 1573758068318
137.346896430843 418.667339469697 841 1573758068318
140.434758701672 421.206102500271 842 1573758068341
143.500050757651 423.775924402961 842 1573758068341
146.611897177361 426.288781540731 842 1573758068363
149.74061016963 428.781000434008 842 1573758068363
152.869323161898 431.273219327286 842 1573758068363
156.100871473199 433.6302753702 843 1573758068386
159.337348056104 435.980853879484 843 1573758068386
162.576624883563 438.326636749103 843 1573758068393
166.067984877396 440.258499450279 843 1573758068408
169.330295938558 442.569994913727 843 1573758068438
172.549425913501 444.944274215837 843 1573758068438
175.765959303494 447.321711513283 843 1573758068446
178.758244396655 449.971973894029 844 1573758068461
181.973030880411 452.3521310031 844 1573758068461
185.25693449942 454.628821520743 844 1573758068483
188.686627076209 456.687269681063 844 1573758068483
192.116319652997 458.745717841382 844 1573758068483
END STROKE
-57.8097317743842 272.929050566563 828 1573758067785
-54.5732551914795 275.279629075848 828 1573758067785
-51.3367786085748 277.630207585132 828 1573758067785
-48.128889074077 280.015814964976 829 1573758067792
-45.0844122933171 282.596751036354 829 1573758067807
-41.7538541427066 284.812012286275 829 1573758067807
-38.423295992096 287.027273536196 829 1573758067807
-35.1185298518004 289.280297286477 830 1573758067823
-31.8434222942388 291.57674464847 830 1573758067823
-28.5683147366772 293.873192010462 830 1573758067823
-25.281183466568 296.152384031545 833 1573758067860
-21.9926456102457 298.429557447764 833 1573758067860
-18.7041077539234 300.706730863983 833 1573758067860
-15.415569897601 302.983904280202 833 1573758067860
-12.1270320412787 305.261077696421 833 1573758067860
-8.83849418495636 307.538251112641 833 1573758067860
-5.57967438773508 309.857706198928 834 1573758067890
-2.32332059983335 312.180669824993 834 1573758067890
0.933033188068372 314.503633451057 834 1573758067890
4.18938697597009 316.826597077122 834 1573758067890
7.56025745744204 318.973621265259 834 1573758067913
11.002639437451 321.010777691189 834 1573758067913
14.44502141746 323.04793411712 834 1573758067913
17.7018455862495 325.365749696892 834 1573758067943
20.9245300034675 327.735202196315 834 1573758067943
24.1472144206855 330.104654695737 834 1573758067943
27.3698988379035 332.47410719516 834 1573758067943
30.5411674005027 334.909822811942 834 1573758067973
33.6368211549023 337.442988387436 834 1573758067973
36.7324749093019 339.976153962931 834 1573758067973
39.8281286637015 342.509319538426 834 1573758067973
43.1427803322464 344.726596881273 837 1573758068003
END STROKE
59.0734237700771 356.723251350378 837 1573758068048
62.2081281055442 359.207930148372 837 1573758068048
END STROKE
65.3299662451205 361.708728751547 838 1573758068078
68.4477823927762 364.214566429733 838 1573758068078
71.565598540432 366.72040410792 838 1573758068078
74.6658648573091 369.247882168674 838 1573758068093
77.7610165922764 371.781659390282 839 1573758068108
80.8493594058387 374.323733084319 839 1573758068108
83.9528275827805 376.846978713157 838 1573758068115
87.0553357294951 379.371134350255 837 1573758068138
90.131104462882 381.928407643965 837 1573758068138
93.4753899165675 384.091276950035 839 1573758068145
96.5253255656384 386.653585763783 840 1573758068160
99.6919691572971 389.090678432182 839 1573758068175
102.845157546641 391.517711957424 840 1573758068190
105.834717393819 394.119799263309 840 1573758068213
108.933076953354 396.64940352551 840 1573758068228
112.081118671049 399.117162294849 840 1573758068228
115.302923296707 401.487538167165 840 1573758068258
118.531119375466 403.849475947269 840 1573758068258
121.600861094906 406.409735256378 841 1573758068281
124.617100341317 409.036958278584 841 1573758068281
END STROKE
-139.52931321859 793.157063880154 809 1573758063231
-136.223831112377 790.90455682234 809 1573758063231
-132.951205106626 788.61219732616 808 1573758063239
-130.109727690481 785.79688098629 808 1573758063239
-126.759883973656 783.631005629487 810 1573758063246
-123.584152359031 781.217259131513 811 1573758063254
-120.418333905757 778.786114736402 811 1573758063276
-117.049548334975 776.629431222743 811 1573758063276
-113.680762764193 774.472747709083 811 1573758063276
-110.311977193411 772.316064195423 811 1573758063276
-106.939674087398 770.164924745532 813 1573758063299
-103.55343224811 768.035754436269 813 1573758063299
-100.167190408821 765.906584127005 813 1573758063299
-96.7809485695319 763.777413817741 813 1573758063299
-93.4704979000931 761.544877782596 813 1573758063306
-90.4216187757109 758.955604509088 813 1573758063306
-87.0985017947579 756.732389515337 828 1573758063329
-83.756759346265 754.534036175234 828 1573758063329
-80.4150168977721 752.335682835131 828 1573758063329
-77.0732744492792 750.137329495028 828 1573758063329
-73.7462243552492 747.917652242423 829 1573758063351
-70.5017877387472 745.578072997879 829 1573758063351
-67.2573511222452 743.238493753335 829 1573758063351
-64.0129145057432 740.898914508791 829 1573758063351
-60.7684778892412 738.559335264247 829 1573758063351
-57.374642636207 736.451809591683 829 1573758063359
-53.9996507431022 734.317919167538 829 1573758063389
-50.797014997263 731.921437521568 829 1573758063389
-47.5943792514239 729.524955875597 829 1573758063389
-44.3917435055848 727.128474229627 829 1573758063389
-41.1891077597457 724.731992583656 829 1573758063389
-37.9145237639694 722.437650846204 830 1573758063404
-34.5795770220644 720.229001886171 830 1573758063404
-31.2736331311906 717.98164508308 828 1573758063411
-28.2171511076913 715.401350983558 828 1573758063411
-24.7696024231211 713.38432310752 828 1573758063419
-21.7455775226629 710.784674369289 827 1573758063426
-18.502327540786 708.473337949766 828 1573758063449
-15.087073292432 706.391022311083 828 1573758063449
-11.6718190440779 704.308706672402 828 1573758063449
-8.37255448898087 702.059482718378 828 1573758063472
-5.23008324503473 699.584634343029 828 1573758063472
-2.0876120010886 697.109785967679 828 1573758063472
1.10546773701032 694.70655513412 830 1573758063494
4.48757090003116 692.570816808696 830 1573758063494
7.86967406305199 690.435078483272 830 1573758063494
11.2517772260728 688.299340157849 830 1573758063494
14.7887727429325 686.441465942084 828 1573758063502
18.2676189808637 684.478800005271 829 1573758063517
21.6538608201537 682.349629696009 829 1573758063517
25.0401026594438 680.220459386747 829 1573758063517
28.4279025329349 678.093769206963 833 1573758063569
31.8158652076121 675.967338179397 833 1573758063569
35.2038278822892 673.840907151831 833 1573758063569
38.5917905569664 671.714476124265 833 1573758063569
41.9797532316435 669.588045096699 833 1573758063569
45.3677159063207 667.461614069134 833 1573758063569
48.7556785809978 665.335183041568 833 1573758063569
52.1436412556749 663.208752014002 833 1573758063569
55.6266558700931 661.253388895113 834 1573758063577
END STROKE
65.7036205186159 654.784619556035 834 1573758063614
68.9891739015815 652.503142190887 834 1573758063614
72.2747272845471 650.221664825739 834 1573758063614
75.5691034889809 647.95297127073 835 1573758063629
78.8676842406396 645.690369886308 835 1573758063629
82.1233227269757 643.366433290017 835 1573758063652
85.3779137653987 641.041000604985 835 1573758063652
88.6420827675258 638.729248323401 835 1573758063667
91.9406674333852 636.46665264539 835 1573758063667
95.2137228182438 634.16917827013 835 1573758063704
98.3676229741097 631.708911250713 835 1573758063704
101.521523129976 629.248644231297 835 1573758063704
104.675423285841 626.78837721188 835 1573758063704
107.829323441707 624.328110192463 835 1573758063704
110.983223597573 621.867843173047 835 1573758063704
114.150589929799 619.425648315106 836 1573758063727
117.410077564671 617.107084026993 836 1573758063727
120.669565199544 614.78851973888 836 1573758063727
123.929052834416 612.469955450766 836 1573758063727
127.238774259682 610.229299610515 835 1573758063734
130.589663838152 608.059559524629 835 1573758063764
133.753069948248 605.611527298001 835 1573758063764
136.916476058344 603.163495071374 835 1573758063764
140.07988216844 600.715462844747 835 1573758063764
143.448592885936 598.561882666809 836 1573758063794
146.839419943978 596.440022194852 836 1573758063794
150.230247002019 594.318161722895 836 1573758063794
153.6571311554 592.255411117728 837 1573758063809
157.10224071349 590.223180882094 836 1573758063824
160.593892039127 588.271676072933 836 1573758063824
163.718125970771 585.811166997477 836 1573758063832
166.924502525015 583.437124606558 836 1573758063855
169.944491358589 580.820330551031 836 1573758063870
172.812439287759 578.03461553052 835 1573758063885
176.02304929765 575.648827743565 835 1573758063885
179.314742594119 573.378557264131 836 1573758063907
182.649696023355 571.169918401657 836 1573758063907
185.990731216576 568.970594626015 836 1573758063930
189.354311217484 566.805801430929 836 1573758063930
192.717891218392 564.641008235844 836 1573758063930
195.840693224077 562.142781769848 837 1573758063945
198.910918691963 559.580001979353 837 1573758063960
201.924201579257 556.949388697029 837 1573758063960
205.064947220986 554.487079231208 836 1573758063975
208.413728919286 552.299463831479 836 1573758063975
211.5160830503 549.794155696049 836 1573758063990
214.56634684547 547.209797173498 836 1573758063997
217.73531217083 544.801079687092 836 1573758064020
221.019798915266 542.565361282794 836 1573758064072
223.591347752479 539.527649888134 836 1573758064102
226.619388985994 536.966588435439 836 1573758064117
229.901876592281 534.681175153226 837 1573758064140
233.139780385105 532.332563003804 837 1573758064140
236.377684177929 529.983950854381 837 1573758064140
239.653236782724 527.688441614339 837 1573758064162
242.941161393304 525.410382845312 837 1573758064162
246.229086003884 523.132324076284 837 1573758064162
249.663854043222 521.100079863521 836 1573758064192
252.745625211142 518.550043301316 836 1573758064192
255.7981377699 515.966378649615 836 1573758064200
END STROKE
-186.94688775088 829.837529674478 750 1573758063104
-183.834041438116 827.325520949749 750 1573758063104
-180.814852559827 824.704527035023 749 1573758063126
-177.789189954305 822.091294921663 782 1573758063164
-174.669648734459 819.58760512904 782 1573758063164
-171.550107514613 817.083915336417 782 1573758063164
-168.430566294767 814.580225543795 782 1573758063164
-165.313625040696 812.073394814607 787 1573758063171
-162.271266465603 809.476463105733 787 1573758063171
-159.116750103295 807.020535331889 789 1573758063186
-155.901958450332 804.640385204682 789 1573758063186
-152.659749002586 802.297823451482 806 1573758063201
-149.411430214559 799.96363728681 806 1573758063201
-146.140277431017 797.662077995782 809 1573758063231
-142.834795324804 795.409570937968 809 1573758063231
END STROKE
278.353774204883 499.408880503933 840 1573758064283
281.57585215573 497.038603372738 840 1573758064283
284.797930106577 494.668326241542 840 1573758064283
287.929543572411 492.181492086871 838 1573758064298
291.025198793133 489.648328303296 838 1573758064298
294.06500972926 487.061062390127 838 1573758064320
297.3906492964 484.838423987356 838 1573758064320
300.703728260856 482.599397275636 839 1573758064335
303.714325462976 479.965710793424 839 1573758064335
306.724922665097 477.332024311213 839 1573758064335
310.022368315178 475.073460312477 838 1573758064343
313.040191301381 472.449620375563 839 1573758064358
316.048317700879 469.813112161155 839 1573758064358
319.228273288322 467.392375749506 839 1573758064380
322.471279621287 465.050814320811 839 1573758064380
325.714285954251 462.709252892116 839 1573758064380
328.981987749148 460.402779168786 839 1573758064395
332.28059478203 458.140216099473 839 1573758064395
335.534654749908 455.815888379735 840 1573758064418
338.722697543811 453.400027633698 840 1573758064418
341.910740337714 450.98416688766 840 1573758064418
345.022482040849 448.476725934482 839 1573758064433
347.974179517851 445.777192270262 839 1573758064433
END STROKE
350.982977506557 443.1464841402 840 1573758064463
354.181048995586 440.743914942224 840 1573758064463
357.379120484615 438.341345744249 840 1573758064463
360.577191973644 435.938776546274 840 1573758064463
363.775263462673 433.536207348299 840 1573758064463
367.007614504688 431.181529808311 840 1573758064493
370.313100531074 428.929028503236 840 1573758064493
373.61858655746 426.67652719816 840 1573758064493
376.924072583846 424.424025893085 840 1573758064493
380.229558610232 422.171524588009 840 1573758064493
383.713674092335 420.206877997127 841 1573758064508
387.199506440013 418.244998071169 841 1573758064508
390.359638487622 415.800609862023 841 1573758064523
393.570604946526 413.420699064519 841 1573758064538
396.884468806361 411.180541409692 841 1573758064538
400.208542101205 408.955632972557 841 1573758064560
403.542291447634 406.745177070445 841 1573758064560
406.876040794063 404.534721168333 841 1573758064560
410.153562275288 402.252286038574 841 1573758064590
413.10525975229 399.552752374354 841 1573758064590
416.056957229293 396.853218710133 841 1573758064590
418.953665845465 394.103311050102 841 1573758064605
421.518965361495 391.046685361308 842 1573758064620
424.400602072624 388.272488204458 842 1573758064620
427.43194608312 385.675436433392 842 1573758064658
430.647737568884 383.296637341393 842 1573758064658
433.863529054647 380.917838249395 842 1573758064658
437.079320540411 378.539039157397 842 1573758064658
440.295112026174 376.160240065399 842 1573758064658
443.510903511938 373.781440973401 842 1573758064658
446.751240891304 371.436538487585 842 1573758064681
450.014645916185 369.123491223999 842 1573758064681
453.278050941066 366.810443960414 842 1573758064681
456.531906444662 364.484639065398 845 1573758064726
459.670846336125 362.005313278459 845 1573758064726
462.809786227588 359.525987491519 845 1573758064726
465.948726119051 357.04666170458 845 1573758064726
469.087666010514 354.56733591764 845 1573758064726
472.226605901977 352.088010130701 845 1573758064726
475.411363983305 349.67389960244 846 1573758064741
478.808079983828 347.56147909227 846 1573758064741
482.172758514539 345.403961406973 847 1573758064748
485.285591053135 342.891935613583 847 1573758064748
488.517041946841 340.540568476029 847 1573758064763
491.834144959623 338.305209980711 847 1573758064763
495.151247972405 336.069851485393 847 1573758064763
498.412539923476 333.757215882305 847 1573758064801
501.5774537005 331.311133139631 847 1573758064801
END STROKE
276.24515155948 519.032739720025 846 1573758068836
279.445232908885 521.432631250321 846 1573758068836
282.645314258291 523.832522780617 846 1573758068836
285.845395607696 526.232414310913 846 1573758068836
289.09757987667 528.558877349858 846 1573758068866
292.419611340333 530.786904942691 846 1573758068866
295.741642803997 533.014932535524 846 1573758068866
299.063674267661 535.242960128358 846 1573758068866
302.153524671775 537.766595052012 846 1573758068874
305.42184264619 540.063924493594 846 1573758068889
308.577256383025 542.486480957292 846 1573758068896
311.66595667193 545.003743599924 846 1573758068904
315.155936605348 546.948936459213 846 1573758068911
318.300948172573 549.411542460152 846 1573758068926
321.41064245877 551.927452125938 846 1573758068926
324.64139556394 554.279232449403 846 1573758068941
327.963432984823 556.507251159885 846 1573758068941
331.28077909875 558.741862692749 847 1573758068979
334.474450057702 561.150278314262 847 1573758068979
337.668121016654 563.558693935774 847 1573758068979
340.861791975607 565.967109557287 847 1573758068979
344.055462934559 568.375525178799 847 1573758068979
347.247289516544 570.78632220335 846 1573758069002
350.377972277829 573.276066256098 846 1573758069002
353.508655039114 575.765810308846 846 1573758069002
END STROKE
511.072195031572 323.972884911611 847 1573758064801
514.237108808596 321.526802168938 847 1573758064801
517.39756122391 319.075091552776 847 1573758064808
520.307416986819 316.367911496394 847 1573758064816
523.146031915785 313.598334252706 848 1573758064831
526.253934526795 311.091462705882 847 1573758064876
529.410054972554 308.634044603104 847 1573758064876
532.566175418313 306.176626500326 847 1573758064876
535.722295864072 303.719208397548 847 1573758064876
538.878416309831 301.261790294769 847 1573758064876
542.03453675559 298.804372191991 847 1573758064876
545.156352384946 296.304649362789 847 1573758064891
548.107126272413 293.625913063761 848 1573758064898
550.980713612668 290.888141136082 845 1573758064906
553.683908998511 287.942731844342 848 1573758064936
556.367755279574 284.976763344911 848 1573758064936
559.198921079792 282.160762435842 847 1573758064951
562.212227640992 279.530176271462 847 1573758064951
565.339293776063 277.046329489409 847 1573758064958
568.270978571595 274.348505258494 847 1573758064966
571.355538403134 271.866700762323 847 1573758064981
574.440915975404 269.375321123126 847 1573758064996
577.469593833773 266.791086153928 848 1573758065003
580.730099180024 264.474730001484 847 1573758065018
584.011926083297 262.18789546944 847 1573758065018
586.862003676473 259.390107751827 847 1573758065049
589.855940167024 256.737496907669 847 1573758065049
592.849876657575 254.08488606351 847 1573758065049
595.912862366777 251.5206727276 847 1573758065056
599.139980192347 249.168054731075 847 1573758065064
602.091716808545 246.46856386279 847 1573758065071
605.059932956579 243.787463842124 847 1573758065094
608.065776621966 241.148353412594 847 1573758065094
611.071620287352 238.509242983064 847 1573758065094
614.087565053163 235.881683220579 847 1573758065116
617.096772363312 233.247413338226 847 1573758065124
620.067394144186 230.600506040732 847 1573758065131
623.217358233366 228.136087205643 847 1573758065161
626.336205165161 225.631532591339 847 1573758065161
629.455052096956 223.126977977035 847 1573758065161
632.573899028751 220.622423362731 847 1573758065161
635.599112293798 218.007744386371 847 1573758065184
638.549973238887 215.313499102278 847 1573758065199
641.476586633913 212.591750232462 847 1573758065221
644.546913916101 210.027946343658 847 1573758065221
647.653004020493 207.509368764532 847 1573758065229
650.855616116277 205.112855513369 847 1573758065304
654.0582558487 202.716379195042 847 1573758065304
657.260895581123 200.319902876714 847 1573758065304
660.463535313546 197.923426558386 847 1573758065304
663.335378431572 195.204348216085 847 1573758065326
666.220160822674 192.437077870639 847 1573758065341
669.171858299675 189.737544206418 847 1573758065341
672.451224218789 187.455194632299 847 1573758065356
675.773252703843 185.227162598308 847 1573758065356
679.043229206213 182.926611608967 846 1573758065402
682.217058052413 180.492107459242 846 1573758065402
END STROKE
===NOTES===
Great Job
