1.00
USERID - 01/01/2000 01:00:00 AM - F - HS - EN - N/A
10/25/2019 13:4:16:43
10/25/2019 13:6:25:504
319.358830209937 514.056340428267 648 1572026766735
322.353975923054 516.707067348647 646 1572026766758
325.330299341816 519.378022207074 648 1572026766795
328.171787944487 522.193327256424 648 1572026766795
331.157823111004 524.81610502754 648 1572026766810
334.229191369117 527.373196056609 649 1572026766833
337.225564164554 530.004477588775 649 1572026766856
340.637263017393 532.037908790772 649 1572026766878
344.107535372687 533.937675517921 649 1572026766901
347.137206233476 536.418059183107 651 1572026766916
350.614231997896 538.278017931299 653 1572026766946
353.955291813833 540.465889978478 655 1572026766953
357.292885610648 542.65560401724 657 1572026766976
360.714931366899 544.669335174997 658 1572026766991
364.176739254103 546.663996644543 658 1572026767006
367.470689637038 548.931337170904 665 1572026767028
370.7805160569 551.175984058417 666 1572026767051
END STROKE
374.144122796667 553.340735707035 666 1572026767051
377.106603854994 556.026266984719 664 1572026767073
380.139714876415 558.599558299142 666 1572026767088
383.401645610788 560.892447367789 667 1572026767118
386.762202212642 563.061931021965 667 1572026767118
390.248395269839 564.993299737633 672 1572026767141
393.654603989403 567.06352359322 671 1572026767171
396.942534763739 569.341573466066 671 1572026767171
400.530811083567 571.091886587987 671 1572026767193
404.070160355915 572.949322731142 671 1572026767223
407.561811681552 574.900827540303 671 1572026767223
411.01301943333 576.922641524548 670 1572026767239
414.35095949125 579.126144330983 673 1572026767269
417.719781834024 581.275316320584 671 1572026767291
421.267996535129 583.106218806798 673 1572026767299
424.457776026693 585.494970076917 674 1572026767321
END STROKE
434.779840431283 591.354728506746 675 1572026767374
438.255133896837 593.281780159676 673 1572026767389
441.590888642269 595.417791562538 673 1572026767411
444.423853152799 598.162673414667 673 1572026767449
447.745890573683 600.390692125148 673 1572026767449
451.115119512477 602.545661852287 676 1572026767471
454.610047973365 604.464007161048 675 1572026767486
458.038536291087 606.452932529908 674 1572026767501
461.338067141794 608.669496663245 675 1572026767524
464.525579076574 611.07495780855 675 1572026767539
467.959633576324 613.118416201226 675 1572026767561
471.291440921076 615.313187633306 675 1572026767584
474.774610588033 617.249507911726 675 1572026767599
478.335198456993 619.010020282312 675 1572026767621
481.713228375024 621.038239910635 677 1572026767652
485.296355766721 622.815776608826 677 1572026767674
488.934186431244 624.467703473046 676 1572026767704
END STROKE
492.560080933593 626.136314347064 677 1572026767719
496.224908804698 627.715171914247 676 1572026767757
500.043906998689 628.870094408573 676 1572026767772
503.711352021387 630.428466426182 675 1572026767787
507.136016287787 632.428478477446 675 1572026767809
510.622940480973 634.332590296855 676 1572026767839
514.181996279831 636.125229202006 676 1572026767862
517.827727545819 637.724822736207 674 1572026767884
521.709829821874 638.668405265944 675 1572026767899
525.331065463862 640.321367188834 675 1572026767922
528.864356848726 642.177424604736 674 1572026767959
532.303194554546 644.208719091377 675 1572026767974
535.998533884927 645.717988614102 675 1572026768004
539.564841230498 647.51579486727 674 1572026768019
543.029879787582 649.455969726843 674 1572026768035
END STROKE
546.625970403452 650.944398219516 675 1572026768065
550.082640891996 652.950043249655 675 1572026768087
553.669945312483 654.642380318295 674 1572026768110
557.413786067271 656.036773925366 675 1572026768132
560.98591235424 657.824432046475 676 1572026768155
564.578634844142 659.581640922004 675 1572026768185
568.211396012636 661.240713239503 675 1572026768215
571.81256210369 662.965783164871 675 1572026768230
575.154966268165 665.087976143799 675 1572026768275
578.519372746865 667.251431010606 674 1572026768282
581.885323280544 669.372822845994 675 1572026768305
585.535392010575 670.829173705866 663 1572026768350
589.04658849279 672.742132058984 673 1572026768357
592.634527452299 674.38284254538 676 1572026768395
596.167373605023 676.219836522189 676 1572026768417
599.997076527833 677.319754827166 674 1572026768440
603.659335085123 678.877913352441 676 1572026768470
606.962109116953 680.606033437418 675 1572026768493
610.267370899419 682.51817111347 674 1572026768538
613.941237067267 684.100073535875 675 1572026768568
617.627029407217 685.650627629474 675 1572026768575
621.098280956035 687.152476784403 675 1572026768613
624.937635444247 688.219525112079 675 1572026768643
628.724556608876 689.446300805387 674 1572026768680
END STROKE
-217.19170898795 715.403607915941 281 1572026779340
-214.524750805632 714.1579521406 566 1572026779452
-211.147583220393 712.030884385827 574 1572026779497
-207.905626347603 709.704070185278 585 1572026779519
-204.698082738185 707.32680031122 617 1572026779534
-201.389578951489 705.078771381864 624 1572026779549
-198.103242796207 702.799179391939 627 1572026779572
-194.857992516094 700.460728917923 627 1572026779572
-191.515060622286 698.269450359257 632 1572026779602
-188.09979520858 696.187153033238 632 1572026779602
-184.696596858662 694.085659257724 634 1572026779617
-181.33951752929 691.910798715917 634 1572026779617
-178.356591772081 689.25167808964 634 1572026779632
-175.176645794682 686.836623717528 637 1572026779654
-171.896086575097 684.54829795058 638 1572026779692
-168.530266697528 682.386988960232 638 1572026779692
-165.164446819959 680.225679969883 638 1572026779692
-161.888634575786 677.934659149597 641 1572026779699
-158.407685523971 675.985707443893 644 1572026779722
-155.109090872857 673.723126323218 644 1572026779722
-151.990957349553 671.22333388089 649 1572026779737
-148.854203926642 668.749106714491 652 1572026779745
-145.519338364011 666.540468077258 653 1572026779760
-142.170549842645 664.352863122252 653 1572026779760
-138.870847927075 662.091936307373 653 1572026779775
-135.468264293812 659.993390866596 654 1572026779797
-132.014597669944 657.975424848255 654 1572026779797
-128.695916374445 655.745982086735 656 1572026779812
-125.554690883447 653.283664832422 655 1572026779827
-122.569131870037 650.627245378283 658 1572026779857
-119.24709603778 648.39922429912 658 1572026779857
-115.925060205522 646.171203219957 658 1572026779857
-112.688382644473 643.836651052995 659 1572026779872
-109.444088002802 641.549634620188 658 1572026779910
-106.00875647936 639.500611115187 658 1572026779910
-102.573424955918 637.451587610186 658 1572026779910
-99.754650236314 634.703518033696 660 1572026779917
-96.3025326178182 632.854642735174 661 1572026779932
-93.0367015427604 630.553206596598 663 1572026779947
-89.6692254865214 628.395510825743 661 1572026779970
-86.2539811142143 626.313178989214 661 1572026779970
-82.7911428389921 624.312339807848 665 1572026779992
-79.2994815059055 622.360852904221 665 1572026779992
-75.8457877776168 620.34336116054 666 1572026780015
-72.403400788753 618.306213198584 666 1572026780015
-68.9880370798256 616.224079683185 665 1572026780030
-65.6142108958923 614.07546331051 665 1572026780045
-62.1000294766894 612.169501493449 666 1572026780060
-58.7308037299769 610.022116819671 665 1572026780075
-55.255460481627 608.06914782851 666 1572026780097
-51.8610166298502 605.954136864576 665 1572026780112
-48.1962611955432 604.35114977582 665 1572026780112
-44.6780976803145 602.491142461374 664 1572026780127
-41.1970463029058 600.526218168452 670 1572026780150
-37.8359188715741 598.371149282619 668 1572026780165
-34.5581941346364 596.09119624878 669 1572026780180
-31.0325776813786 594.210498878177 669 1572026780188
-27.3818094248135 592.627986342075 670 1572026780210
-23.8325731014783 590.806816044655 671 1572026780240
-20.3923801390645 588.76596514825 671 1572026780240
-17.0645626767103 586.561956914759 670 1572026780255
-13.7244806000919 584.366031267776 669 1572026780278
-10.4184701441937 582.116982329942 668 1572026780293
-6.93661998598831 580.148111535927 670 1572026780330
-3.39467293801019 578.289453119402 670 1572026780330
0.147274109967926 576.430794702877 670 1572026780330
3.68922115794606 574.572136286352 670 1572026780330
7.1847726760996 572.627830767138 669 1572026780360
10.6764336088545 570.676343147225 669 1572026780360
14.1607743650956 568.712140537311 670 1572026780390
17.6016679179276 566.672471064559 670 1572026780390
21.0425614707597 564.632801591806 670 1572026780390
END STROKE
374.317074949046 353.318432987511 752 1572026752903
377.538938145433 350.97297120451 752 1572026752918
380.700919107661 348.550851862067 752 1572026752940
384.179519883306 346.576178055161 752 1572026752940
387.562185434598 344.443182003167 753 1572026752955
391.025730416622 342.473199788676 754 1572026752978
394.28694523117 340.157260172829 754 1572026752993
397.523653700781 337.807034329328 741 1572026753000
400.779041436616 335.482787234277 753 1572026753023
404.171073980565 333.389137388317 754 1572026753038
407.714085486687 331.542275071063 756 1572026753053
411.068863500091 329.368236524674 755 1572026753060
414.406790207808 327.181906682518 755 1572026753083
417.829866318977 325.144505433941 757 1572026753098
420.96665353898 322.667245522475 761 1572026753128
424.306111106194 320.465422832797 761 1572026753128
427.645568673407 318.263600143119 761 1572026753128
431.114955364802 316.293171551667 760 1572026753143
434.476089298451 314.156823166688 763 1572026753165
437.744515652407 311.850876686658 763 1572026753165
441.427567800054 310.330693793937 764 1572026753180
444.721798227303 308.191453201831 763 1572026753188
447.969737134254 305.862067419954 761 1572026753226
451.250429840228 303.573606065907 761 1572026753226
454.531122546202 301.285144711859 761 1572026753226
457.870803994226 299.084924873284 762 1572026753248
461.242835334589 296.933435479553 762 1572026753263
464.658085056418 294.851112416831 762 1572026753263
468.064213201978 292.788598309617 761 1572026753301
471.212235874799 290.320815245528 761 1572026753301
474.510482608414 288.075308401101 762 1572026753331
477.974176411592 286.07460221632 762 1572026753331
481.493460838725 284.226705093236 762 1572026753346
484.536492672509 281.650316657172 761 1572026753368
487.834815976713 279.400955470808 761 1572026753376
491.127619590923 277.130837941291 761 1572026753398
494.506455827455 275.001903676574 761 1572026753406
END STROKE
504.274891804306 268.048678489545 761 1572026753458
507.55678901517 265.763952164895 762 1572026753473
510.845654363713 263.489994273478 761 1572026753488
514.047191723559 261.123119079449 760 1572026753503
517.300200651763 258.811146022995 761 1572026753526
520.715450373593 256.728822960275 761 1572026753526
523.933932773154 254.65083297443 762 1572026753556
527.162117043898 252.288879055718 762 1572026753556
530.811928320387 250.737934908637 760 1572026753578
534.175261025625 248.588517344016 761 1572026753594
537.654070104041 246.670594639433 762 1572026753609
541.164681730257 244.797998962139 762 1572026753624
544.437403699009 242.523972426561 760 1572026753646
547.874883139885 240.500075722811 761 1572026753661
551.239009300607 238.362071284322 761 1572026753676
554.374973331282 235.903790278148 760 1572026753699
557.573546545982 233.631971357569 759 1572026753721
560.874889292789 231.416892468688 760 1572026753736
564.212334474546 229.222341415935 760 1572026753759
567.668402909714 227.210537389765 761 1572026753766
571.012260544337 225.268618974025 760 1572026753811
574.49810519509 223.306760908106 760 1572026753811
577.808696748014 221.073642766901 760 1572026753834
581.260643899293 219.071669494888 761 1572026753856
584.733944283801 217.112826226991 761 1572026753879
588.368778291952 215.447411227471 759 1572026753886
591.719642893956 213.297166198812 761 1572026753909
594.926976060152 210.949206686378 760 1572026753939
598.267728788643 208.749349598503 760 1572026753939
601.814539496887 206.905393866861 759 1572026753961
605.232766115865 204.880794713807 760 1572026753992
608.792994772044 203.057399003676 760 1572026753992
611.913507549735 200.570692592437 758 1572026754022
615.279020968569 198.412975638755 755 1572026754052
618.413727670033 195.928299825737 755 1572026754052
621.676740389078 193.633298171516 758 1572026754059
624.84694408752 191.237611249597 758 1572026754097
627.909355572091 188.684359516318 759 1572026754127
630.582740085159 185.857621341751 758 1572026754209
633.693314800232 183.492787338639 756 1572026754254
637.04207739358 181.305142693504 756 1572026754254
640.592803974818 179.487363267293 757 1572026754284
644.220468310197 177.80946682408 758 1572026754299
647.188184583127 175.225885323738 759 1572026754359
650.232885804169 172.679379825102 759 1572026754397
653.661025589088 170.665971326395 759 1572026754427
END STROKE
244.070368381565 449.471681897584 497 1572026766255
246.968433431982 452.228293367856 538 1572026766292
250.117868640524 454.6689176883 539 1572026766315
253.645135851049 456.520759182214 554 1572026766337
256.908959816041 458.748891026755 568 1572026766360
259.903818863117 461.390344027351 568 1572026766375
262.983157726647 463.927226207756 571 1572026766397
265.756374580827 466.789759251808 577 1572026766420
268.444915914392 469.731608196979 581 1572026766442
271.266450648098 472.547145691733 580 1572026766458
274.115219512153 475.336606668385 594 1572026766488
277.238027874024 477.834152479199 596 1572026766510
280.189700609349 480.533713195803 596 1572026766518
282.778123292705 483.549696632039 625 1572026766533
285.245181380976 486.654647865735 624 1572026766555
288.258996150888 489.267101801658 623 1572026766570
291.567414459266 491.483531795187 630 1572026766593
294.798267659635 493.792644316509 635 1572026766608
298.067262445361 496.093597878658 635 1572026766623
300.620269250974 499.149537256181 635 1572026766638
303.668933562849 501.676324595026 642 1572026766683
306.698216272376 504.288497304814 642 1572026766683
309.727498981904 506.900670014601 642 1572026766683
312.933234679393 509.291898989877 648 1572026766705
316.150610956821 511.668554179101 647 1572026766728
END STROKE
69.0397678109984 355.783147233215 630 1572026784753
72.7015034358204 357.392568237779 631 1572026784775
76.3560935526526 359.018597474279 631 1572026784775
80.0078178283015 360.650523297353 634 1572026784805
83.679978552912 362.236472733063 634 1572026784805
87.2923723685105 363.950969045728 638 1572026784820
90.8475343106535 365.773617707063 636 1572026784835
94.4669398137464 367.454123510219 637 1572026784851
98.068865620393 369.160334412719 640 1572026784866
101.623113537724 370.983468116142 646 1572026784888
105.271644092179 372.62057449314 644 1572026784896
108.95535743182 374.172038869838 647 1572026784911
112.451497122361 376.09514169487 647 1572026784918
115.957267056074 378.021038059539 650 1572026784941
119.491914574997 379.891787636501 651 1572026784956
123.237932348856 381.234987339992 650 1572026784971
126.904523281642 382.825035654431 652 1572026785008
130.64411786114 384.244694902628 652 1572026785008
134.383712440638 385.664354150825 652 1572026785008
138.133781303172 387.022023922576 653 1572026785023
141.880963136535 388.37466934301 652 1572026785038
145.653637744574 389.654683539665 651 1572026785061
149.355221542249 391.167572506646 652 1572026785076
152.970078948527 392.876526789119 651 1572026785091
156.520079522738 394.701630646511 651 1572026785106
160.309081919206 395.982373082338 651 1572026785128
164.043819893427 397.414759993724 651 1572026785128
167.719372306782 398.988191799874 652 1572026785151
171.386683500663 400.585323168059 652 1572026785151
174.938596638202 402.419252360109 651 1572026785188
END STROKE
-51.9569247066816 303.355558746329 610 1572026784385
-48.2461136010007 304.848837333182 610 1572026784385
-44.6986337555263 306.685987311835 610 1572026784407
-41.0378479145786 308.298019267696 610 1572026784407
-37.4202455563089 310.004508135679 611 1572026784422
-33.7645545437748 311.625808250048 612 1572026784430
-30.1634520685618 313.324422583244 613 1572026784445
-26.4988787950746 314.860460453042 613 1572026784483
-22.8731022952315 316.549763496662 613 1572026784483
-19.2473257953883 318.239066540283 613 1572026784483
-15.5730782419063 319.812543987969 613 1572026784498
-11.8360487609819 321.23626881304 614 1572026784505
-8.14740741369192 322.778061911016 615 1572026784513
END STROKE
-154.057930678275 248.945007128631 608 1572026783987
-150.972015419619 251.46558597811 609 1572026784017
-147.381115797058 253.227811815139 609 1572026784017
-143.802198207355 255.012165877326 608 1572026784047
-140.363862196628 257.056143733698 608 1572026784047
-136.925526185901 259.100121590069 608 1572026784047
-133.575732630683 261.286112872959 595 1572026784062
-130.041966373791 263.146068421818 604 1572026784085
-126.556516387283 265.107808404463 606 1572026784115
-123.035951549231 267.006656271215 606 1572026784115
-119.552286670515 268.970196299566 606 1572026784145
-116.125764915334 271.033918340266 606 1572026784145
-112.679780218109 273.063803917729 605 1572026784152
-109.077388568621 274.79758444717 604 1572026784175
-105.448137737344 276.477519907362 603 1572026784182
-101.837573876978 278.182953995305 604 1572026784197
-98.2499129446627 279.934841245818 606 1572026784220
-94.7772101867692 281.91986909331 606 1572026784220
-91.3512259423714 283.984013380728 607 1572026784257
-87.935979489699 286.066341805234 607 1572026784257
-84.5207330370265 288.148670229741 607 1572026784257
-80.9278782218826 289.889564357282 610 1572026784280
-77.3915784270583 291.751656773574 611 1572026784287
-73.9053484198053 293.695307591576 608 1572026784317
-70.303038559824 295.434089830006 608 1572026784317
-66.6376389817544 297.024966196048 610 1572026784332
-62.9095463601303 298.468866643025 610 1572026784355
-59.3072365001505 300.207648881459 610 1572026784355
-55.6677358123624 301.862280159475 608 1572026784370
END STROKE
53.0956979836793 548.311622605521 672 1572026780488
56.6004713949939 546.394425797507 672 1572026780503
60.1411496043205 544.536531729162 672 1572026780533
63.7205046417045 542.750973688561 672 1572026780533
67.313037682356 540.99242196556 674 1572026780548
70.8677080938207 539.167523873827 674 1572026780563
74.270994709618 537.066248835195 673 1572026780578
77.6171120053621 534.874653576471 674 1572026780601
80.9156910794614 532.612049746386 674 1572026780601
84.2241956656224 530.364139994879 674 1572026780608
87.7914863162868 528.58131821734 674 1572026780646
91.4522721572334 526.969286261476 674 1572026780646
95.1096714988006 525.349870344721 674 1572026780661
98.7197487680707 523.627272855492 674 1572026780661
102.150168336891 521.57295672928 674 1572026780683
105.569926489466 519.498753485564 674 1572026780706
109.143309463008 517.701273548431 674 1572026780706
112.716908363978 515.904226607327 676 1572026780728
116.302669562924 514.131568539867 676 1572026780728
119.892410009511 512.36710272696 674 1572026780743
123.500945180339 510.641451657978 675 1572026780751
127.016139658072 508.733004057037 676 1572026780766
130.483948106296 506.741854731461 675 1572026780781
133.858955408179 504.594937318019 676 1572026780788
137.340456946775 502.625422317047 677 1572026780803
140.806099448334 500.628574133104 677 1572026780833
144.200271154809 498.512067949091 677 1572026780833
147.594442861284 496.395561765078 677 1572026780833
151.022216446276 494.334237614676 676 1572026780848
154.460562427865 492.290276531302 677 1572026780863
157.918891235219 490.311008203616 676 1572026780878
161.347262193673 488.342784145684 677 1572026780908
164.804392419574 486.330757654515 677 1572026780908
168.158856491204 484.163824478689 676 1572026780924
171.447409707508 481.89000650974 675 1572026780939
174.678832691461 479.541995856631 677 1572026780954
177.805961767385 477.066308187457 676 1572026780984
181.023356179077 474.689677547326 676 1572026780984
184.268297366373 472.363012133141 676 1572026781006
187.490278992726 470.005052077985 677 1572026781021
190.950032730107 468.017745982863 676 1572026781044
194.282442110665 465.85387194115 678 1572026781074
197.520865124571 463.543203454122 678 1572026781089
200.955762314376 461.494153200102 678 1572026781104
204.376649803302 459.450739320457 677 1572026781119
207.570227205226 457.086701529483 679 1572026781149
211.081541900867 455.205532515525 680 1572026781164
214.517025818898 453.183346541364 680 1572026781179
217.941823857969 451.359592243568 681 1572026781209
221.277228493296 449.44109298874 682 1572026781239
224.949406015661 447.86301321365 681 1572026781254
228.482151199671 445.996273233823 681 1572026781269
END STROKE
39.6993188274082 343.077397415944 627 1572026784663
43.3633291630703 344.678852677224 629 1572026784670
47.0476252178835 346.234364740984 629 1572026784685
50.708975951402 347.845111949697 628 1572026784700
54.3720594272242 349.45191076267 630 1572026784723
58.0408314188591 351.045683667884 630 1572026784723
61.7200431316208 352.613338582764 631 1572026784738
65.4765724543236 353.987561071182 631 1572026784738
END STROKE
-4.52329189605742 324.469118566785 624 1572026784528
-0.873401644034081 326.103469880529 625 1572026784535
2.86840159563882 327.51590477953 624 1572026784558
6.61961819442522 328.904563855398 624 1572026784558
10.3622509281141 330.316155557417 624 1572026784573
14.0764591741747 331.79885137393 627 1572026784603
17.7582851771238 333.362231456957 627 1572026784603
21.4401111800729 334.925611539985 627 1572026784603
25.1485091106018 336.42353112744 628 1572026784625
28.7862115398049 338.086997699563 628 1572026784625
32.4239139690068 339.750464271688 628 1572026784640
36.0616163982074 341.413930843816 631 1572026784648
END STROKE
35.2015658708521 556.569116377011 141 1572026879217
35.5170169672023 556.341352188767 141 1572026879217
35.8324680635525 556.113588000523 141 1572026879217
36.1479191599028 555.885823812279 141 1572026879217
36.463370256253 555.658059624035 141 1572026879217
36.7788213526032 555.43029543579 141 1572026879217
37.0942724489535 555.202531247546 141 1572026879217
37.4097235453037 554.974767059302 141 1572026879217
37.7251746416539 554.747002871057 141 1572026879217
38.0406257380041 554.519238682813 141 1572026879217
38.3560768343543 554.291474494569 141 1572026879217
38.6889735348109 554.091314465189 113 1572026879224
39.0300776843478 553.904141072839 113 1572026879224
39.3711818338846 553.716967680489 113 1572026879224
39.7122859834215 553.529794288139 113 1572026879224
40.0533901329584 553.342620895789 113 1572026879224
40.3852942593185 553.140644820458 59 1572026879239
40.7041374860465 552.917653976689 59 1572026879239
41.0229807127746 552.69466313292 59 1572026879239
41.3418239395026 552.471672289152 59 1572026879239
41.6606671662307 552.248681445383 59 1572026879239
41.9795103929587 552.025690601614 59 1572026879239
42.2983536196867 551.802699757845 59 1572026879239
42.6171968464148 551.579708914076 59 1572026879239
42.9360400731428 551.356718070307 59 1572026879239
43.2548832998708 551.133727226538 59 1572026879239
END STROKE
-210.194521585947 211.496516257992 563 1572026783724
-206.726226613947 213.469349581354 565 1572026783754
-203.28790898241 215.148357226133 561 1572026783769
-200.148047880528 217.619976780676 562 1572026783784
-197.004956030947 220.078427098054 560 1572026783792
-193.365332160232 221.718206350792 564 1572026783807
-189.933098848916 223.767832456207 566 1572026783822
-186.607798101923 225.914907313108 598 1572026783844
-183.114011890171 227.849089765418 597 1572026783867
-179.727764332192 229.978250979624 597 1572026783867
-176.481438919508 232.312239349082 597 1572026783882
-173.071536981749 234.384246891156 597 1572026783912
-169.759913164511 236.627714674098 597 1572026783912
-166.359688566814 238.722943781264 598 1572026783927
-163.221084387519 241.202138371919 602 1572026783942
-160.088861724556 243.689107514409 601 1572026783949
-157.068528372376 246.311321208808 608 1572026783987
END STROKE
-227.432023297653 198.823015925337 148 1572026783446
-225.038231531822 199.005070260218 482 1572026783574
-222.08746035898 201.06146830714 505 1572026783626
-219.155347678303 203.763707401341 519 1572026783664
-216.455857459936 206.706510412323 526 1572026783687
-213.601694477747 209.500122836924 536 1572026783709
END STROKE
247.9054891662 436.993603510034 634 1572026752384
250.809213179007 434.264718875886 654 1572026752422
254.036552229358 431.913101709328 671 1572026752445
257.31975112065 429.63449224506 670 1572026752460
260.63512170369 427.43133145938 680 1572026752475
264.050103139535 425.379386662595 691 1572026752490
267.579642198104 423.513316310947 695 1572026752505
271.01370174068 421.462566219869 696 1572026752512
274.435206681713 419.390540383838 700 1572026752557
277.857263772537 417.31942347088 700 1572026752557
281.279320863361 415.248306557923 700 1572026752557
284.730947756853 413.228468821436 706 1572026752565
287.994675349715 410.94536242429 708 1572026752572
291.402871395746 408.86166859805 715 1572026752602
294.653889410056 406.53124334273 715 1572026752602
297.951621185018 404.27138754165 714 1572026752617
301.359537150473 402.178776911841 714 1572026752632
304.441319694101 399.628754097475 714 1572026752632
307.871870847005 397.595854862044 717 1572026752647
311.408461597173 395.727206593854 728 1572026752662
314.845933341736 393.68896973161 728 1572026752677
318.146321710033 391.431750738556 728 1572026752692
321.313354428684 388.991694912883 728 1572026752700
324.603239898946 386.718944683319 731 1572026752722
327.91785221907 384.47994803812 736 1572026752737
331.240771751699 382.254147276631 741 1572026752760
334.381912099558 379.777609912679 741 1572026752760
337.54057599013 377.323732889358 742 1572026752790
340.727642211855 374.906583970002 742 1572026752790
343.908847174995 372.481971486145 741 1572026752797
347.305992990473 370.431144075642 746 1572026752805
350.575312317725 368.131757854094 752 1572026752820
354.028717369224 366.13002292544 754 1572026752827
357.347906434124 363.898789507754 754 1572026752843
360.708845301091 361.7305425543 753 1572026752865
364.065961281473 359.555738587441 753 1572026752865
367.468071282242 357.452577248674 752 1572026752903
370.892573115644 355.385505118093 752 1572026752903
END STROKE
178.546003422703 404.147435305035 651 1572026785188
181.899055852361 406.259048826533 650 1572026785233
185.387270084245 408.216690640677 650 1572026785233
188.875484316129 410.174332454821 650 1572026785233
192.504713972305 411.834356010434 651 1572026785249
196.040883099551 413.695991794871 651 1572026785271
199.68896745383 415.310676292659 651 1572026785286
203.404267929419 416.740460035956 651 1572026785301
207.174724686482 418.043400813271 650 1572026785324
210.734530359619 419.833057803557 650 1572026785391
214.079532819019 422.026447542435 650 1572026785391
217.424535278418 424.219837281313 650 1572026785391
220.79138831279 426.378680011545 651 1572026785406
224.265798790867 428.287701308623 650 1572026785451
227.928402939829 429.895597713247 650 1572026785451
231.286147818919 431.955980751183 654 1572026785481
234.869237421301 433.722286584854 654 1572026785504
END STROKE
===NOTES===
Great Job
