1.00
USERID - 01/01/2000 01:00:00 AM - F - HS - EN - N/A
11/13/2019 10:52:8:138
11/13/2019 10:52:28:569
358.474407025179 439.533829437171 703 1573663948666
362.470666551689 439.706773927614 703 1573663948666
366.4669260782 439.879718418057 703 1573663948666
370.46318560471 440.0526629085 703 1573663948666
374.459445131221 440.225607398943 703 1573663948666
378.455704657731 440.398551889386 703 1573663948666
382.451507459261 440.58069412254 684 1573663948734
386.445241284964 440.804502365095 684 1573663948734
390.438975110667 441.028310607651 684 1573663948734
394.43270893637 441.252118850207 684 1573663948734
398.426442762073 441.475927092763 684 1573663948734
402.420176587776 441.699735335318 684 1573663948734
406.413910413479 441.923543577874 684 1573663948734
410.407644239182 442.14735182043 684 1573663948734
414.401378064885 442.371160062986 684 1573663948734
418.395111890588 442.594968305542 684 1573663948734
422.388845716291 442.818776548097 684 1573663948734
426.382579541994 443.042584790653 684 1573663948734
430.376313367697 443.266393033209 684 1573663948734
434.3700471934 443.490201275765 684 1573663948734
438.363781019103 443.71400951832 684 1573663948734
442.357514844806 443.937817760876 684 1573663948734
446.351248670509 444.161626003432 684 1573663948734
450.344982496212 444.385434245988 684 1573663948734
454.337462980716 444.629509745926 681 1573663948794
458.328342393859 444.899475502543 681 1573663948794
462.319221807003 445.169441259161 681 1573663948794
466.310101220147 445.439407015778 681 1573663948794
470.300980633291 445.709372772395 681 1573663948794
474.291860046434 445.979338529012 681 1573663948794
478.282739459578 446.249304285629 681 1573663948794
482.273618872722 446.519270042246 681 1573663948794
486.264498285865 446.789235798863 681 1573663948794
490.255377699009 447.05920155548 681 1573663948794
494.246257112153 447.329167312097 681 1573663948794
498.237136525297 447.599133068714 681 1573663948794
502.22801593844 447.869098825331 681 1573663948794
506.218895351584 448.139064581948 681 1573663948794
510.209774764728 448.409030338565 681 1573663948794
514.201464735835 448.666624076226 696 1573663948832
518.193453363993 448.919659237147 696 1573663948832
522.18544199215 449.172694398069 696 1573663948832
526.177430620307 449.425729558991 696 1573663948832
530.169419248464 449.678764719912 696 1573663948832
534.161407876622 449.931799880834 696 1573663948832
538.153396504779 450.184835041755 696 1573663948832
542.145385132936 450.437870202677 696 1573663948832
546.137373761094 450.690905363599 696 1573663948832
550.13002752242 450.933204659336 692 1573663948914
554.122721487116 451.174855035448 692 1573663948914
558.115415451813 451.41650541156 692 1573663948914
562.108109416509 451.658155787672 692 1573663948914
566.100803381206 451.899806163784 692 1573663948914
570.093497345903 452.141456539896 692 1573663948914
574.086191310599 452.383106916008 692 1573663948914
578.078885275296 452.62475729212 692 1573663948914
582.071579239993 452.866407668232 692 1573663948914
586.064273204689 453.108058044344 692 1573663948914
590.056967169386 453.349708420456 692 1573663948914
594.049661134083 453.591358796569 692 1573663948914
598.042355098779 453.833009172681 692 1573663948914
602.035049063476 454.074659548793 692 1573663948914
606.027743028172 454.316309924905 692 1573663948914
610.020436992869 454.557960301017 692 1573663948914
END STROKE
-73.3828266139351 432.3901817213 570 1573663948238
-69.3853767029274 432.532990015823 570 1573663948238
-65.3879267919197 432.675798310347 570 1573663948238
-61.3904768809121 432.81860660487 570 1573663948238
-57.3930269699044 432.961414899393 570 1573663948238
-53.3955770588967 433.104223193917 570 1573663948238
-49.398127147889 433.24703148844 570 1573663948238
-45.4006772368813 433.389839782964 570 1573663948238
-41.4008335659633 433.36455726957 640 1573663948381
-37.4009381067078 433.335638157769 640 1573663948381
-33.4010426474523 433.306719045967 640 1573663948381
-29.4011471881969 433.277799934165 640 1573663948381
-25.4012517289414 433.248880822364 640 1573663948381
-21.4013562696859 433.219961710562 640 1573663948381
-17.4014608104304 433.19104259876 640 1573663948381
-13.4015653511749 433.162123486958 640 1573663948381
-9.40166989191946 433.133204375157 640 1573663948381
-5.40177443266399 433.104285263355 640 1573663948381
-1.40187897340851 433.075366151553 640 1573663948381
2.59801648584697 433.046447039752 640 1573663948381
6.59791194510245 433.01752792795 640 1573663948381
10.5978074043579 432.988608816148 640 1573663948381
14.5977028636134 432.959689704346 640 1573663948381
18.5975983228689 432.930770592545 640 1573663948381
22.5974937821244 432.901851480743 640 1573663948381
26.5973892413799 432.872932368941 640 1573663948381
30.5972847006353 432.84401325714 640 1573663948381
34.5971801598908 432.815094145338 640 1573663948381
38.5970756191463 432.786175033536 640 1573663948381
END STROKE
657.90939435653 457.815826720339 688 1573663949004
661.898787003899 458.106938906824 688 1573663949004
665.888179651267 458.398051093308 688 1573663949004
669.877572298636 458.689163279793 688 1573663949004
673.866964946005 458.980275466278 688 1573663949004
677.856357593374 459.271387652762 688 1573663949004
681.847024750786 459.544450024982 689 1573663949027
685.837740875457 459.816818915074 689 1573663949027
689.827713444655 460.097427610094 703 1573663949049
693.802720262928 460.54388118515 703 1573663949049
697.777727081201 460.990334760207 703 1573663949049
701.76324084209 461.064786618279 703 1573663949064
705.75665496436 460.836170413139 704 1573663949072
709.680004955621 461.274139874414 708 1573663949079
713.668810299787 461.463940572942 694 1573663949094
717.666040558169 461.611966357854 697 1573663949109
721.659688071013 461.833016153782 696 1573663949132
725.61354576352 462.322687239833 696 1573663949154
END STROKE
-201.278653633907 429.739783000024 516 1573663947960
-197.309091464831 429.541825424892 518 1573663947990
-193.316071868467 429.732022319772 565 1573663948058
-189.316158486039 429.705698697743 565 1573663948058
-185.316245103612 429.679375075715 565 1573663948058
-181.316331721184 429.653051453686 565 1573663948058
-177.316418338756 429.626727831658 565 1573663948058
-173.316504956329 429.600404209629 565 1573663948058
-169.316576434644 429.584830971271 553 1573663948133
-165.316604776768 429.599888733165 553 1573663948133
-161.316633118893 429.614946495059 553 1573663948133
-157.316661461017 429.630004256952 553 1573663948133
-153.316689803142 429.645062018846 553 1573663948133
-149.316718145267 429.660119780739 553 1573663948133
-145.316746487391 429.675177542633 553 1573663948133
-141.316774829516 429.690235304526 553 1573663948133
-137.31680317164 429.70529306642 553 1573663948133
-133.316831513765 429.720350828314 553 1573663948133
-129.316859855889 429.735408590207 553 1573663948133
-125.320966149767 429.89224123313 577 1573663948186
-121.326742203477 430.107125078236 577 1573663948186
-117.332518257188 430.322008923342 577 1573663948186
-113.338294310898 430.536892768448 577 1573663948186
-109.344070364609 430.751776613554 577 1573663948186
-105.349846418319 430.96666045866 577 1573663948186
-101.35562247203 431.181544303766 577 1573663948186
-97.3613985257402 431.396428148872 577 1573663948186
-93.3671745794507 431.611311993978 577 1573663948186
-89.3726262579658 431.818948543206 570 1573663948238
-85.3751763469581 431.961756837729 570 1573663948238
END STROKE
621.99631544669 455.317268561159 702 1573663948952
625.987168053057 455.587630308193 702 1573663948952
629.978020659423 455.857992055226 702 1573663948952
633.968873265789 456.12835380226 702 1573663948952
637.959725872155 456.398715549294 702 1573663948952
641.950578478522 456.669077296327 702 1573663948952
645.941216414423 456.942490160885 688 1573663949004
649.930609061792 457.23360234737 688 1573663949004
653.920001709161 457.524714533855 688 1573663949004
END STROKE
262.571393397597 435.373072887791 673 1573663948569
266.570838475612 435.439699218438 673 1573663948569
270.570283553628 435.506325549085 673 1573663948569
274.569728631644 435.572951879732 673 1573663948569
278.567541344631 435.687601147246 684 1573663948614
282.562279281615 435.89270798483 684 1573663948614
286.557017218599 436.097814822414 684 1573663948614
290.551755155582 436.302921659998 684 1573663948614
294.546493092566 436.508028497582 684 1573663948614
298.54123102955 436.713135335166 684 1573663948614
302.535968966533 436.91824217275 684 1573663948614
306.530706903517 437.123349010335 684 1573663948614
310.525444840501 437.328455847919 684 1573663948614
314.520182777484 437.533562685503 684 1573663948614
318.514920714468 437.738669523087 684 1573663948614
322.509658651452 437.943776360671 684 1573663948614
326.504396588435 438.148883198255 684 1573663948614
330.500590339606 438.323218004069 703 1573663948666
334.496849866117 438.496162494512 703 1573663948666
338.493109392627 438.669106984955 703 1573663948666
342.489368919137 438.842051475398 703 1573663948666
346.485628445648 439.014995965841 703 1573663948666
350.481887972158 439.187940456284 703 1573663948666
354.478147498669 439.360884946728 703 1573663948666
END STROKE
42.5969710784018 432.757255921735 640 1573663948381
46.5968665376572 432.728336809933 640 1573663948381
50.5967619969127 432.699417698131 640 1573663948381
54.5966574561682 432.67049858633 640 1573663948381
58.5965529154237 432.641579474528 640 1573663948381
62.5964483746791 432.612660362726 640 1573663948381
66.5963438339346 432.583741250925 640 1573663948381
70.5962392931901 432.554822139123 640 1573663948381
74.5961347524456 432.525903027321 640 1573663948381
78.5960302117011 432.496983915519 640 1573663948381
82.5959256709566 432.468064803718 640 1573663948381
86.5958099649034 432.441514339311 673 1573663948569
90.5952550429192 432.508140669958 673 1573663948569
94.5947001209349 432.574767000606 673 1573663948569
98.5941451989507 432.641393331253 673 1573663948569
102.593590276966 432.7080196619 673 1573663948569
106.593035354982 432.774645992547 673 1573663948569
110.592480432998 432.841272323195 673 1573663948569
114.591925511014 432.907898653842 673 1573663948569
118.591370589029 432.974524984489 673 1573663948569
122.590815667045 433.041151315136 673 1573663948569
126.590260745061 433.107777645784 673 1573663948569
130.589705823077 433.174403976431 673 1573663948569
134.589150901092 433.241030307078 673 1573663948569
138.588595979108 433.307656637725 673 1573663948569
142.588041057124 433.374282968373 673 1573663948569
146.58748613514 433.44090929902 673 1573663948569
150.586931213156 433.507535629667 673 1573663948569
154.586376291171 433.574161960314 673 1573663948569
158.585821369187 433.640788290962 673 1573663948569
162.585266447203 433.707414621609 673 1573663948569
166.584711525219 433.774040952256 673 1573663948569
170.584156603234 433.840667282904 673 1573663948569
174.58360168125 433.907293613551 673 1573663948569
178.583046759266 433.973919944198 673 1573663948569
182.582491837282 434.040546274845 673 1573663948569
186.581936915297 434.107172605493 673 1573663948569
190.581381993313 434.17379893614 673 1573663948569
194.580827071329 434.240425266787 673 1573663948569
198.580272149345 434.307051597434 673 1573663948569
202.57971722736 434.373677928082 673 1573663948569
206.579162305376 434.440304258729 673 1573663948569
210.578607383392 434.506930589376 673 1573663948569
214.578052461408 434.573556920023 673 1573663948569
218.577497539423 434.640183250671 673 1573663948569
222.576942617439 434.706809581318 673 1573663948569
226.576387695455 434.773435911965 673 1573663948569
230.575832773471 434.840062242613 673 1573663948569
234.575277851486 434.90668857326 673 1573663948569
238.574722929502 434.973314903907 673 1573663948569
242.574168007518 435.039941234554 673 1573663948569
246.573613085534 435.106567565202 673 1573663948569
END STROKE
===NOTES===
Great Job
