1.00
USERID - 01/01/2000 01:00:00 AM - F - HS - EN - N/A
11/15/2019 11:9:24:412
11/15/2019 11:9:50:388
560.367281534972 425.97851401837 834 1573837917473
563.383974138266 428.211956663597 834 1573837917473
566.766251803328 429.785052379155 834 1573837917450
570.371438913932 430.829102384686 833 1573837917443
573.969966706465 431.896481435749 833 1573837917443
577.494135468408 433.100553489359 836 1573837917413
581.245167355711 433.236421413174 836 1573837917413
584.996199243015 433.372289336988 836 1573837917413
588.747231130318 433.508157260802 836 1573837917413
592.498263017621 433.644025184617 836 1573837917413
596.249011702954 433.702500889143 836 1573837917368
599.998948783097 433.539184609315 836 1573837917368
603.744968294946 433.323264653622 840 1573837917345
607.477729711029 432.929319831485 840 1573837917345
611.073691456687 431.867775670267 838 1573837917323
614.70524143914 430.918805155852 838 1573837917323
618.25179108289 429.743981294194 841 1573837917300
621.607897790032 428.063133864305 841 1573837917300
END STROKE
625.48575369533 424.417695710311 693 1573837790628
629.48258143378 424.258422268835 693 1573837790628
633.479409172229 424.099148827358 693 1573837790628
END STROKE
-207.692966462848 473.207562488527 161 1573837789667
-204.674700342318 472.505330321185 373 1573837789742
-200.708411073687 471.987112763069 373 1573837789742
-196.748314485397 471.423990544234 462 1573837789772
-192.789810320583 470.849321267909 462 1573837789772
-188.831306155769 470.274651991583 462 1573837789772
-184.873878042874 469.692623414161 514 1573837789810
-180.916556263267 469.109867605402 514 1573837789810
-176.959234483659 468.527111796644 514 1573837789810
-173.001912704051 467.944355987886 514 1573837789810
-169.044590924443 467.361600179128 514 1573837789810
-165.073159669955 466.899968007363 561 1573837789847
-161.087847124714 466.557500612211 561 1573837789847
-157.102534579472 466.21503321706 561 1573837789847
-153.117222034231 465.872565821908 561 1573837789847
-149.13190948899 465.530098426756 561 1573837789847
-145.146596943748 465.187631031605 561 1573837789847
-141.161284398507 464.845163636453 561 1573837789847
-137.175000597971 464.514270147327 563 1573837789862
-133.188349887912 464.18774891374 563 1573837789862
END STROKE
645.469892387578 423.621328502927 693 1573837790628
649.466720126028 423.46205506145 693 1573837790628
653.463547864478 423.302781619974 693 1573837790628
657.460375602927 423.143508178497 693 1573837790628
661.457203341377 422.98423473702 693 1573837790628
665.454031079826 422.824961295543 693 1573837790628
669.450858818276 422.665687854066 693 1573837790628
673.447686556726 422.506414412589 693 1573837790628
677.444514295175 422.347140971112 693 1573837790628
681.441342033625 422.187867529636 693 1573837790628
END STROKE
-105.324565079639 461.462198666482 587 1573837789893
-101.352484284333 460.990421011685 587 1573837789893
-97.3703733126692 460.614080760627 594 1573837789900
-93.3872600084538 460.247057207286 598 1573837789915
-89.4077542134862 459.842664294614 598 1573837789915
-85.4282484185186 459.438271381942 598 1573837789915
-81.448742623551 459.03387846927 598 1573837789915
-77.4674136659756 458.648639777758 609 1573837789960
-73.4830762992554 458.295007556153 609 1573837789960
-69.4987389325351 457.941375334549 609 1573837789960
-65.5144015658149 457.587743112945 609 1573837789960
-61.5300641990947 457.23411089134 609 1573837789960
-57.5457268323744 456.880478669736 609 1573837789960
-53.5613894656542 456.526846448131 609 1573837789960
-49.5770520989339 456.173214226527 609 1573837789960
-45.5927147322137 455.819582004923 609 1573837789960
-41.6083773654935 455.465949783318 609 1573837789960
-37.6240399987732 455.112317561714 609 1573837789960
-33.6415237455404 454.739090187713 611 1573837789983
-29.6602565012056 454.352423497673 611 1573837789983
END STROKE
-117.248095347161 462.807335656238 572 1573837789877
-113.26872667025 462.405753976075 587 1573837789893
-109.296645874944 461.933976321279 587 1573837789893
END STROKE
-25.6789892568708 453.965756807633 611 1573837789983
-21.6977220125359 453.579090117593 611 1573837789983
-17.7164547682011 453.192423427553 611 1573837789983
-13.7317076920459 452.846394725254 611 1573837789990
-9.74266221722157 452.550563354734 611 1573837789990
-5.75549351564152 452.230706959609 611 1573837790005
-1.76889888066843 451.903501800108 611 1573837790005
2.21769575430465 451.576296640608 611 1573837790005
6.20495046709749 451.25764876591 612 1573837790013
10.1945653403544 450.969598139999 612 1573837790013
14.184179726758 450.68154077114 612 1573837790050
18.1737936099413 450.393476432647 612 1573837790050
22.1634074931245 450.105412094154 612 1573837790050
26.1530213763077 449.81734775566 612 1573837790050
30.142635259491 449.529283417167 612 1573837790050
34.1322491426742 449.241219078674 612 1573837790050
38.1218630258575 448.953154740181 612 1573837790050
42.1114769090407 448.665090401687 612 1573837790050
46.1010907922239 448.377026063194 612 1573837790050
50.0934192757263 448.129977970733 615 1573837790065
54.0861984300806 447.889739288266 615 1573837790065
58.078977584435 447.649500605799 615 1573837790065
62.0718323422779 447.41052667176 651 1573837790080
66.0647973812256 447.17339759775 651 1573837790080
70.0577624201734 446.93626852374 651 1573837790080
74.0507274591212 446.69913944973 651 1573837790080
78.0415607945434 446.428695664415 649 1573837790088
82.0317910513574 446.149773441657 644 1573837790148
86.0181958949771 445.820264074923 644 1573837790148
90.0046007385968 445.49075470819 644 1573837790148
93.9910055822166 445.161245341456 644 1573837790148
97.9774104258363 444.831735974723 644 1573837790148
101.963815269456 444.50222660799 644 1573837790148
105.950220113076 444.172717241256 644 1573837790148
109.936624956696 443.843207874523 644 1573837790148
113.923029800315 443.51369850779 644 1573837790148
117.909434643935 443.184189141056 644 1573837790148
121.895839487555 442.854679774323 644 1573837790148
125.882244331174 442.525170407589 644 1573837790148
129.868649174794 442.195661040856 644 1573837790148
133.855054018414 441.866151674123 644 1573837790148
137.841458862034 441.536642307389 644 1573837790148
141.827863705653 441.207132940656 644 1573837790148
145.818573820121 440.942826385957 645 1573837790185
149.813694958614 440.745324262495 645 1573837790185
153.808816097106 440.547822139032 645 1573837790185
157.803937235598 440.35032001557 645 1573837790185
161.799058374091 440.152817892108 645 1573837790185
165.794179512583 439.955315768646 645 1573837790185
169.789300651075 439.757813645184 645 1573837790185
173.784421789567 439.560311521722 645 1573837790185
177.77954292806 439.362809398259 645 1573837790185
181.774664066552 439.165307274797 645 1573837790185
185.770978650502 438.997151234741 645 1573837790200
END STROKE
365.599179388185 431.584196331183 654 1573837790388
369.598659404013 431.519701346936 654 1573837790388
373.598139419841 431.455206362688 654 1573837790388
377.597619435669 431.390711378441 654 1573837790388
381.597099451497 431.326216394194 654 1573837790388
385.596579467325 431.261721409946 654 1573837790388
389.596059483153 431.197226425699 654 1573837790388
393.595539498981 431.132731441452 654 1573837790388
397.595019514809 431.068236457205 654 1573837790388
401.594499530637 431.003741472957 654 1573837790388
405.593979546465 430.93924648871 654 1573837790388
409.593459562293 430.874751504463 654 1573837790388
413.592939578121 430.810256520215 654 1573837790388
417.5923862757 430.743825616369 674 1573837790396
421.591717007305 430.670656639041 674 1573837790396
425.591047738909 430.597487661713 674 1573837790396
429.590647657075 430.541026897907 694 1573837790426
433.590259795739 430.485324651524 694 1573837790426
437.589871934403 430.429622405141 694 1573837790426
441.589484073067 430.373920158757 694 1573837790426
445.589096211731 430.318217912374 694 1573837790426
449.588708350395 430.262515665991 694 1573837790426
453.588320489058 430.206813419607 694 1573837790426
457.587932627722 430.151111173224 694 1573837790426
461.587482629917 430.092960169129 693 1573837790448
465.584772618376 429.945743498319 693 1573837790448
469.582062606835 429.798526827509 693 1573837790448
473.579352595294 429.651310156699 693 1573837790448
477.576642583754 429.504093485889 693 1573837790448
481.573932572213 429.356876815079 693 1573837790448
485.571222560672 429.209660144269 693 1573837790448
489.568391991154 429.059295434778 690 1573837790508
493.56523346721 428.900367100999 690 1573837790508
497.562074943266 428.741438767219 690 1573837790508
501.558916419322 428.58251043344 690 1573837790508
505.555757895379 428.423582099661 690 1573837790508
509.552599371435 428.264653765882 690 1573837790508
513.549440847491 428.105725432103 690 1573837790508
517.546282323547 427.946797098324 690 1573837790508
521.543123799603 427.787868764545 690 1573837790508
525.539965275659 427.628940430766 690 1573837790508
529.536806751715 427.470012096987 690 1573837790508
533.533648227771 427.311083763208 690 1573837790508
537.530489703827 427.152155429428 690 1573837790508
541.527331179883 426.993227095649 690 1573837790508
545.524172655939 426.83429876187 690 1573837790508
549.521014131995 426.675370428091 690 1573837790508
553.517855608051 426.516442094312 690 1573837790508
557.514697084107 426.357513760533 690 1573837790508
END STROKE
205.758884247344 438.306360994711 644 1573837790208
209.754414863499 438.119112794287 645 1573837790268
213.748669533524 437.904800799799 645 1573837790268
217.742924203549 437.690488805312 645 1573837790268
221.737178873575 437.476176810824 645 1573837790268
225.7314335436 437.261864816336 645 1573837790268
229.725688213625 437.047552821849 645 1573837790268
233.71994288365 436.833240827361 645 1573837790268
237.714197553676 436.618928832874 645 1573837790268
241.708452223701 436.404616838386 645 1573837790268
245.702706893726 436.190304843898 645 1573837790268
END STROKE
249.696961563752 435.975992849411 645 1573837790268
253.691216233777 435.761680854923 645 1573837790268
257.685470903802 435.547368860436 645 1573837790268
261.679725573827 435.333056865948 645 1573837790268
265.673980243853 435.11874487146 645 1573837790268
269.668234913878 434.904432876973 645 1573837790268
273.662489583903 434.690120882485 645 1573837790268
277.657926764715 434.50112612557 646 1573837790283
281.654768016078 434.342192141164 646 1573837790283
285.651609267442 434.183258156758 646 1573837790283
289.648450518805 434.024324172351 646 1573837790283
293.64529178503 433.865390561685 645 1573837790291
297.642133088721 433.706457893201 645 1573837790291
301.639471027864 433.564742356783 644 1573837790306
305.638827987543 433.493021306428 644 1573837790306
309.638184947223 433.421300256072 644 1573837790306
313.637541906902 433.349579205717 644 1573837790306
317.636898866581 433.277858155362 644 1573837790306
END STROKE
325.628692906032 432.931384923421 646 1573837790321
329.623652257778 432.730636877598 646 1573837790321
333.618611609523 432.529888831776 646 1573837790321
337.613031796777 432.318990995596 645 1573837790328
341.606776284376 432.095373089836 645 1573837790328
345.601779309046 431.906671252419 654 1573837790388
349.601259324873 431.842176268172 654 1573837790388
353.600739340701 431.777681283925 654 1573837790388
357.600219356529 431.713186299677 654 1573837790388
361.599699372357 431.64869131543 654 1573837790388
END STROKE
===NOTES===
Great Job
