1.00
USERID - 01/01/2000 01:00:00 AM - F - HS - EN - N/A
11/12/2019 16:0:28:226
11/12/2019 16:2:19:432
531.617801939384 430.992835888867 592 1573596139522
535.61706138224 430.970144146243 594 1573596139537
539.597202703075 430.654317710491 633 1573596139575
543.491954728429 430.047961618548 630 1573596139597
END STROKE
567.436822054242 429.80544312185 673 1573596139710
571.427631933708 429.588481190233 674 1573596139718
575.410678444124 429.663798646573 674 1573596139740
579.407483811745 429.551146188562 673 1573596139770
583.406881673315 429.514260811425 671 1573596139793
587.39379323192 429.433861215865 673 1573596139815
591.259744392798 429.15121935346 672 1573596139830
595.191979996305 429.111513493905 692 1573596139868
599.178646813564 429.107024762132 690 1573596139898
603.171726307 429.340340917042 688 1573596139913
607.146569738646 429.67851907777 687 1573596140003
611.146569738646 429.67851907777 687 1573596140003
615.146569738646 429.67851907777 684 1573596140086
END STROKE
-87.4938826812132 437.099274516688 495 1573596137322
-83.4951724190472 437.20084340586 495 1573596137322
-79.4958669278505 437.272089252204 494 1573596137360
-75.4962510763112 437.327524260238 494 1573596137360
-71.4966352247719 437.382959268272 494 1573596137360
-67.4983416831326 437.493810591058 490 1573596137382
-63.5017546421788 437.656539440119 491 1573596137397
-59.5070995976424 437.862966978809 491 1573596137412
-55.5088016611773 437.814077276115 507 1573596137465
-51.5098468438782 437.722642221565 507 1573596137465
-47.5108920265792 437.631207167015 507 1573596137465
-43.5291223674655 437.371693620748 500 1573596137472
-39.5434667440395 437.121634197108 505 1573596137487
-35.5443499324417 437.071394464992 516 1573596137517
-31.5443499324417 437.071394464992 516 1573596137517
-27.5541156132301 436.885789442966 514 1573596137532
-23.5706083397407 436.552053991622 516 1573596137555
-19.5718302656584 436.453190883039 516 1573596137555
-15.5723117385682 436.414236059444 513 1573596137577
-11.5723117385682 436.414236059444 513 1573596137577
-7.57431436210806 436.528110881263 514 1573596137592
-3.57591873526535 436.639213818704 510 1573596137660
0.422962927095953 436.733794210068 510 1573596137660
4.42184458945725 436.828374601432 510 1573596137660
8.42072625181856 436.922954992796 510 1573596137660
12.4196079141799 437.017535384159 510 1573596137660
16.418197305101 437.123013755518 509 1573596137697
END STROKE
-214.513403635902 440.192802886227 83 1573596136729
-210.669494557172 440.83448983979 305 1573596136879
-206.750348542258 440.27652036863 303 1573596136901
-203.05659873349 439.183183984322 311 1573596136916
-199.271996690006 439.682569928579 338 1573596136939
-195.293374426153 439.467195678837 367 1573596136947
-191.324630238759 439.149538009949 405 1573596137029
-187.33016032478 438.939276015495 405 1573596137029
-183.3356904108 438.729014021042 405 1573596137029
-179.341220496821 438.518752026589 405 1573596137029
-175.346750582841 438.308490032135 405 1573596137029
-171.352280668861 438.098228037682 405 1573596137029
-167.357697050411 437.894401775457 404 1573596137059
-163.358292716088 437.963430541909 404 1573596137059
-159.358888381765 438.032459308361 404 1573596137059
-155.36081889973 438.151081891831 417 1573596137074
-151.382359163173 438.51071354592 434 1573596137082
-147.38831507824 438.395555334362 438 1573596137097
-143.391247878069 438.528978711071 447 1573596137112
-139.395597962144 438.714227808786 445 1573596137134
-135.452876373968 438.863142186832 461 1573596137187
-131.453740557394 438.779999414495 461 1573596137187
-127.455370671625 438.674464604334 498 1573596137284
-123.459900792518 438.484147907356 498 1573596137284
-119.464430913411 438.293831210378 498 1573596137284
-115.468961034304 438.1035145134 498 1573596137284
-111.473491155197 437.913197816422 498 1573596137284
-107.47802127609 437.722881119444 498 1573596137284
-103.482551396983 437.532564422466 498 1573596137284
-99.4870815178759 437.342247725488 498 1573596137284
END STROKE
20.416400130096 437.242906083055 509 1573596137697
24.414602955091 437.362798410591 509 1573596137697
28.4111657411558 437.526019004149 509 1573596137712
32.409577606752 437.496977118479 511 1573596137743
36.4086734719093 437.411934415784 511 1573596137743
40.4062492335782 437.525619118721 526 1573596137758
44.4048114740485 437.498597020141 539 1573596137780
48.4038170110506 437.409407811006 539 1573596137780
52.4026758743775 437.313893122572 541 1573596137803
56.4016343868856 437.24788426353 543 1573596137833
60.4011008220441 437.313215986611 543 1573596137833
64.4005672572026 437.378547709692 543 1573596137833
68.4000692252889 437.358299898887 540 1573596137863
72.3995885333994 437.296289383233 540 1573596137863
76.3989541533922 437.241047237999 539 1573596137870
80.3915385759668 437.484500779086 540 1573596137878
84.3824811168964 437.424443235386 542 1573596137900
88.372618601685 437.705161693071 542 1573596137900
92.3707464029533 437.816313023378 543 1573596138020
96.3696005279547 437.912050617659 543 1573596138020
100.368454652956 438.00778821194 543 1573596138020
104.367308777958 438.103525806221 543 1573596138020
108.366162902959 438.199263400501 543 1573596138020
112.365017027961 438.295000994782 543 1573596138020
116.363871152962 438.390738589063 543 1573596138020
120.362725277964 438.486476183344 543 1573596138020
124.361132908923 438.502617950036 547 1573596138035
128.352504191692 438.291813918922 546 1573596138043
132.335367516324 438.114354801689 547 1573596138095
136.334146056176 438.213199069173 547 1573596138095
140.332924596029 438.312043336656 547 1573596138095
144.330835464038 438.336715647984 547 1573596138111
148.322552483012 438.354120567876 556 1573596138133
152.310945358076 438.656620867989 576 1573596138141
156.291622251779 438.655876820913 576 1573596138163
160.250995606125 439.117681297051 576 1573596138201
164.244476593137 439.345956583436 576 1573596138201
168.223396057616 439.460691571267 577 1573596138231
172.217962984879 439.25278515482 577 1573596138253
176.211998616652 439.034964696792 575 1573596138268
180.209098398156 438.882671109579 575 1573596138268
184.20861002072 438.935029333934 573 1573596138313
188.208188744626 438.993081304484 573 1573596138313
END STROKE
208.195474265189 439.102974564446 599 1573596138381
212.190163596969 438.908625185312 598 1573596138396
216.177744183545 438.825284808447 600 1573596138411
220.15658506703 439.190796636728 598 1573596138426
224.154452073347 439.060184999402 598 1573596138426
228.12769861527 438.777792772953 598 1573596138456
232.122819427395 438.975301498146 598 1573596138456
236.114902643535 438.878548745208 598 1573596138501
240.114902643535 438.878548745208 598 1573596138501
244.114902643535 438.878548745208 598 1573596138501
248.113804924051 438.820916844972 595 1573596138531
252.110903646186 438.66859545611 595 1573596138531
256.106086245169 438.482736922594 597 1573596138539
260.092127065811 438.621960274613 598 1573596138554
264.018632324833 438.302992932198 594 1573596138576
268.007844135132 438.504325140535 595 1573596138584
271.999177697834 438.529600067554 597 1573596138591
275.995141416234 438.39303951311 596 1573596138644
279.991560797099 438.223829193528 596 1573596138644
283.987980177963 438.054618873946 596 1573596138644
287.984399558827 437.885408554364 596 1573596138644
291.981017276139 437.722482326671 594 1573596138666
295.980153092714 437.639339554331 594 1573596138666
299.979361744237 437.561358133422 593 1573596138749
303.97925121171 437.531621825655 593 1573596138749
307.979140679183 437.501885517888 593 1573596138749
311.979030146656 437.472149210121 593 1573596138749
315.978919614129 437.442412902354 593 1573596138749
319.978809081602 437.412676594587 593 1573596138749
323.978761863682 437.399973667767 593 1573596138801
327.978761863682 437.399973667767 593 1573596138801
331.978761863682 437.399973667767 593 1573596138801
335.962355715945 437.236878915504 592 1573596138809
339.944416079069 436.980871815769 593 1573596138831
343.942929433712 436.872075285465 592 1573596138861
347.941707520387 436.773212686206 592 1573596138861
351.911527071654 436.414236059444 593 1573596138899
355.911527071654 436.414236059444 593 1573596138899
359.910825720931 436.357469511012 593 1573596138922
363.909604739048 436.258644593766 593 1573596138922
367.905046370486 436.069790294167 593 1573596138944
371.901322996791 435.932099149028 593 1573596138997
375.90109155381 435.975128096057 593 1573596138997
379.900860110829 436.018157043086 593 1573596138997
383.900628667848 436.061185990116 593 1573596138997
387.898502056889 436.002714631716 592 1573596139027
391.893876458886 435.810403977134 592 1573596139027
395.889250860884 435.618093322552 592 1573596139027
399.88007997462 435.508080552969 592 1573596139042
403.870809460386 435.451103619107 592 1573596139057
407.858672395782 435.427172455138 591 1573596139124
411.858435230028 435.38361479473 591 1573596139124
415.858198064275 435.340057134322 591 1573596139124
419.857960898521 435.296499473914 591 1573596139124
423.856929138707 435.22210000512 592 1573596139154
427.853628641308 435.059640515054 592 1573596139154
431.850786709414 434.910916454526 592 1573596139177
435.849422241156 434.806446916935 592 1573596139177
439.847547781559 434.684627059981 590 1573596139222
443.845415890883 434.554049188786 590 1573596139222
447.843284000208 434.42347131759 590 1573596139222
451.841152109533 434.292893446395 590 1573596139222
455.840702085059 434.317795466052 592 1573596139259
459.840459356785 434.36186095453 592 1573596139259
463.840216628511 434.405926443009 592 1573596139259
467.838859069703 434.404081945989 594 1573596139290
471.831763288517 434.165930944774 594 1573596139290
475.822461535801 433.903824690796 593 1573596139312
479.790251650057 433.398254724352 590 1573596139327
483.753436786861 432.870532360541 593 1573596139387
487.739401925239 432.535745987415 593 1573596139387
491.725367063618 432.200959614288 593 1573596139387
495.711332201996 431.866173241162 593 1573596139387
499.697297340375 431.531386868035 593 1573596139387
503.692654548568 431.348467197276 592 1573596139402
507.692117001379 431.321415091641 594 1573596139417
511.67138824307 430.968894657716 592 1573596139432
END STROKE
===NOTES===
Great Job
