1.00
USERID - 01/01/2000 01:00:00 AM - F - HS - EN - N/A
11/14/2019 12:59:1:932
11/14/2019 13:0:22:845
-181.688226254666 519.139571279302 331 1573757970896
-177.744387843391 518.471635215181 608 1573757971016
-173.796096306091 517.856660677571 611 1573757971023
-169.825352878193 518.09897661167 710 1573757971053
-165.828512804282 517.940013019668 710 1573757971053
-161.847822900048 517.598082860854 705 1573757971083
-157.884936622515 517.054453988054 705 1573757971083
-153.922050344982 516.510825115255 705 1573757971083
-149.941899079162 516.251294109833 705 1573757971099
-145.993721813091 515.95868208352 733 1573757971129
-142.009295958184 516.311315897477 733 1573757971129
-138.021588909432 516.535842026762 772 1573757971181
-134.024335287627 516.387641207057 772 1573757971181
-130.027081665821 516.239440387352 772 1573757971181
-126.029828044015 516.091239567648 772 1573757971181
-122.032574422209 515.943038747943 772 1573757971181
-118.036180625482 515.826599135588 773 1573757971189
-114.049897581673 515.967319008653 771 1573757971196
-110.059730954423 515.919994124953 769 1573757971226
-106.071791224029 516.230375675215 769 1573757971226
-102.083851493635 516.540757225477 769 1573757971226
-98.0991161237783 516.784024628715 782 1573757971264
-94.1588875707338 516.095113204965 782 1573757971264
-90.2186590176892 515.406201781216 782 1573757971264
-86.2784304646446 514.717290357467 782 1573757971264
-82.3382019116 514.028378933718 782 1573757971264
-78.4290591461388 513.214816532411 783 1573757971271
-74.5903466420658 512.261997000266 784 1573757971279
-70.597079414094 512.468377422447 784 1573757971301
-66.597079414094 512.468377422447 784 1573757971301
-62.597079414094 512.468377422447 784 1573757971301
-58.5982327013572 512.517583114687 783 1573757971324
-54.6026250395839 512.704984857416 783 1573757971324
-50.6070173778105 512.892386600145 783 1573757971324
END STROKE
258.917074452354 513.478751081296 838 1573758064222
262.228685758876 511.235264831167 838 1573758064222
265.520175377598 508.963585674959 839 1573758064245
END STROKE
61.0861831003424 511.315659163105 791 1573757971549
65.0853927111187 511.395173244092 791 1573757971549
69.0846023218949 511.474687325078 791 1573757971549
73.0838119326711 511.554201406065 791 1573757971549
77.0830215434473 511.633715487051 791 1573757971549
81.0750650320548 511.595353008383 797 1573757971564
85.0351903209809 511.031963537406 797 1573757971564
88.995315609907 510.468574066429 797 1573757971564
92.9554408988331 509.905184595452 797 1573757971564
96.9216973483823 509.386725206311 799 1573757971572
100.88736281782 508.863776088097 809 1573757971609
104.852432634152 508.33630916817 809 1573757971609
108.817502450483 507.808842248242 809 1573757971609
112.782572266814 507.281375328314 809 1573757971609
116.747642083146 506.753908408387 809 1573757971609
120.712711899477 506.226441488459 809 1573757971609
124.677781715808 505.698974568531 809 1573757971609
128.64285153214 505.171507648604 809 1573757971609
132.633305640162 505.027358900715 809 1573757971617
136.623358272355 504.83541290768 807 1573757971632
140.601930184628 504.4219331151 807 1573757971632
144.580502096901 504.008453322519 807 1573757971632
148.561365846577 503.618969670716 810 1573757971647
152.546277480665 503.271868434022 810 1573757971647
156.531189114752 502.924767197328 810 1573757971647
160.520672653214 502.647687306856 807 1573757971654
164.516885907467 502.473676886104 807 1573757971654
168.514435481922 502.334002799492 809 1573757971684
172.512085270869 502.196903693247 809 1573757971684
176.509735059816 502.059804587002 809 1573757971684
180.507384848762 501.922705480757 809 1573757971684
184.505034637709 501.785606374512 809 1573757971684
188.503426756095 501.691810912198 808 1573757971692
192.500259714203 501.655177906903 810 1573757971699
196.440910005928 500.968682984615 810 1573757971699
200.41465837815 500.678047980866 809 1573757971759
204.414594657948 500.70062579201 809 1573757971759
208.414530937746 500.723203603155 809 1573757971759
212.414467217544 500.7457814143 809 1573757971759
216.414403497342 500.768359225445 809 1573757971759
220.41433977714 500.790937036589 809 1573757971759
224.414276056938 500.813514847734 809 1573757971759
228.414212336735 500.836092658879 809 1573757971759
232.414148616533 500.858670470023 809 1573757971759
236.414084896331 500.881248281168 809 1573757971759
240.414021176129 500.903826092313 809 1573757971759
244.413152544372 500.957746322361 809 1573757971767
248.408975072323 501.140509352316 809 1573757971767
END STROKE
-46.6375083124769 513.325486268205 783 1573757971331
-42.6543873452297 513.625962997981 783 1573757971369
-38.6582979971319 513.802796032278 783 1573757971369
-34.662208649034 513.979629066576 783 1573757971369
-30.6661193009362 514.156462100874 783 1573757971369
-26.6916067951435 514.531655188636 782 1573757971384
-22.7509565034184 515.218150110923 782 1573757971384
-18.7576703642304 515.23540549863 784 1573757971444
-14.7581508728402 515.173406805178 784 1573757971444
-10.75863138145 515.111408111726 784 1573757971444
-6.75911189005976 515.049409418274 784 1573757971444
-2.75959239866955 514.987410724822 784 1573757971444
1.23992709272067 514.92541203137 784 1573757971444
5.23944658411088 514.863413337918 784 1573757971444
9.2389660755011 514.801414644466 784 1573757971444
13.2350005707321 514.641112842941 784 1573757971459
17.2288697779393 514.419733630451 784 1573757971459
21.2197967031891 514.157785150614 789 1573757971481
25.2038143457934 513.800568936791 789 1573757971481
29.1878319883977 513.443352722969 789 1573757971481
33.171849631002 513.086136509146 789 1573757971481
37.1560535627688 512.731006654104 789 1573757971512
41.1403346049169 512.376740402283 789 1573757971512
45.124615647065 512.022474150462 789 1573757971512
49.1088966892131 511.668207898641 789 1573757971512
53.0931777313612 511.313941646819 789 1573757971512
57.0869734895662 511.236145082118 791 1573757971549
END STROKE
280.379424252873 499.842341348716 813 1573757971812
284.376524080424 499.69004897007 813 1573757971812
288.328526117301 499.14099566395 813 1573757971819
292.257839585516 498.392333077398 813 1573757971819
296.246608236405 498.112341880241 829 1573757971857
300.238394983405 497.856141633418 829 1573757971857
304.230181730406 497.599941386596 829 1573757971857
308.221968477406 497.343741139773 829 1573757971857
312.213755224406 497.08754089295 829 1573757971857
316.205541971407 496.831340646128 829 1573757971857
320.197328718407 496.575140399305 829 1573757971857
324.189115465408 496.318940152482 829 1573757971857
328.188536303714 496.278615262203 831 1573757971947
332.188449093011 496.252201666811 831 1573757971947
336.188361882308 496.225788071419 831 1573757971947
340.188274671604 496.199374476027 831 1573757971947
344.188187460901 496.172960880635 831 1573757971947
348.188100250197 496.146547285243 831 1573757971947
352.188013039494 496.120133689851 831 1573757971947
356.187925828791 496.093720094459 831 1573757971947
360.187838618087 496.067306499067 831 1573757971947
364.187751407384 496.040892903674 831 1573757971947
368.18766419668 496.014479308282 831 1573757971947
372.187576985977 495.98806571289 831 1573757971947
376.187489775274 495.961652117498 831 1573757971947
380.18740256457 495.935238522106 831 1573757971947
384.187315353867 495.908824926714 831 1573757971947
388.187228143164 495.882411331322 831 1573757971947
392.18714093246 495.85599773593 831 1573757971947
396.187053721757 495.829584140538 831 1573757971947
400.186966511053 495.803170545146 831 1573757971947
404.182182373712 495.929345388547 830 1573757971992
408.172897845198 496.201723848859 830 1573757971992
412.163613316684 496.474102309172 830 1573757971992
416.154328788169 496.746480769485 830 1573757971992
420.145044259655 497.018859229797 830 1573757971992
424.135759731141 497.29123769011 830 1573757971992
428.126475202627 497.563616150423 830 1573757971992
432.117190674113 497.835994610735 830 1573757971992
436.107906145599 498.108373071048 830 1573757971992
440.099168273855 498.370668735848 830 1573757972030
444.095939816969 498.531346152301 830 1573757972030
448.092711360082 498.692023568753 830 1573757972030
452.089482903196 498.852700985205 830 1573757972030
456.08625444631 499.013378401658 830 1573757972030
460.083025989423 499.17405581811 830 1573757972030
464.079797532537 499.334733234563 830 1573757972030
468.049983149701 498.980873992755 830 1573757972037
472.011532605339 498.797222927262 830 1573757972060
475.977823752615 499.315426106562 830 1573757972060
479.944114899891 499.833629285863 830 1573757972060
483.910406047168 500.351832465163 830 1573757972060
487.895809042811 500.68706799539 830 1573757972075
491.883572669279 500.999703980865 830 1573757972075
495.867804093224 501.351587580026 829 1573757972082
499.848211947369 501.746377762944 830 1573757972105
503.833406403621 502.090216599984 830 1573757972105
507.818600859874 502.434055437023 830 1573757972105
511.803795316126 502.777894274062 830 1573757972105
515.795107516953 503.001681355059 831 1573757972127
519.794610491855 503.064736519428 831 1573757972127
523.794113466756 503.127791683797 831 1573757972127
527.793616441658 503.190846848166 831 1573757972127
531.776901587061 503.447650139329 830 1573757972135
535.734854515148 504.009806002396 830 1573757972150
539.733407558871 504.117386467783 830 1573757972150
543.731960602594 504.224966933169 830 1573757972150
547.721494665963 504.493760912172 829 1573757972172
END STROKE
587.357756018822 504.387682301417 729 1573758022553
590.013953357085 504.145588090608 747 1573758022568
592.665524041481 503.854594323606 747 1573758022568
595.317094725877 503.563600556604 747 1573758022568
597.860303481826 502.809830281703 744 1573758022575
END STROKE
600.461301452107 502.587214378598 773 1573758022598
603.121077900025 502.789930223777 773 1573758022598
605.778843398615 503.010262022118 771 1573758022613
608.415877229412 503.412203612422 771 1573758022613
611.057438682108 503.770840142057 769 1573758022628
613.72058327894 503.923041729262 769 1573758022628
616.373770593694 504.177874555185 774 1573758022643
619.016504788985 504.540449292061 774 1573758022643
621.668169660613 504.757128619324 809 1573758022703
624.335395832609 504.719591781361 809 1573758022703
627.002622004604 504.682054943398 809 1573758022703
629.6698481766 504.644518105436 809 1573758022703
632.337074348595 504.606981267473 809 1573758022703
635.004300520591 504.56944442951 809 1573758022703
637.671526692586 504.531907591548 809 1573758022703
640.338892214433 504.514175084063 810 1573758022763
643.006382508095 504.514175084063 810 1573758022763
645.673872801757 504.514175084063 810 1573758022763
648.341363095419 504.514175084063 810 1573758022763
651.008853389081 504.514175084063 810 1573758022763
653.655476080132 504.744201828781 819 1573758022770
656.318561539421 504.670684452301 837 1573758022785
658.983944547586 504.564675553757 837 1573758022785
661.589718385519 504.106848555106 835 1573758022793
664.2347690996 503.825896995249 835 1573758022800
666.873119544169 503.45736032917 833 1573758022823
669.49707220572 502.977384395686 833 1573758022823
672.121020397687 502.938777302289 834 1573758022830
674.769756381114 502.737096609322 835 1573758022845
END STROKE
===NOTES===
Great Job
