1.00
USERID - 01/01/2000 01:00:00 AM - F - HS - EN - N/A
10/25/2019 13:4:16:43
10/25/2019 13:7:8:735
578.257352396276 425.418121319923 730 1572026693638
582.256901229536 425.36982508208 732 1572026693713
586.256738915252 425.333790544175 732 1572026693713
590.256576600969 425.297756006269 732 1572026693713
594.256414286685 425.261721468363 732 1572026693713
598.256251972402 425.225686930458 732 1572026693713
602.256089658119 425.189652392552 732 1572026693713
606.255927343835 425.153617854647 732 1572026693713
610.255765029552 425.117583316741 732 1572026693713
614.255602715268 425.081548778836 732 1572026693713
618.254443240016 425.157037653485 728 1572026693780
622.252997094734 425.264587971577 728 1572026693780
626.251550949451 425.37213828967 728 1572026693780
630.250104804169 425.479688607762 728 1572026693780
634.248658658887 425.587238925854 728 1572026693780
638.247212513605 425.694789243947 728 1572026693780
642.245201676906 425.820922204701 739 1572026693803
646.236420051254 426.058618295921 741 1572026693818
650.224869800995 425.760895170544 740 1572026693833
654.20259162954 426.00708719616 743 1572026693863
END STROKE
-210.005526513284 451.855467636002 138 1572026692098
-208.548628600722 452.701295107365 577 1572026692263
-204.576644012734 453.166364452354 611 1572026692278
-200.591668068714 453.19082854722 639 1572026692293
-196.599265951591 453.420663581913 649 1572026692308
-192.600750188202 453.498573355302 649 1572026692316
-188.601411957532 453.427670722012 656 1572026692338
-184.602108809767 453.353009270951 656 1572026692338
-180.636468931563 452.883089998955 655 1572026692346
-176.639652765914 452.829254714338 658 1572026692451
-172.63967381083 452.816279396041 658 1572026692451
-168.639694855746 452.803304077743 658 1572026692451
-164.639715900662 452.790328759446 658 1572026692451
-160.639736945578 452.777353441149 658 1572026692451
-156.639757990494 452.764378122851 658 1572026692451
-152.63977903541 452.751402804554 658 1572026692451
-148.639800080326 452.738427486257 658 1572026692451
-144.639821125242 452.725452167959 658 1572026692451
-140.639842170157 452.712476849662 658 1572026692451
-136.639863215073 452.699501531365 658 1572026692451
-132.639884259989 452.686526213067 658 1572026692451
-128.640206536416 452.65148814357 661 1572026692504
-124.641364369311 452.555252377966 661 1572026692504
-120.642522202206 452.459016612363 661 1572026692504
-116.643680035101 452.362780846759 661 1572026692504
-112.644837867996 452.266545081155 661 1572026692504
-108.64599570089 452.170309315552 661 1572026692504
-104.647153533785 452.074073549948 661 1572026692504
-100.65074029445 451.91867599789 663 1572026692526
-96.6574673412386 451.686789988933 663 1572026692526
-92.6641943880272 451.454903979975 663 1572026692526
END STROKE
250.969219172679 442.743996553876 706 1572026693127
254.967854198917 442.639507669589 706 1572026693127
258.966489225155 442.535018785302 706 1572026693127
262.95231765851 442.241696523865 706 1572026693134
266.932768268439 441.84997229152 711 1572026693164
270.918733406818 441.515185918395 711 1572026693164
274.904698545196 441.18039954527 711 1572026693164
278.890663683575 440.845613172145 711 1572026693164
282.876716461119 440.511955792715 712 1572026693187
286.866597085081 440.227609865142 712 1572026693187
290.856477709044 439.943263937568 712 1572026693187
294.846358333006 439.658918009994 712 1572026693187
298.836063302531 439.372126377542 712 1572026693225
302.825627577786 439.08337580419 712 1572026693225
306.815191853041 438.794625230838 712 1572026693225
310.804756128295 438.505874657486 712 1572026693225
314.79432040355 438.217124084134 712 1572026693225
318.783884678805 437.928373510781 712 1572026693225
322.7721763768 437.623559532065 701 1572026693247
326.757440334551 437.280527190944 701 1572026693247
330.742704292301 436.937494849823 701 1572026693247
334.727968250052 436.594462508702 701 1572026693247
338.718605939732 436.336882306595 714 1572026693292
342.715447377974 436.177953021831 714 1572026693292
346.712288816215 436.019023737067 714 1572026693292
350.709130254457 435.860094452303 714 1572026693292
354.705971692698 435.701165167539 714 1572026693292
358.70281313094 435.542235882775 714 1572026693292
362.699654569181 435.383306598011 714 1572026693292
366.696683024175 435.229435000402 713 1572026693322
370.694347115813 435.09275358093 713 1572026693322
374.692011207451 434.956072161457 713 1572026693322
378.689675299089 434.819390741985 713 1572026693322
382.687339390727 434.682709322512 713 1572026693322
386.682684884294 434.49822351146 720 1572026693360
390.674812193969 434.247385828199 720 1572026693360
394.666939503644 433.996548144938 720 1572026693360
398.65906681332 433.745710461676 720 1572026693360
402.651194122995 433.494872778415 720 1572026693360
406.643321432671 433.244035095154 720 1572026693360
410.638369709018 433.05362013071 721 1572026693382
414.6360771213 432.918211690104 721 1572026693382
418.633784533581 432.782803249497 721 1572026693382
422.631491945863 432.647394808891 721 1572026693382
426.627006014885 432.458991369384 723 1572026693435
430.622230472795 432.263590420263 723 1572026693435
434.617454930705 432.068189471142 723 1572026693435
438.612679388615 431.872788522022 723 1572026693435
442.607903846525 431.677387572901 723 1572026693435
446.603128304435 431.48198662378 723 1572026693435
450.598352762345 431.286585674659 723 1572026693435
454.593577220256 431.091184725538 723 1572026693435
458.587549762772 430.87299579132 725 1572026693457
462.580135648799 430.629566247711 725 1572026693457
466.572721534825 430.386136704101 725 1572026693457
470.565134584436 430.140021619588 726 1572026693465
474.555986654141 429.869651950921 726 1572026693465
478.550512030061 429.661672040231 729 1572026693502
482.545518322395 429.461860318316 729 1572026693502
486.540524614729 429.262048596401 729 1572026693502
490.535530907062 429.062236874486 729 1572026693502
494.530537199396 428.862425152571 729 1572026693502
498.525866350085 428.706226688011 729 1572026693510
502.523392960439 428.846871629316 729 1572026693510
506.52082655376 428.714968390412 728 1572026693525
510.51825623243 428.57159487792 728 1572026693525
514.503718499371 428.25395490333 728 1572026693532
518.491240950055 427.966015586104 729 1572026693563
522.488620037578 427.821238410306 729 1572026693563
526.485999125101 427.676461234507 729 1572026693563
530.483378212624 427.531684058708 729 1572026693563
END STROKE
-68.7031575109441 450.284852013934 668 1572026692601
-64.7040762933043 450.199123286421 668 1572026692601
-60.7049950756646 450.113394558907 668 1572026692601
-56.7059438649938 450.026311035634 664 1572026692616
-52.7069886442126 449.934893629268 664 1572026692616
-48.7093260056511 449.805158503824 668 1572026692631
-44.713300927105 449.626879027634 668 1572026692631
-40.7166333196881 449.464135700228 668 1572026692639
-36.7199338270048 449.301955393581 672 1572026692661
-32.7236051623689 449.130615952094 672 1572026692661
-28.7272764977329 448.959276510608 672 1572026692661
-24.7333505257159 448.741657843115 674 1572026692691
-20.7407642699023 448.498234364609 674 1572026692691
-16.7481780140887 448.254810886103 674 1572026692691
-12.755591758275 448.011387407597 674 1572026692691
-8.77682944977434 447.618923609292 674 1572026692699
-4.79720120039732 447.613953064502 679 1572026692721
-0.810550565963603 447.940475221437 679 1572026692721
3.17610006847011 448.266997378372 679 1572026692721
7.16986310689624 448.457379775864 685 1572026692759
11.168835254565 448.548053709107 685 1572026692759
15.1678074022337 448.63872764235 685 1572026692759
19.1667795499024 448.729401575593 685 1572026692759
23.1657516975711 448.820075508836 685 1572026692759
27.1647849640094 448.888192107371 685 1572026692774
31.1641897525042 448.819189659842 685 1572026692774
35.163594540999 448.750187212313 685 1572026692774
39.1634519849135 448.733660786454 687 1572026692781
END STROKE
43.163305731604 448.707326244154 692 1572026692849
47.1630589933726 448.662898269052 692 1572026692849
51.1628122551411 448.61847029395 692 1572026692849
55.1625655169097 448.574042318849 692 1572026692849
59.1623187786783 448.529614343747 692 1572026692849
63.1620720404469 448.485186368645 692 1572026692849
67.1618253022154 448.440758393544 692 1572026692849
71.161578563984 448.396330418442 692 1572026692849
75.1613318257526 448.35190244334 692 1572026692849
79.1610850875212 448.307474468239 692 1572026692849
83.1608383492897 448.263046493137 692 1572026692849
87.1604638732128 448.209145401959 690 1572026692894
91.1599608274397 448.145709504157 690 1572026692894
95.1594577816665 448.082273606354 690 1572026692894
99.1589547358934 448.018837708552 690 1572026692894
103.15845169012 447.95540181075 690 1572026692894
107.157948644347 447.891965912948 690 1572026692894
111.157445598574 447.828530015146 690 1572026692894
115.156942552801 447.765094117344 690 1572026692894
119.155253989209 447.842795742528 691 1572026692902
123.151873147545 447.820310547456 690 1572026692917
127.147079986001 447.624549678131 690 1572026692917
131.142286824456 447.428788808806 690 1572026692917
135.142051462127 447.419176211014 691 1572026692924
139.140476833464 447.515596950328 692 1572026692932
143.137222691293 447.492790299342 691 1572026692947
147.13275385534 447.3037645944 691 1572026692947
151.128285019387 447.114738889459 691 1572026692947
155.120296326064 446.863202354825 691 1572026692954
159.113243848206 446.626556209478 696 1572026692999
163.107113069554 446.405177252113 696 1572026692999
167.100982290903 446.183798294747 696 1572026692999
171.094851512251 445.962419337382 696 1572026692999
175.0887207336 445.741040380017 696 1572026692999
179.082589954949 445.519661422651 696 1572026692999
183.076459176297 445.298282465286 696 1572026692999
187.071364243497 445.132768322214 699 1572026693014
191.070694975102 445.205937299542 699 1572026693014
195.070025706707 445.27910627687 699 1572026693014
199.06880360303 445.188685908003 697 1572026693037
203.067548457604 445.088488163419 697 1572026693037
207.066293312178 444.988290418835 697 1572026693037
211.065871428892 444.954611649185 697 1572026693044
215.065687430052 444.925243449956 702 1572026693067
219.065373416438 444.87512349083 702 1572026693067
223.065059402825 444.825003531704 702 1572026693067
227.064021204879 444.745385551124 702 1572026693074
END STROKE
-77.2445337781465 457.523207438576 778 1572026828704
-73.7964866142326 458.784481191865 778 1572026828735
END STROKE
===NOTES===
Great Job
