1.00
USERID - 01/01/2000 01:00:00 AM - F - HS - EN - N/A
11/15/2019 11:9:24:412
11/15/2019 11:10:14:721
237.17921296566 239.746985118368 751 1573837814398
237.311818580957 243.743855478374 770 1573837814420
237.607304831872 247.716417893526 770 1573837814428
237.846098715354 251.67354447066 767 1573837814443
237.79655319617 255.671495294438 771 1573837814480
237.899410812453 259.6701726146 771 1573837814480
238.002268428736 263.668849934761 771 1573837814480
238.105126045019 267.667527254922 771 1573837814480
237.955453480676 271.663321469522 773 1573837814503
237.761329774394 275.65860819098 773 1573837814503
END STROKE
237.583886621905 279.654669882037 792 1573837814533
237.406735928111 283.650745160568 792 1573837814533
237.229585234318 287.646820439099 792 1573837814533
237.306801919288 291.645296881671 790 1573837814571
237.408483876679 295.644004270258 790 1573837814571
237.51016583407 299.642711658846 790 1573837814571
237.89523997549 303.604717882843 791 1573837814586
238.815546255715 307.497408000304 791 1573837814586
239.467384590708 311.441114441346 789 1573837814608
240.039103227769 315.400045837574 789 1573837814608
END STROKE
246.960827117988 411.037145731584 816 1573837814826
247.528597001634 414.996645366541 816 1573837814826
248.029385266532 418.963993777068 816 1573837814863
248.392360263303 422.947490877822 816 1573837814863
248.755335260074 426.930987978576 816 1573837814863
249.118310256845 430.914485079331 816 1573837814863
249.417463735129 434.902246734369 816 1573837814893
END STROKE
252.19443742565 470.74374924273 831 1573837814954
252.430953543239 474.732579980639 831 1573837814999
252.614523744153 478.728365508083 831 1573837814999
252.798093945066 482.724151035528 831 1573837814999
252.981664145979 486.719936562973 831 1573837814999
253.165234346893 490.715722090418 831 1573837814999
253.261772208893 494.714540618276 833 1573837815014
253.346402336128 498.713479878408 833 1573837815051
253.303949431765 502.713254590927 833 1573837815051
253.261496527402 506.713029303447 833 1573837815051
253.219043623038 510.712804015967 833 1573837815051
253.176590718675 514.712578728486 833 1573837815051
253.008764566589 518.705925121812 837 1573837815119
253.163017336772 522.702949775588 837 1573837815119
253.317270106955 526.699974429363 837 1573837815119
253.471522877139 530.696999083139 837 1573837815119
253.625775647322 534.694023736915 837 1573837815119
253.780028417505 538.69104839069 837 1573837815119
253.934281187689 542.688073044466 837 1573837815119
254.127242078838 546.681476163815 836 1573837815126
254.691230374126 550.641087114996 837 1573837815141
255.126011391923 554.61738758988 837 1573837815141
255.343912384323 558.605510001322 837 1573837815149
255.861309656623 562.567146634097 835 1573837815156
255.836283448711 566.56483020066 837 1573837815186
255.782281365187 570.564465655921 837 1573837815186
255.728279281663 574.564101111181 837 1573837815186
255.706518096848 578.563954210822 837 1573837815201
255.706518096848 582.563954210822 837 1573837815201
255.809793787272 586.562468365466 836 1573837815216
256.131593799975 590.538045973296 840 1573837815239
256.889401083507 594.465606045532 840 1573837815239
257.559619844089 598.404180011952 838 1573837815261
257.797778103521 602.397083797853 838 1573837815261
258.035936362954 606.389987583755 838 1573837815261
258.670819538967 610.331558704536 838 1573837815299
258.976849265787 614.319834748931 838 1573837815299
259.282878992607 618.308110793327 838 1573837815299
259.685156434988 622.287603844247 838 1573837815359
260.106062748573 626.265396935294 838 1573837815359
260.526969062157 630.243190026342 838 1573837815359
260.947875375741 634.220983117389 838 1573837815359
261.508071177414 638.161348705235 836 1573837815382
261.689408613662 642.147268438081 836 1573837815397
262.109472553993 646.042631330763 837 1573837815434
262.334603378618 649.420546904749 835 1573837815464
262.51548156309 653.407559939251 836 1573837815494
263.102913389923 657.321763937316 835 1573837815517
263.50236801635 661.271837328445 835 1573837815562
263.982537918728 665.163312249406 822 1573837815584
264.144439260449 669.152936827511 817 1573837815652
264.227579441414 673.151854556973 817 1573837815674
264.770427176195 677.068012648571 818 1573837815727
265.729185905127 680.894136989405 818 1573837815810
266.118480763678 683.929282350721 497 1573837815960
END STROKE
244.26305694056 359.170529096535 807 1573837814721
244.415508634687 363.167622850872 807 1573837814721
244.567960328813 367.164716605208 807 1573837814721
244.883860784462 371.148563509578 809 1573837814736
245.377066889695 375.118040520188 809 1573837814736
245.553765625883 379.107105185867 806 1573837814751
245.553765625883 383.107105185867 806 1573837814751
245.378592809639 387.101444477424 810 1573837814803
END STROKE
249.587703887549 438.898622378688 816 1573837814893
249.757944039969 442.894998023007 816 1573837814893
249.937154210441 446.890917557599 820 1573837814908
250.173161435466 450.883949061324 820 1573837814908
250.581543955193 454.860534570997 822 1573837814931
251.104856329986 458.826154845102 822 1573837814931
251.556256112829 462.797512508486 832 1573837814946
251.668338068389 466.795941904542 832 1573837814946
END STROKE
240.413415759519 319.378455828964 787 1573837814623
240.626466195245 323.372777988209 787 1573837814623
241.088188740823 327.344638219135 788 1573837814646
241.594341085778 331.312485217659 788 1573837814646
242.0999276731 335.280404266025 787 1573837814661
242.604421372385 339.248462494854 787 1573837814661
242.99260046762 343.228145438004 790 1573837814676
243.283392667275 347.217561422409 790 1573837814676
243.678651549282 351.197315929278 791 1573837814691
244.110605246433 355.173435342198 807 1573837814721
END STROKE
===NOTES===
Great Job
