1.00
USERID - 01/01/2000 01:00:00 AM - F - HS - EN - N/A
11/13/2019 10:52:8:138
11/13/2019 10:52:22:579
253.241531669623 200.489845110706 622 1573663942113
253.374279965095 196.492048481305 622 1573663942113
253.507028260566 192.494251851904 622 1573663942113
253.639776556037 188.496455222503 622 1573663942113
253.772524851509 184.498658593102 622 1573663942113
253.90527314698 180.500861963701 622 1573663942113
254.038021442452 176.5030653343 622 1573663942113
254.170769737923 172.505268704899 622 1573663942113
254.303518033394 168.507472075498 622 1573663942113
254.436266328866 164.509675446097 622 1573663942113
254.569014624337 160.511878816696 622 1573663942113
254.527994093814 156.513523419881 608 1573663942046
254.420958740699 152.514955747178 608 1573663942046
END STROKE
253.108783374152 204.487641740107 622 1573663942113
252.97603507868 208.485438369508 622 1573663942113
252.843286783209 212.483234998908 622 1573663942113
252.710538487738 216.481031628309 622 1573663942113
252.577790192266 220.47882825771 622 1573663942113
252.445041896795 224.476624887111 622 1573663942113
252.312293601323 228.474421516512 622 1573663942113
252.179545305852 232.472218145913 622 1573663942113
252.330190470524 236.468962541154 644 1573663942294
252.492622171923 240.465663173223 644 1573663942294
252.655053873322 244.462363805292 644 1573663942294
252.817485574721 248.459064437361 644 1573663942294
252.97991727612 252.45576506943 644 1573663942294
253.142348977519 256.452465701499 644 1573663942294
253.304780678918 260.449166333568 644 1573663942294
253.467212380317 264.445866965637 644 1573663942294
253.629644081716 268.442567597706 644 1573663942294
END STROKE
253.792075783115 272.439268229775 644 1573663942294
253.954507484514 276.435968861844 644 1573663942294
254.116939185913 280.432669493913 644 1573663942294
254.279370887312 284.429370125982 644 1573663942294
254.441802588711 288.426070758051 644 1573663942294
254.60423429011 292.42277139012 644 1573663942294
254.766665991509 296.419472022189 644 1573663942294
254.929097692908 300.416172654258 644 1573663942294
255.091529394307 304.412873286327 644 1573663942294
255.253961095706 308.409573918396 644 1573663942294
255.416392797105 312.406274550465 644 1573663942294
255.578824498504 316.402975182534 644 1573663942294
255.741256199903 320.399675814603 644 1573663942294
END STROKE
255.903687901302 324.396376446672 644 1573663942294
256.066119602701 328.393077078741 644 1573663942294
256.2285513041 332.38977771081 644 1573663942294
256.390983005499 336.386478342879 644 1573663942294
256.553414706898 340.383178974948 644 1573663942294
256.715846408297 344.379879607017 644 1573663942294
256.878278109696 348.376580239086 644 1573663942294
257.040709811095 352.373280871155 644 1573663942294
257.203141512494 356.369981503224 644 1573663942294
257.365573213893 360.366682135293 644 1573663942294
257.528004915291 364.363382767362 644 1573663942294
257.69043661669 368.360083399431 644 1573663942294
257.852868318089 372.3567840315 644 1573663942294
END STROKE
258.015300019488 376.353484663569 644 1573663942294
258.177731720887 380.350185295638 644 1573663942294
258.340163422286 384.346885927707 644 1573663942294
258.502595123685 388.343586559776 644 1573663942294
258.665026825084 392.340287191845 644 1573663942294
258.827458526483 396.336987823914 644 1573663942294
258.989890227882 400.333688455983 644 1573663942294
259.152321929281 404.330389088052 644 1573663942294
259.31475363068 408.327089720121 644 1573663942294
259.477185332079 412.32379035219 644 1573663942294
259.639617033478 416.320490984259 644 1573663942294
259.802048734877 420.317191616328 644 1573663942294
259.964480436276 424.313892248397 644 1573663942294
260.126912137675 428.310592880466 644 1573663942294
END STROKE
260.614207241872 440.300694776673 644 1573663942294
260.776638943271 444.297395408742 644 1573663942294
260.93907064467 448.294096040811 644 1573663942294
261.101502346069 452.29079667288 644 1573663942294
261.214460143257 456.288665024618 653 1573663942579
261.240770440678 460.288578494713 653 1573663942579
261.267080738099 464.288491964808 653 1573663942579
261.29339103552 468.288405434903 653 1573663942579
261.319701332941 472.288318904999 653 1573663942579
261.346011630363 476.288232375094 653 1573663942579
261.372321927784 480.288145845189 653 1573663942579
261.398632225205 484.288059315285 653 1573663942579
261.424942522626 488.28797278538 653 1573663942579
261.451252820047 492.287886255475 653 1573663942579
261.477563117468 496.28779972557 653 1573663942579
261.503873414889 500.287713195666 653 1573663942579
261.53018371231 504.287626665761 653 1573663942579
261.556494009731 508.287540135856 653 1573663942579
261.582804307152 512.287453605952 653 1573663942579
261.609114604573 516.287367076047 653 1573663942579
261.635424901994 520.287280546142 653 1573663942579
261.661735199415 524.287194016238 653 1573663942579
261.688045496836 528.287107486333 653 1573663942579
261.714355794257 532.287020956428 653 1573663942579
261.740666091678 536.286934426523 653 1573663942579
261.766976389099 540.286847896619 653 1573663942579
261.79328668652 544.286761366714 653 1573663942579
261.819596983941 548.286674836809 653 1573663942579
261.845907281362 552.286588306905 653 1573663942579
261.872217578783 556.286501777 653 1573663942579
261.898527876204 560.286415247095 653 1573663942579
261.924838173625 564.28632871719 653 1573663942579
261.951148471046 568.286242187286 653 1573663942579
261.977458768467 572.286155657381 653 1573663942579
262.003769065888 576.286069127476 653 1573663942579
262.030079363309 580.285982597572 653 1573663942579
262.05638966073 584.285896067667 653 1573663942579
262.082699958151 588.285809537762 653 1573663942579
262.109010255572 592.285723007858 653 1573663942579
262.135320552993 596.285636477953 653 1573663942579
262.161630850414 600.285549948048 653 1573663942579
262.187941147835 604.285463418143 653 1573663942579
262.214251445256 608.285376888239 653 1573663942579
262.240561742677 612.285290358334 653 1573663942579
262.266872040098 616.285203828429 653 1573663942579
262.293182337519 620.285117298525 653 1573663942579
262.31949263494 624.28503076862 653 1573663942579
262.345802932361 628.284944238715 653 1573663942579
262.372113229782 632.28485770881 653 1573663942579
262.398423527203 636.284771178906 653 1573663942579
262.424733824625 640.284684649001 653 1573663942579
262.451044122046 644.284598119096 653 1573663942579
262.477354419467 648.284511589192 653 1573663942579
262.503664716888 652.284425059287 653 1573663942579
262.529975014309 656.284338529382 653 1573663942579
262.55628531173 660.284251999478 653 1573663942579
262.582595609151 664.284165469573 653 1573663942579
262.608905906572 668.284078939668 653 1573663942579
262.635216203993 672.283992409763 653 1573663942579
262.661526501414 676.283905879859 653 1573663942579
262.687836798835 680.283819349954 653 1573663942579
262.714147096256 684.283732820049 653 1573663942579
262.740457393677 688.283646290145 653 1573663942579
262.766767691098 692.28355976024 653 1573663942579
262.793077988519 696.283473230335 653 1573663942579
262.81938828594 700.28338670043 653 1573663942579
262.845698583361 704.283300170526 653 1573663942579
262.872008880782 708.283213640621 653 1573663942579
262.898319178203 712.283127110716 653 1573663942579
262.924629475624 716.283040580812 653 1573663942579
END STROKE
===NOTES===
Great Job
