1.00
USERID - 01/01/2000 01:00:00 AM - F - HS - EN - N/A
10/25/2019 13:4:16:43
10/25/2019 13:4:48:896
238.412671102968 703.470350500195 773 1572026690150
238.771988793307 700.127898876222 749 1572026690022
238.233046524225 696.19019081881 741 1572026689940
238.053353412629 692.605101894192 732 1572026689752
238.053353412629 688.65621826694 731 1572026689685
238.053353412629 684.684123448237 733 1572026689655
237.954578636398 680.825543163437 731 1572026689632
237.482261213378 676.884875159414 734 1572026689594
237.299922778641 672.921728127875 732 1572026689572
236.504177544062 669.004780829314 734 1572026689564
236.256833493778 665.032596102218 732 1572026689534
236.256833493778 661.032596102218 732 1572026689534
235.928235176538 657.064943124124 736 1572026689497
235.869916196538 653.131043410629 735 1572026689482
235.648042144055 649.142830413278 733 1572026689467
235.497331066652 645.145670650253 733 1572026689467
235.401527607582 641.151206882788 736 1572026689429
235.115977349772 637.190457297617 734 1572026689422
235.292757455967 633.229199811885 734 1572026689399
235.131054481776 629.234091646292 735 1572026689392
235.055672674622 625.234802011475 735 1572026689392
235.016716047029 621.235485139089 736 1572026689362
235.086116694739 617.236087240643 736 1572026689362
235.15551734245 613.236689342196 736 1572026689362
235.331337100087 609.241275452608 735 1572026689332
235.561162278801 605.247883362263 735 1572026689332
235.790987457516 601.254491271918 735 1572026689332
236.02081263623 597.261099181573 735 1572026689332
236.805146148536 593.351811088887 736 1572026689294
236.885447456081 589.373886878096 736 1572026689287
236.80717120788 585.375202819538 737 1572026689272
236.870562657226 581.375705160563 737 1572026689272
236.933954106571 577.376207501587 737 1572026689272
236.99833104939 573.376725814452 736 1572026689249
237.06457813567 569.37727443663 736 1572026689249
237.130825221951 565.377823058808 736 1572026689249
237.234241253624 561.379260067313 728 1572026689226
237.359144878559 557.381210657354 728 1572026689226
237.484048503494 553.383161247394 728 1572026689226
237.800989418935 549.397228794691 725 1572026689204
238.179604740829 545.415187805697 725 1572026689204
238.653105695759 541.443500563304 725 1572026689189
239.14220096218 537.473514943637 725 1572026689189
239.631296228602 533.50352932397 725 1572026689189
239.850275208315 529.510324119007 721 1572026689166
240.04588002204 525.515109637049 721 1572026689166
240.241484835764 521.51989515509 721 1572026689166
240.437089649488 517.524680673132 721 1572026689166
240.632694463212 513.529466191174 721 1572026689166
240.825983088275 509.534139952553 709 1572026689121
241.015931571697 505.538652551291 709 1572026689121
241.107519514086 501.540828402479 702 1572026689106
241.107519514086 497.540828402479 702 1572026689106
241.107519514086 493.540828402479 702 1572026689106
241.107519514086 489.540828402479 702 1572026689106
241.107519514086 485.540828402479 700 1572026689076
241.107519514086 481.540828402479 700 1572026689076
241.107519514086 477.540828402479 700 1572026689076
241.107519514086 473.540828402479 700 1572026689076
241.107519514086 469.540828402479 700 1572026689076
240.789129789112 465.557361796171 691 1572026689031
240.818588708388 461.560174348167 693 1572026689024
240.896691032651 457.560936917488 693 1572026689024
240.863848940322 453.562095621149 691 1572026689001
240.757189890755 449.563517893113 691 1572026689001
END STROKE
235.526024675034 293.945670046047 656 1572026688648
236.077657021496 297.905467621457 657 1572026688671
236.404568174096 301.89208637653 657 1572026688671
236.760051037771 305.876069498096 662 1572026688693
237.167952057985 309.85521724073 662 1572026688693
237.575853078198 313.834364983364 662 1572026688693
238.078739047189 317.802156524337 662 1572026688708
238.603128588336 321.766939082456 662 1572026688716
238.85174587948 325.758304745412 663 1572026688731
239.27604503139 329.735737363281 663 1572026688731
239.705527121598 333.71261017094 663 1572026688746
240.140312236824 337.688910197796 663 1572026688746
240.571645927241 341.665487233108 674 1572026688776
240.776383463585 345.660244114473 674 1572026688776
240.981120999929 349.655000995838 674 1572026688776
END STROKE
227.453789945435 175.655758046896 164 1572026688032
228.352049904857 179.047940374928 574 1572026688190
227.641127490948 182.913456749254 601 1572026688243
227.651480318771 186.861667938362 603 1572026688280
227.778487841238 190.721520171914 605 1572026688318
227.662150343816 194.715236545882 616 1572026688348
227.882724039102 198.707475237214 617 1572026688363
227.633454236695 202.602791584763 625 1572026688385
227.813039102929 206.597887090336 624 1572026688408
227.813039102929 210.597887090336 624 1572026688408
228.065967964064 214.545621273292 639 1572026688445
228.719724058076 218.491835024413 639 1572026688445
229.010424180221 222.475327442786 644 1572026688460
229.419386426495 226.449781363657 646 1572026688483
229.976908282331 230.410677467454 645 1572026688498
230.743432778161 234.336545549457 645 1572026688498
END STROKE
231.751612978694 238.20587517306 642 1572026688521
232.806327938578 242.064317391546 642 1572026688521
233.214020789929 246.041504104098 645 1572026688551
233.598131035096 250.023018805761 645 1572026688551
234.002269365792 254.002279794183 644 1572026688566
234.51262150935 257.969588792681 644 1572026688566
234.728636358791 261.960122840877 645 1572026688581
234.854900743256 265.958102120043 648 1572026688603
235.008223381408 269.955162560996 648 1572026688603
235.161546019561 273.952223001949 648 1572026688603
235.178880422767 277.951890660278 651 1572026688618
235.178880422767 281.951890660278 652 1572026688626
235.239406423949 285.950806071085 656 1572026688648
235.382715549492 289.948238058566 656 1572026688648
END STROKE
241.191055071387 353.649482688505 674 1572026688783
241.406424187309 357.64367963972 673 1572026688798
241.619474623036 361.638001798965 673 1572026688798
242.026168964052 365.616585085805 675 1572026688813
242.316965234546 369.596795895694 675 1572026688821
242.145768886752 373.592709211673 694 1572026688896
242.04593920141 377.591463271867 694 1572026688896
241.946109516068 381.590217332062 694 1572026688896
241.846279830727 385.588971392257 694 1572026688896
241.746450145385 389.587725452452 694 1572026688896
241.646620460043 393.586479512647 694 1572026688896
241.546790774701 397.585233572841 694 1572026688896
241.44696108936 401.583987633036 694 1572026688896
END STROKE
240.927894935343 437.566093804924 693 1572026688964
240.927894935343 433.566093804924 693 1572026688964
240.927894935343 429.566093804924 693 1572026688964
240.920077621787 425.56627955592 694 1572026688934
240.757895726433 421.570486835777 692 1572026688926
240.859597065142 417.571779940079 692 1572026688926
240.996196395079 413.574424966098 693 1572026688911
241.204149347312 409.579834177336 693 1572026688911
241.347131404018 405.582741693231 694 1572026688896
END STROKE
===NOTES===
Great Job
