1.00
USERID - 01/01/2000 01:00:00 AM - F - HS - EN - N/A
11/12/2019 16:0:28:226
11/12/2019 16:3:2:798
196.663785487549 502.247630667002 655 1573596181987
196.663785487549 498.247630667002 655 1573596181987
196.887095806789 494.269613575183 683 1573596182002
197.298449041949 490.320776010702 677 1573596182017
197.074252260682 486.335957716198 676 1573596182039
197.243857014781 482.340306647563 674 1573596182107
197.331294246293 478.341262420433 674 1573596182107
197.418731477805 474.342218193303 674 1573596182107
197.506168709318 470.343173966172 674 1573596182107
197.626105998119 466.345205289243 672 1573596182152
197.803257603335 462.349130051116 672 1573596182152
197.980409208551 458.35305481299 672 1573596182152
198.14748590566 454.356572694039 673 1573596182167
198.252367726477 450.360131399765 671 1573596182182
197.929444973687 446.373187595831 671 1573596182182
END STROKE
197.373300000952 370.445794005456 700 1573596182430
197.542985124103 374.442193254653 700 1573596182430
197.712670247253 378.43859250385 700 1573596182430
197.882355370403 382.434991753047 700 1573596182430
198.107172890968 386.427989934774 701 1573596182377
198.163230102106 390.42759711412 701 1573596182377
198.219287313244 394.427204293467 701 1573596182377
198.275344524382 398.426811472813 701 1573596182377
198.51835726967 402.418981115268 703 1573596182332
198.78020219014 406.410401568894 703 1573596182332
198.453234693511 410.381216233486 679 1573596182294
198.427502386478 414.381133463677 679 1573596182294
198.401770079445 418.381050693867 679 1573596182294
198.376037772412 422.380967924058 679 1573596182294
198.350305465379 426.380885154248 679 1573596182294
198.324573158346 430.380802384439 679 1573596182294
198.298840851313 434.380719614629 679 1573596182294
198.234983690418 438.379756514287 672 1573596182212
END STROKE
195.730611829008 310.657806190476 706 1573596182572
195.901940262988 314.654135327035 706 1573596182572
197.021419010151 318.4527519004 705 1573596182550
196.975061522714 322.452158450592 707 1573596182542
196.927011064888 326.451869834367 707 1573596182542
196.878960607061 330.451581218143 707 1573596182542
196.854817587393 334.451306150173 705 1573596182505
196.898334773123 338.451069424986 705 1573596182505
196.941851958853 342.4508326998 705 1573596182505
196.985369144584 346.450595974613 705 1573596182505
197.028886330314 350.450359249427 705 1573596182505
197.072403516044 354.45012252424 705 1573596182505
197.115920701775 358.449885799053 705 1573596182505
197.159437887505 362.449649073867 705 1573596182505
197.203614877802 366.449394756259 700 1573596182430
END STROKE
189.333791145189 119.454308847203 747 1573596183526
189.548225251156 123.37606590652 747 1573596183398
189.728163070379 127.30072539463 751 1573596183353
189.534993490615 131.237017714164 751 1573596183323
189.221109802934 135.165844362739 754 1573596183286
189.298884251414 139.141111178314 722 1573596183203
189.478554429226 143.015235050532 723 1573596183158
189.793608797443 146.988493394433 723 1573596183136
189.881687746399 150.984733045871 725 1573596183121
189.942438619786 154.984271685687 725 1573596183121
190.003189493173 158.983810325503 725 1573596183121
190.008755234807 162.963504079746 705 1573596183053
190.39837841889 166.943064350227 706 1573596183030
190.539352526305 170.940579365964 706 1573596183030
190.729600290988 174.935289389444 703 1573596182993
190.444713651229 178.923924807311 704 1573596182985
END STROKE
192.378266756102 238.788646902545 705 1573596182760
192.531618600148 242.785706223086 705 1573596182760
192.684970444194 246.782765543628 705 1573596182760
193.017556301753 250.767972994287 705 1573596182723
193.35800225265 254.75345873062 705 1573596182723
193.698448203548 258.738944466954 705 1573596182723
193.764071739608 262.734943023076 705 1573596182692
193.729089825837 266.734790053365 705 1573596182692
193.694107912065 270.734637083653 705 1573596182692
193.659125998294 274.734484113942 705 1573596182692
193.624144084523 278.734331144231 705 1573596182692
193.747483686766 282.730319110326 707 1573596182640
193.980123857659 286.72352019943 706 1573596182625
194.291579242699 290.711376207755 706 1573596182625
194.603034627738 294.699232216079 706 1573596182625
194.914490012778 298.687088224404 706 1573596182625
195.225945397818 302.674944232728 706 1573596182625
195.537400782858 306.662800241053 706 1573596182625
END STROKE
194.148951190931 721.734228924388 492 1573596181115
194.148951190931 717.734228924388 492 1573596181115
193.756772460266 713.762914382198 522 1573596181146
193.677732193901 709.772053564281 513 1573596181176
193.969349537214 705.783844041036 512 1573596181183
194.310834904438 701.803955531805 525 1573596181206
194.655931553196 697.826803433097 527 1573596181221
194.497912814538 693.829944893207 543 1573596181243
194.379733552026 689.831691066608 543 1573596181243
194.417042020658 685.834174449979 541 1573596181288
194.573128753273 681.83722099367 541 1573596181288
194.559920621424 677.847199430517 540 1573596181296
194.685467307451 673.854728854261 546 1573596181311
194.508214841554 669.864577204 547 1573596181341
194.1935249733 665.885590948687 552 1573596181356
194.53986657575 661.902038056253 553 1573596181378
194.633283431026 657.909373967815 549 1573596181401
194.591171673542 653.914857108286 552 1573596181416
194.635260295761 649.917793862366 553 1573596181438
194.5231783402 645.919364466311 553 1573596181438
194.350435084731 641.923167224546 553 1573596181453
194.769104670976 637.951348976005 568 1573596181468
194.798588989804 633.95827035494 565 1573596181498
194.712832445009 629.959189733719 565 1573596181498
194.630471566957 625.960038331603 574 1573596181528
194.549508545036 621.960857791907 574 1573596181528
194.556912899304 617.961880438902 606 1573596181551
194.656265923839 613.963114507204 606 1573596181551
194.812056409977 609.966335209037 608 1573596181596
194.994118966246 605.970480703977 608 1573596181596
195.176181522514 601.974626198918 608 1573596181596
195.575150896922 597.996863530925 606 1573596181611
195.456539216778 593.999667739946 607 1573596181634
195.958357436834 590.062573231895 638 1573596181649
196.124912002301 586.109038882906 630 1573596181679
196.124912002301 582.109038882906 630 1573596181679
196.453849251641 578.12790681734 628 1573596181694
196.207066166502 574.143843600646 627 1573596181739
196.045208719188 570.147119671382 627 1573596181739
195.978032903027 566.149494592243 624 1573596181769
196.063788806678 562.150413957274 624 1573596181769
196.427861607727 558.191728150406 626 1573596181776
196.726661733405 554.224028166268 624 1573596181806
196.807655632791 550.224848251803 624 1573596181806
196.820855177049 546.225325164277 621 1573596181866
196.780351856455 542.225530234406 621 1573596181866
196.73984853586 538.225735304535 621 1573596181866
196.699345215266 534.225940374665 621 1573596181866
196.693388235795 530.227018715856 662 1573596181889
196.935926331581 526.23437857779 662 1573596181889
196.871834888403 522.24148767085 653 1573596181911
196.663785487549 518.247630667002 655 1573596181987
196.663785487549 514.247630667002 655 1573596181987
196.663785487549 510.247630667002 655 1573596181987
196.663785487549 506.247630667002 655 1573596181987
END STROKE
190.553502463328 182.915222133363 702 1573596182963
190.518798169115 186.915071582025 702 1573596182963
190.484093874901 190.914921030687 702 1573596182963
190.449389580688 194.91477047935 702 1573596182963
190.414685286474 198.914619928012 702 1573596182963
190.379980992261 202.914469376674 702 1573596182963
190.482260457957 206.912916485287 701 1573596182888
190.598843992753 210.911217159251 701 1573596182888
190.715427527549 214.909517833214 701 1573596182888
191.227815401573 218.871402830039 703 1573596182843
191.697337666115 222.843750856471 703 1573596182843
191.990900372026 226.82375915522 707 1573596182813
192.30292152928 230.796135809091 705 1573596182798
192.174324129908 234.79406811328 705 1573596182798
END STROKE
===NOTES===
Great Job
