1.00
USERID - 01/01/2000 01:00:00 AM - F - HS - EN - N/A
11/14/2019 12:59:1:932
11/14/2019 12:59:52:112
256.019358338088 840.118641995025 842 1573757993374
256.047905911121 836.120705029278 842 1573757993351
256.137143403384 832.121700569419 842 1573757993351
256.226380895646 828.12269610956 842 1573757993351
256.409218558055 824.12742816014 841 1573757993321
256.691882818106 820.137866799088 842 1573757993306
257.040451017563 816.153083215212 842 1573757993306
257.300459422005 812.161737581461 842 1573757993284
257.939564289025 808.231298407397 842 1573757993261
257.939564289025 804.231298407397 842 1573757993254
258.05286119546 800.234245453318 842 1573757993246
258.220070971595 796.238594865002 842 1573757993231
258.220070971595 792.238594865002 842 1573757993231
258.477576972725 788.25263137594 842 1573757993216
258.912360722132 784.27633119974 842 1573757993216
259.216665573878 780.289048452796 842 1573757993193
259.452670374158 776.296016805758 842 1573757993193
259.563468880671 772.302625336058 843 1573757993171
259.350418444944 768.308303176813 843 1573757993171
259.137368009218 764.313981017568 843 1573757993171
259.564900941556 760.365527622363 842 1573757993148
260.194280421873 756.415590530999 842 1573757993141
261.107218697022 752.530360894805 842 1573757993126
261.969701941263 748.626711391876 843 1573757993118
262.773046491623 744.708211993713 843 1573757993118
263.576391041984 740.78971259555 843 1573757993118
264.186517546729 736.838773735777 841 1573757993073
264.727048900201 732.876216195095 841 1573757993058
265.555216967465 728.962887988521 841 1573757993058
266.364597478923 725.046981329693 840 1573757993043
266.621342818582 721.055229605128 840 1573757993043
267.316515587373 717.13535677497 840 1573757993028
267.607299817459 713.145940209664 840 1573757993028
268.263730704291 709.219213008939 840 1573757993013
268.941368742533 705.285836447797 839 1573757993006
269.442065084529 701.317297274107 839 1573757993006
270.553907500287 697.47494758424 839 1573757992991
271.665993643111 693.632648219154 839 1573757992991
271.967252918493 689.675368631874 837 1573757992968
271.967252918493 685.675368631874 836 1573757992961
272.037750305708 681.676652702652 834 1573757992946
272.183417537855 677.679305950433 834 1573757992946
272.282147595602 673.680742686117 834 1573757992931
272.343742352168 669.681216953488 834 1573757992931
272.405337108735 665.681691220859 834 1573757992931
272.466931865301 661.68216548823 834 1573757992931
272.530493704999 657.682815256531 834 1573757992893
273.177902184056 653.735555161066 834 1573757992893
273.338046181742 649.751875698796 834 1573757992871
273.169974098863 645.755408286824 834 1573757992871
273.001902015984 641.758940874852 834 1573757992871
272.833829933106 637.76247346288 834 1573757992871
272.576642189541 633.77092416235 833 1573757992841
272.241539770355 629.785091331716 833 1573757992833
272.051524476809 625.801241247534 832 1573757992818
271.967252918493 621.832740804106 832 1573757992803
272.247759601063 617.863049000215 832 1573757992788
272.508928633607 613.888602046931 833 1573757992773
272.427950172952 609.889421819821 833 1573757992773
272.346971712297 605.89024159271 833 1573757992773
272.265993251642 601.8910613656 833 1573757992773
272.180010320076 597.891986515807 831 1573757992743
272.092573088564 593.892942288676 831 1573757992743
272.005135857051 589.893898061546 831 1573757992743
272.097473070645 585.898055334208 829 1573757992713
272.292236587183 581.903090323285 828 1573757992698
272.420810209658 577.90515725436 828 1573757992698
272.549383832133 573.907224185435 828 1573757992698
272.677957454609 569.90929111651 828 1573757992698
272.806531077084 565.911358047586 828 1573757992698
273.058476033941 561.930738489729 827 1573757992645
272.991710739771 557.931295729107 827 1573757992645
272.924945445601 553.931852968485 827 1573757992645
272.858180151431 549.932410207863 827 1573757992645
272.791414857261 545.93296744724 827 1573757992645
272.724649563091 541.933524686618 827 1573757992645
272.657884268921 537.934081925996 827 1573757992645
272.59111897475 533.934639165373 827 1573757992645
272.544520583308 529.935716236768 825 1573757992585
272.808879988975 525.944738843975 825 1573757992578
272.808879988975 521.944738843975 825 1573757992578
272.778149589791 517.945134093396 825 1573757992563
END STROKE
272.263761157153 497.951750074167 825 1573757992563
272.14523075414 493.953512289771 817 1573757992518
272.023817305813 489.955355367567 817 1573757992518
272.23981842237 485.973671962193 818 1573757992503
272.591646784449 481.993304284405 818 1573757992495
272.737341768217 477.995958543578 818 1573757992495
273.345715542956 474.069312804365 816 1573757992480
273.650560570842 470.110227352366 813 1573757992473
274.12947906212 466.148764384958 813 1573757992465
274.769072060979 462.20023037905 813 1573757992465
274.555642656845 458.206456466987 813 1573757992450
274.651053214148 454.212640358183 810 1573757992442
274.874996166947 450.2189140839 810 1573757992442
END STROKE
275.095689024853 446.225012074027 810 1573757992427
275.303681540373 442.230423345073 810 1573757992427
275.588090690798 438.240671965484 812 1573757992420
275.885473345436 434.251741838655 812 1573757992420
276.194713299914 430.264426210298 812 1573757992405
276.974655307935 426.34120171199 812 1573757992405
277.754597315957 422.417977213683 812 1573757992405
278.039043836314 418.432928049284 811 1573757992390
278.247034467836 414.438339222233 811 1573757992390
278.462010135597 410.444150453638 810 1573757992367
278.71145282054 406.451935736601 810 1573757992367
278.960895505482 402.459721019564 810 1573757992367
279.380652887974 398.482130208536 808 1573757992352
END STROKE
279.81541915541 394.505828120829 808 1573757992352
280.250185422846 390.529526033122 808 1573757992352
280.684951690282 386.553223945416 808 1573757992352
281.119717957718 382.576921857709 808 1573757992352
281.554484225154 378.600619770003 808 1573757992352
281.786592150013 374.613271333976 806 1573757992315
281.86356133623 370.615650972569 805 1573757992307
282.110659304868 366.623290443521 805 1573757992307
282.357757273507 362.630929914474 805 1573757992307
282.604855242146 358.638569385427 805 1573757992307
282.776984914893 354.642348492814 799 1573757992285
282.941266029251 350.645723452175 799 1573757992285
283.105547143608 346.649098411535 799 1573757992285
283.269828257965 342.652473370896 799 1573757992285
283.434109372323 338.655848330257 799 1573757992285
283.59839048668 334.659223289617 799 1573757992285
283.762671601038 330.662598248978 799 1573757992285
283.926952715395 326.665973208339 799 1573757992285
284.180527363211 322.675754087974 794 1573757992232
284.588428383424 318.69660634534 794 1573757992232
284.996329403638 314.717458602706 794 1573757992232
END STROKE
288.862889655163 179.108640055803 748 1573757991969
289.030962968842 183.105107416013 748 1573757991969
289.361556852658 187.073736158318 745 1573757991999
289.361556852658 191.073736158318 745 1573757991999
289.361556852658 195.073736158318 746 1573757992007
289.361556852658 199.073736158318 748 1573757992014
289.685267954531 203.040383664178 751 1573757992029
290.478988912435 206.95797156733 757 1573757992052
290.249172931268 210.951364186995 757 1573757992052
290.0193569501 214.944756806661 757 1573757992052
289.764684243575 218.936584879774 760 1573757992067
289.49196130207 222.927276824434 760 1573757992067
289.435137638486 226.921528829029 778 1573757992082
289.576139472149 230.919042866891 778 1573757992082
289.494714627904 234.912769128366 788 1573757992112
289.217684084093 238.903164356636 788 1573757992112
288.940653540283 242.893559584905 788 1573757992112
END STROKE
285.404230423851 310.738310860072 794 1573757992232
285.779737140758 306.756396645349 795 1573757992210
286.049087306768 302.765480993621 795 1573757992202
286.305818302976 298.773728346527 795 1573757992202
286.562549299184 294.781975699432 795 1573757992202
286.819280295392 290.790223052338 795 1573757992202
286.91813335656 286.791670181861 793 1573757992180
287.005587260228 282.792626319294 793 1573757992180
287.093041163896 278.793582456728 793 1573757992180
287.288131974231 274.798894953895 793 1573757992157
287.524139199256 270.805863450171 793 1573757992157
287.9028934865 266.828712870831 793 1573757992142
288.519876270791 262.878971050489 795 1573757992135
288.519876270791 258.878971050489 795 1573757992135
288.519876270791 254.878971050489 795 1573757992135
288.519876270791 250.878971050489 795 1573757992135
288.663622996472 246.883954813175 788 1573757992112
END STROKE
===NOTES===
Great Job
