1.00
USERID - 01/01/2000 01:00:00 AM - F - HS - EN - N/A
11/15/2019 11:9:24:412
11/15/2019 11:9:26:915
-193.370386617708 627.411229192011 287 1573837871667
-189.513366764547 626.401187048451 569 1573837871735
-185.616296865645 625.592080431332 589 1573837871765
-181.701510576587 625.255613811296 630 1573837871810
-177.798758807897 624.477791967963 631 1573837871825
-173.85582689221 623.853309135841 668 1573837871863
-169.863763164946 623.601461567937 668 1573837871863
-165.869561257575 623.409002671033 685 1573837871893
-161.934850457057 622.689245131102 685 1573837871893
-157.958278399938 622.322032606989 690 1573837871915
-154.025700357623 621.607892596343 697 1573837871923
-150.085063755583 621.145917050619 696 1573837871930
-146.131659747475 620.580750513873 698 1573837871945
-142.201194919691 619.914581592862 703 1573837871968
-138.253684414564 619.451792331351 702 1573837871975
-134.332116567413 618.896727147458 706 1573837871990
-130.376448961122 618.439778095502 718 1573837872028
-126.463659755386 617.609067176184 718 1573837872028
-122.55087054965 616.778356256865 718 1573837872028
-118.623193621548 616.026958811793 724 1573837872043
-114.670078658771 615.426261504891 728 1573837872058
-110.683831706778 615.094847507416 728 1573837872058
-106.709507874138 614.65045744707 734 1573837872088
-102.741898244599 614.142447774335 734 1573837872088
-98.7739559028113 613.63705592595 735 1573837872103
-94.8058388498445 613.133334598476 736 1573837872111
-90.8394332943298 612.625762862916 739 1573837872133
-86.8599208194229 612.221435690863 739 1573837872133
-82.9243266443569 611.659171000054 749 1573837872148
-78.9614520404709 611.238362198149 751 1573837872171
-75.0232387864428 610.538022019523 751 1573837872171
-71.0460613933606 610.11694559554 749 1573837872186
-67.154946889013 609.247771749211 750 1573837872208
-63.2530992383136 608.367461507906 750 1573837872216
-59.3136328820521 607.686094831969 750 1573837872231
-55.3316437953246 607.419008533971 753 1573837872253
-51.3586459602874 606.955693108766 753 1573837872261
-47.397792631485 606.404394401588 751 1573837872276
-43.4594379472805 605.76653295535 751 1573837872306
-39.5081454455901 605.155746911542 754 1573837872321
-35.5645909696586 604.542339437033 755 1573837872336
-31.5836052622634 604.36360206689 761 1573837872351
-27.6782101610177 603.539032309596 757 1573837872373
END STROKE
-190.518195087719 627.665935252952 785 1573837878153
-189.200490083568 623.967213455596 788 1573837878086
-187.81005269726 620.231020295042 787 1573837878078
-186.496999650024 616.639549981897 786 1573837878026
-185.221524687834 612.84835444212 786 1573837878026
-183.468839678624 609.283993101088 785 1573837877981
-182.264246465726 605.492496519495 786 1573837877966
-181.126168109022 601.667922264231 785 1573837877943
-180.057086531177 597.825708011831 784 1573837877913
-178.527916753836 594.129542459253 784 1573837877913
-176.687005151538 590.588832934118 788 1573837877868
-175.10027463375 586.964455059828 787 1573837877853
-173.737633843274 583.208754559124 786 1573837877845
-172.114819729509 579.566852385988 782 1573837877815
-170.214163389924 576.09386235494 785 1573837877800
-168.589028060417 572.446974176731 783 1573837877770
-166.718414877257 568.911326241912 783 1573837877770
-164.813605160171 565.394071125911 785 1573837877748
-162.979385058449 561.88751394713 784 1573837877725
-160.766177635158 558.558204959415 784 1573837877718
-158.72582939619 555.125433047162 784 1573837877695
-156.977501887904 551.527746161986 784 1573837877695
-155.100515588521 547.997002382393 781 1573837877673
-153.157648958488 544.50053713047 781 1573837877673
-151.214782328456 541.004071878547 781 1573837877673
-149.514174625924 537.386633994004 777 1573837877635
-147.886507147087 533.732773216916 777 1573837877635
-146.157258476478 530.129712543139 778 1573837877605
-144.210247086284 526.635553610513 778 1573837877605
-142.26323569609 523.141394677886 778 1573837877605
-140.316224305896 519.64723574526 778 1573837877605
-138.369212915701 516.153076812633 778 1573837877605
-136.421062665518 512.659553109768 753 1573837877552
-134.471077247024 509.167053021341 753 1573837877552
-132.439310642118 505.72937092465 763 1573837877530
-130.491109883123 502.278996019135 763 1573837877522
-128.475945216288 498.849448677112 762 1573837877515
-126.525349333927 495.359498577382 763 1573837877507
-124.566181668926 491.872830119988 763 1573837877492
-122.51729143838 488.437419107725 763 1573837877492
-120.684085262462 484.88555879671 759 1573837877477
-118.691361149662 481.418663790234 760 1573837877470
END STROKE
-117.728883776053 480.83963841473 723 1573837880314
-115.38007353846 484.072637267002 731 1573837880337
-112.653486145097 486.916190294969 735 1573837880359
-110.30971654284 490.156402127861 736 1573837880389
-107.983404932884 493.410364987727 736 1573837880389
-105.363314497979 496.401340721681 739 1573837880404
-103.375651760794 499.775542687808 741 1573837880442
-100.896667019382 502.914751927703 741 1573837880442
-98.5552574590236 506.143972744648 745 1573837880457
-96.1508904733471 509.328700127268 744 1573837880472
-93.9254634366569 512.65247333506 745 1573837880494
-91.7114354779239 515.983647926272 742 1573837880524
-89.5719468110757 519.363379904466 742 1573837880524
-87.3479256841668 522.684019405324 746 1573837880547
-84.9086860586681 525.854210259105 746 1573837880547
-82.2766756524564 528.864715848626 748 1573837880569
-79.811158124257 531.998371720882 752 1573837880592
-77.6229892131487 535.340332279083 751 1573837880607
-74.9880659983664 538.340452161836 749 1573837880622
-72.7815265841378 541.662720828397 751 1573837880644
-70.2450879246884 544.75569333504 751 1573837880644
-67.9132859861965 548.004155220552 750 1573837880667
-65.5073425925429 551.196281961744 755 1573837880682
-62.9565394634157 554.277324599714 754 1573837880705
-60.3818458146626 557.338525771651 754 1573837880705
-57.522820910442 560.135102926461 753 1573837880720
-55.2989302397771 563.45505248788 753 1573837880750
-53.1047763226163 566.799553734375 753 1573837880750
-50.8481821239171 570.070175612674 754 1573837880772
-48.7311931936607 573.446319248209 754 1573837880780
-46.3145396441529 576.631657531299 757 1573837880795
-43.9591267800609 579.859769183353 754 1573837880817
-41.3020536971328 582.834480838803 755 1573837880840
-38.9458432430472 586.066859575284 755 1573837880840
-36.2181105857412 588.972123036843 755 1573837880862
-33.8733180137098 592.175595357411 756 1573837880877
-31.2335839837287 595.174875740026 756 1573837880907
-28.4847170007417 598.077224858441 755 1573837880930
-25.9249845798058 601.144885387496 755 1573837880945
-23.2315645613195 604.063293794982 754 1573837880982
END STROKE
-104.262271637661 457.426167503938 745 1573837877425
-102.150463529372 454.029165729974 745 1573837877395
-100.07378042544 450.61048363217 745 1573837877395
-97.997097321509 447.191801534366 745 1573837877395
-95.9204142175775 443.773119436562 745 1573837877395
-94.1598476872091 440.186364617927 746 1573837877365
-92.477626839036 436.557596130674 721 1573837877350
-90.610394748862 433.020161421534 721 1573837877350
-88.743162658688 429.482726712395 721 1573837877350
-86.6664313615186 426.082779048168 719 1573837877327
-84.357504118647 422.824038796713 719 1573837877320
-82.2180345020578 419.444294759113 719 1573837877320
END STROKE
-80.0785648854686 416.064550721513 719 1573837877320
-77.8841420432709 412.720455449169 714 1573837877297
-75.6700570686563 409.389115219593 714 1573837877297
-73.5070256260243 406.026557077288 707 1573837877275
-71.5506837441488 402.537613620994 707 1573837877275
-69.552869145056 399.072884057513 708 1573837877260
-67.4761860411263 395.654201959708 708 1573837877260
-65.1688102078364 392.394861593589 689 1573837877245
-63.0081316830809 389.031846598265 687 1573837877237
-60.8956140977349 385.635190970798 687 1573837877237
-58.7830965123888 382.238535343331 687 1573837877237
-56.6705789270428 378.841879715864 687 1573837877237
-54.5580613416967 375.445224088397 687 1573837877237
-52.6835919764984 371.920394303422 682 1573837877184
-50.4786201075207 368.611250784631 662 1573837877177
-48.5489273811131 365.111320028796 663 1573837877169
-46.6544968264193 361.588376249307 663 1573837877169
-44.7618835954409 358.064464220952 630 1573837877139
-42.8946322956037 354.527039651685 630 1573837877139
-40.6064829027192 351.261999697185 590 1573837877124
-38.5186989876346 347.850985114421 581 1573837877117
END STROKE
-212.044131273269 350.839577187315 112 1573837874538
-208.426296645474 350.828396789892 661 1573837874688
-204.451107261968 350.406386848671 675 1573837874703
-200.459090151718 350.153813958094 676 1573837874726
-196.467597320072 349.893074672757 676 1573837874726
-192.478245823421 349.606673783851 678 1573837874741
-188.498740890454 349.202272388587 678 1573837874741
-184.510691018673 348.912062314622 678 1573837874748
-180.521490821206 348.625651952356 681 1573837874763
-176.532830388692 348.352396788243 681 1573837874771
-172.563835953955 348.055334956036 683 1573837874778
-168.585781090417 347.775841405539 685 1573837874808
-164.587146064178 347.671352521252 685 1573837874808
-160.58851103794 347.566863636965 685 1573837874808
-156.590772646907 347.434458204456 693 1573837874831
-152.593673924772 347.282136815594 693 1573837874831
-148.598620591689 347.08937981521 692 1573837874846
-144.605973665911 346.85048216458 692 1573837874861
-140.607419519292 346.74294269946 692 1573837874861
-136.61047960329 346.591650715527 695 1573837874876
-132.614871941516 346.404248972802 695 1573837874876
-128.633636065505 346.031062149981 693 1573837874891
-124.636502621683 345.965563287307 694 1573837874929
-120.651796313815 345.616112804354 694 1573837874929
-116.667090005947 345.266662321401 694 1573837874929
-112.682383698079 344.917211838448 694 1573837874929
-108.688352121067 344.7566938586 702 1573837874966
-104.697847280699 344.481246733004 702 1573837874966
-100.707439246077 344.204785079389 704 1573837874974
-96.7329788510358 343.756591197564 706 1573837874996
-92.7502839209341 343.384917827867 706 1573837874996
-88.7669236481835 343.021375561619 709 1573837875011
-84.7767861633949 342.740657103934 709 1573837875011
-80.7814388836122 342.604135121744 721 1573837875034
-76.7910285464829 342.327628012653 720 1573837875041
-72.7956839404298 342.16884963871 724 1573837875071
-68.7964101232275 342.092633268814 724 1573837875071
-64.8203795535047 341.757504679395 725 1573837875086
-60.8550002156897 341.338958370121 729 1573837875109
-56.8803553061866 340.977873861632 737 1573837875154
-52.8826482013766 340.842456343742 737 1573837875154
-48.8895945851273 340.652484864329 737 1573837875169
-44.9211212596553 340.294180946855 737 1573837875176
END STROKE
-32.3388670002084 367.37655909485 669 1573837868618
-31.8848754889317 371.350712049592 669 1573837868618
-31.5103384865587 375.332296093805 677 1573837868633
-31.1238704445079 379.309887184121 689 1573837868655
-30.4345576471141 383.25004553974 689 1573837868655
-29.8389449044397 387.198338323406 693 1573837868663
-29.4656109960826 391.170904986512 727 1573837868685
-28.8865812283669 395.128730830467 759 1573837868700
-28.3735977382305 399.095545842666 760 1573837868715
-28.0255230780922 403.080360988891 765 1573837868730
-27.863665630778 407.077084918154 765 1573837868730
-27.8158692744064 411.076117493346 762 1573837868768
-27.6540106855558 415.072841376381 762 1573837868768
-27.4921520967051 419.069565259415 762 1573837868768
-26.5966009287664 422.963331970888 763 1573837868783
-26.2360583201255 426.929909759813 767 1573837868850
-26.3065914607037 430.929287845975 767 1573837868850
-26.3771246012819 434.928665932138 767 1573837868850
-26.4476577418601 438.928044018301 767 1573837868850
-26.5181908824383 442.927422104464 767 1573837868850
-26.5755626516275 446.926916238756 770 1573837868865
-26.5755626516275 450.926916238756 770 1573837868865
END STROKE
-26.4497654442033 454.924370044208 770 1573837868880
-26.3942597953615 458.923246583811 770 1573837868895
-26.3942597953615 462.923246583811 772 1573837868903
-26.3227262534524 466.922548283412 773 1573837868933
-26.2446388171708 470.921786004815 773 1573837868933
-25.9262640952984 474.904124997988 762 1573837868940
-25.7961697585457 478.899094956606 781 1573837868978
-25.7318702879724 482.898578120476 781 1573837868978
-25.6570811136498 486.897304660421 782 1573837868986
-25.1197595657727 490.860845668859 784 1573837869001
-24.5212141692627 494.815805175008 783 1573837869008
-24.0074341794313 498.781351846992 783 1573837869038
-23.5931285492308 502.759837846061 783 1573837869038
-23.1788229190304 506.738323845129 783 1573837869038
-22.7887179473223 510.719245935277 790 1573837869061
-22.4042720334385 514.700651721339 791 1573837869091
-22.2632719327068 518.698165820326 791 1573837869091
-22.1222718319751 522.695679919312 791 1573837869091
-21.7521470444982 526.669982810767 792 1573837869106
-21.0483705307091 530.607181444418 792 1573837869121
-20.2684371957534 534.530407666932 792 1573837869121
-19.5991824795592 538.473939531936 794 1573837869136
-19.2377061818256 542.455647677602 797 1573837869151
-19.0326211578448 546.444227878016 801 1573837869173
-18.4737977125702 550.405000070028 801 1573837869173
-17.7727475887656 554.342789463012 800 1573837869188
-17.5626548935686 558.333130826678 800 1573837869203
-17.0203773255329 562.284952845533 801 1573837869226
-16.4000657874242 566.230563626609 799 1573837869248
-16.2634676103941 570.228230563465 799 1573837869248
-15.5065103249114 574.135871843776 804 1573837869278
-14.9809833410079 578.101199243776 804 1573837869278
-15.0578689767639 582.036648045831 803 1573837869308
-14.3992276221119 585.949462583751 803 1573837869316
-13.9305752972157 589.882675004607 804 1573837869338
-13.5423194676877 593.640616281412 803 1573837869361
-13.3609345289012 597.583680660579 802 1573837869399
END STROKE
-210.95634871566 353.989950874737 109 1573837879495
-208.777455210661 355.044463049114 563 1573837879586
-206.242460434501 358.135413996259 555 1573837879608
-204.200985073616 361.570684624672 560 1573837879623
-201.754499165218 364.73343951004 621 1573837879668
-199.441651881833 367.996986268359 621 1573837879668
-197.128804598447 371.260533026679 621 1573837879668
-194.721301412327 374.4499256193 626 1573837879706
-192.385479712798 377.697068515448 626 1573837879706
-189.898219316296 380.817334328953 625 1573837879713
-187.489612345422 384.002165228997 625 1573837879736
-185.073356220993 387.18120110495 625 1573837879766
-182.996682761479 390.59988906125 625 1573837879766
-180.869577711799 393.966489422897 632 1573837879796
-178.408525681758 397.048852838186 635 1573837879826
-175.886790506909 400.150215786201 639 1573837879841
-173.500737997233 403.355315598783 653 1573837879856
-171.277988007721 406.677117511423 660 1573837879871
-168.872726699672 409.870611078486 668 1573837879901
-166.313761301954 412.931461261851 678 1573837879923
-164.055512325456 416.231148277144 685 1573837879946
-161.799552960231 419.533705508041 692 1573837879976
-159.705043320769 422.905338931652 692 1573837879984
-157.756631252532 426.30145922054 693 1573837880021
-155.292030503998 429.44393341737 696 1573837880044
-153.144260969982 432.804032762323 710 1573837880059
-151.082096287273 436.157626440556 713 1573837880104
-148.436578955997 439.157832775114 713 1573837880104
-146.030088283854 442.330016769435 713 1573837880119
-143.707512847408 445.568178490092 717 1573837880141
-141.251942390352 448.707464678936 718 1573837880149
-139.01244471144 451.996587347868 721 1573837880171
-136.552260842391 455.149593198798 719 1573837880186
-134.094539009762 458.300198339011 719 1573837880201
-131.448329229443 461.29975479797 719 1573837880209
END STROKE
-204.867556872646 475.269301712807 837 1573837766960
-204.623091914579 479.261824334443 837 1573837766960
-204.378626956512 483.254346956079 837 1573837766960
-204.134161998445 487.246869577716 837 1573837766960
-203.889697040378 491.239392199352 837 1573837766960
-203.547695417204 495.220958556333 837 1573837766968
-203.09584413881 499.188115738849 837 1573837767035
-202.934983009351 503.18487989214 837 1573837767035
-202.774121879891 507.181644045431 837 1573837767035
-202.613260750432 511.178408198721 837 1573837767035
-202.452399620972 515.175172352012 837 1573837767035
-202.291538491513 519.171936505303 837 1573837767035
-202.130677362053 523.168700658593 837 1573837767035
-201.840528193331 527.156978169722 837 1573837767050
-201.567317339745 531.141491288472 837 1573837767058
-201.486410635578 535.123442506813 836 1573837767073
-201.016863902213 539.095787641011 836 1573837767073
-200.77620373434 543.087665902462 836 1573837767095
-200.654767145693 547.085822121889 836 1573837767095
-200.055672566547 551.025880213856 836 1573837767118
-199.819665341523 555.018911717581 836 1573837767118
-199.639337274807 559.014539364153 836 1573837767133
-199.454490112141 563.009300947805 836 1573837767148
-199.110475147379 566.994480204002 836 1573837767148
-198.676266857088 570.970290510265 836 1573837767163
-198.209247619383 574.942760173397 835 1573837767201
-197.830638131713 578.924801717109 835 1573837767201
-197.452028644043 582.906843260821 835 1573837767201
-197.073419156373 586.888884804532 835 1573837767201
-196.757230500656 590.875312989616 836 1573837767231
-196.575191044891 594.871168547133 836 1573837767231
-196.393151589125 598.867024104651 836 1573837767231
-196.061679195404 602.847512070172 836 1573837767246
-195.426646791286 606.796782109776 836 1573837767246
-195.145803524197 610.785188887662 836 1573837767268
-194.903280791528 614.77782995895 836 1573837767268
-194.587704609677 618.765015009389 836 1573837767298
-194.234461509417 622.749386893654 836 1573837767298
-193.881218409158 626.733758777919 836 1573837767298
END STROKE
-211.750358064141 351.49320786957 838 1573837766667
-211.523527324933 355.486771167647 838 1573837766667
-211.296696585725 359.480334465725 838 1573837766667
-211.060925359183 363.47335634101 838 1573837766682
-210.804177150789 367.465107881059 838 1573837766682
-210.676919381522 371.462814088086 837 1573837766712
-210.566234298349 375.461282396372 837 1573837766712
-210.455549215176 379.459750704657 837 1573837766712
-210.279137242948 383.455513241831 838 1573837766727
-210.060795823472 387.449549674382 838 1573837766727
-209.85460511288 391.444230837023 837 1573837766757
-209.649054513786 395.43894596469 837 1573837766757
-209.443503914693 399.433661092357 837 1573837766757
-209.23856248781 403.428407454963 838 1573837766795
-209.034456058738 407.423196631579 838 1573837766795
-208.830349629667 411.417985808195 838 1573837766795
-208.626243200596 415.412774984812 838 1573837766795
-208.422136771524 419.407564161428 838 1573837766795
-208.41817788791 423.407463091396 838 1573837766810
-208.302481340122 427.402264523997 839 1573837766840
-207.94374338469 431.386145430768 839 1573837766840
-207.585005429258 435.370026337538 839 1573837766840
-207.226267473827 439.353907244309 839 1573837766840
-206.870784202868 443.338079519155 839 1573837766870
-206.516193534013 447.322331702132 839 1573837766870
-206.161602865158 451.30658388511 839 1573837766870
-205.840890324254 455.293147888061 838 1573837766915
-205.650949070288 459.288635633011 838 1573837766915
-205.461007816322 463.28412337796 838 1573837766915
-205.271066562356 467.27961112291 838 1573837766915
-205.08112530839 471.275098867859 838 1573837766915
END STROKE
===NOTES===
Great Job
