1.00
USERID - 01/01/2000 01:00:00 AM - F - HS - EN - N/A
10/25/2019 13:4:16:43
10/25/2019 13:4:32:906
-203.247174154988 594.148151108408 609 1572026821013
-199.340502974326 593.342083524121 629 1572026821028
-195.361867659007 592.98525086601 648 1572026821066
-191.429777408649 592.261275718024 654 1572026821081
-187.581757197528 591.182403726893 677 1572026821096
-183.67751825943 590.316475067458 684 1572026821111
-179.763155501278 589.552883215388 704 1572026821133
-175.834616188679 588.84589083062 702 1572026821156
-171.936153251843 588.06582920096 703 1572026821171
-167.963329320466 587.73672088439 725 1572026821208
-164.017508734226 587.080595971584 725 1572026821208
-160.071688147986 586.424471058779 725 1572026821208
-156.110820497907 585.877451948126 738 1572026821223
-152.238398165364 585.03769631854 737 1572026821231
-148.376849233833 584.062110946078 736 1572026821246
-144.490496607782 583.191128676234 734 1572026821261
-140.599432625638 582.276340457724 734 1572026821283
-136.681500907517 581.470249503918 734 1572026821291
-132.74095737246 580.832067495119 737 1572026821329
-128.941590821744 579.581142312185 737 1572026821329
-125.017297189112 579.177873853306 740 1572026821344
-121.03942914599 578.862635506404 744 1572026821381
-117.05410206287 578.558666931532 741 1572026821404
-113.102676257447 577.945186709615 742 1572026821411
-109.134210680079 577.53404645958 745 1572026821449
-105.141624455602 577.290622467102 745 1572026821449
-101.156979207995 577.027469903949 745 1572026821471
-97.2526694481408 576.215722068764 745 1572026821494
-93.3164553015952 575.504644083427 747 1572026821516
-89.368762348891 574.859880288561 747 1572026821516
-85.4941199765951 573.877782085184 746 1572026821539
-81.5520465809269 573.442533028634 747 1572026821561
-77.602445316983 572.970450628917 746 1572026821576
-73.6376333149952 572.838556431262 745 1572026821606
-69.7158449865322 572.113973549361 745 1572026821651
-65.7189652242329 571.963769220306 746 1572026821666
-61.7343922598985 571.903151980414 745 1572026821681
-57.7633797636569 571.546417102456 746 1572026821704
-53.7801055972512 571.287774877621 745 1572026821734
-49.8418923432232 570.587434698995 745 1572026821734
-45.8889570072038 569.98991166457 744 1572026821764
-41.9124561257496 569.556967395878 744 1572026821764
-37.9501588041381 569.043788195665 745 1572026821779
-34.0250501107461 569.17052083654 745 1572026821809
-30.085785537594 568.80019248128 745 1572026821832
-26.1148252226618 568.460772199786 746 1572026821862
-22.1275395033324 568.19912465824 749 1572026821884
-18.3141616475567 567.879722750069 750 1572026821907
-14.4853499667594 567.074225386812 748 1572026821929
-10.5071701846604 566.822464444221 749 1572026821959
-6.57246295708201 566.431371194946 749 1572026821982
-2.74636464910659 565.866555097813 749 1572026822012
1.23123324038425 565.595476010554 749 1572026822034
5.16587678219083 564.912932774509 750 1572026822057
9.08725480705325 564.734292089629 749 1572026822095
13.0500759753261 564.560072899557 749 1572026822125
16.9212398122935 563.630493210064 750 1572026822177
20.8784437450056 563.077183209857 748 1572026822245
END STROKE
-206.140177013054 592.661395828558 736 1572026826527
-203.189110854002 591.026552139485 752 1572026826437
-200.329794138296 588.265284569716 754 1572026826361
-198.355194403898 584.913159290481 763 1572026826301
-195.966160644341 582.204900339637 763 1572026826264
-193.426742553707 579.156263240719 762 1572026826226
-190.716378309111 576.266111264147 762 1572026826204
-187.81088569944 573.518041036336 764 1572026826189
-185.030969370212 570.658725542875 765 1572026826151
-182.690142937177 567.421284297132 765 1572026826129
-180.502581775907 564.080255424661 766 1572026826091
-178.217116641776 560.804753783797 766 1572026826069
-176.133310649446 557.453672981638 766 1572026826024
-173.902669539485 554.189970067031 766 1572026825993
-171.383088724797 551.101572465686 767 1572026825978
-168.626322186637 548.231533225161 766 1572026825948
-165.745724223951 545.457771734563 767 1572026825941
-162.959892311614 542.590253698599 767 1572026825911
-160.085859127786 539.808916510159 767 1572026825888
-157.331686304892 536.910388358535 769 1572026825858
-154.752122861093 533.881597442212 768 1572026825836
-152.298648613659 530.722419353799 769 1572026825828
-149.815647035818 527.595874887244 769 1572026825798
-147.23584114752 524.541691006273 770 1572026825790
-144.458332999579 521.750596337053 768 1572026825753
-142.016647301302 518.587470624 768 1572026825730
-139.495404214594 515.528363762344 768 1572026825700
-136.709749628043 512.667863425758 770 1572026825685
-134.031195525805 509.697740212208 768 1572026825663
-131.314721439502 506.761625681328 768 1572026825663
-128.598247353199 503.825511150449 768 1572026825663
-125.910479679155 500.863370705992 767 1572026825610
-123.012265093894 498.124342173756 767 1572026825587
-120.189700046475 495.290754919458 767 1572026825580
-117.401025649296 492.423678990372 767 1572026825565
-114.642286171402 489.527363511739 768 1572026825542
-111.870698362029 486.643229121679 766 1572026825527
-109.043590048454 483.827499057094 767 1572026825505
-105.859681791433 481.412217244242 767 1572026825497
-102.787915057666 478.966268087962 770 1572026825467
-99.6555654700005 476.554876041157 768 1572026825452
-96.5098144643208 474.090153390815 771 1572026825445
-93.6502929467975 471.318094640068 771 1572026825422
-90.2490400551951 469.244116909746 771 1572026825400
-87.0828102518859 466.805501824424 770 1572026825385
-83.9931553412785 464.305724216927 770 1572026825362
-81.0307881147551 461.655524614336 771 1572026825347
END STROKE
-215.934131338186 360.66519993057 212 1572026827480
-213.107143400687 362.367153153899 651 1572026827623
-210.115195299653 364.951051264316 704 1572026827668
-206.928313402864 367.347498631305 737 1572026827713
-203.903694041465 369.934155532895 741 1572026827743
-201.160765585113 372.83045787988 756 1572026827781
-198.724855601786 375.998007953028 757 1572026827803
-196.108906178597 378.961040401415 758 1572026827826
-192.957227360014 381.381985975908 758 1572026827848
-190.152293214585 384.21753266993 757 1572026827871
-187.349697646819 387.01386955023 760 1572026827886
-184.128051844069 389.383561837993 762 1572026827908
-180.926154459871 391.779185286127 765 1572026827923
-177.596548061142 393.992335223966 765 1572026827939
-174.538699214104 396.552540616727 765 1572026827961
-171.587005122659 399.252077982506 767 1572026827969
-168.415848169667 401.659410035916 767 1572026827991
-165.254533137172 404.094909966792 767 1572026828006
-162.082624849039 406.517060354528 767 1572026828021
-158.493460580777 408.219682030539 773 1572026828066
-155.389696349902 410.742903701169 773 1572026828066
-151.991518866902 412.73723296748 774 1572026828096
-148.697509737442 414.907358405702 773 1572026828126
-145.378929502653 417.10201016812 775 1572026828179
-142.072288696584 419.333580453008 774 1572026828209
-138.687491978014 421.425149479884 774 1572026828239
-135.356985741247 423.624393752229 773 1572026828269
-131.777518626288 425.37113310106 773 1572026828276
-128.742688946481 427.962925896491 775 1572026828306
-125.298873209412 429.906377811979 775 1572026828329
-121.809368839246 431.805667129417 774 1572026828359
-118.195221277808 433.457223017394 775 1572026828382
-114.818570796637 435.570805788172 779 1572026828412
-111.39760096921 437.61083948824 776 1572026828457
-108.016713160997 439.703370945311 775 1572026828479
-104.762601952312 441.912254499668 777 1572026828532
-101.331874749947 443.955957129495 776 1572026828539
-97.6386574880205 445.485306932286 776 1572026828569
-94.4215949373804 447.754433142706 777 1572026828592
-90.9366885565191 449.656000879264 778 1572026828614
END STROKE
-211.130063204812 359.138172873455 490 1572026815439
-207.343077950341 358.200572690663 507 1572026815477
-203.408754527857 358.848617932304 536 1572026815514
-199.477536794601 358.569091528356 534 1572026815537
-195.482374566636 358.374448850378 544 1572026815552
-191.494525446339 358.064348671155 552 1572026815567
-187.540905484752 357.463543172937 561 1572026815582
-183.570945625591 357.078464135603 570 1572026815612
-179.572236347293 357.180071751742 570 1572026815612
-175.602754609607 356.817858053741 571 1572026815627
-171.624000427576 356.474466968571 572 1572026815642
-167.626774421613 356.460946946974 578 1572026815657
-163.632220046704 356.454861004564 578 1572026815664
-159.634384191206 356.393250416547 591 1572026815687
-155.640941760562 356.508364927068 592 1572026815694
-151.669972802754 356.125739302327 600 1572026815724
-147.699386685087 355.641543182773 600 1572026815724
-143.742708941454 355.055937365626 601 1572026815739
-139.773240451194 354.566757319257 607 1572026815754
-135.784094135716 354.539957078364 610 1572026815769
-131.81532592574 355.006769446844 612 1572026815784
-127.821469817431 355.129818434871 617 1572026815815
-123.83026759025 355.126598619346 616 1572026815822
-119.843938921195 354.799075006248 627 1572026815852
-115.85274274388 354.551661724538 626 1572026815890
-111.854189700157 354.444081259156 626 1572026815890
-107.953310798851 353.637295163293 625 1572026815920
-104.011864847534 353.107101656033 626 1572026815957
-100.030185008082 353.233653585933 627 1572026815972
-96.0447828642309 353.250508933659 640 1572026815995
-92.0546024547537 353.435722799886 641 1572026816025
-88.0670490089536 353.60000203278 640 1572026816047
-84.1650089110688 354.2572443205 641 1572026816092
-80.1886694932716 353.970722406085 643 1572026816107
-76.3568971275661 353.226996006523 645 1572026816145
-72.3833030012789 352.974403462941 645 1572026816182
-68.4982696369798 352.335406746745 647 1572026816243
-64.5120245039841 352.003970871095 647 1572026816243
-60.5330056914373 351.604891937561 645 1572026816258
-56.5421729562776 351.463995936733 648 1572026816280
-52.5436633088562 351.375959187862 648 1572026816310
-48.5909559190224 351.029106545143 645 1572026816325
-44.6385903958383 350.917948657833 647 1572026816348
-40.6446545759215 350.895078434031 648 1572026816370
-36.7966897519974 350.071070881904 647 1572026816400
-32.8089792215588 349.766458830874 650 1572026816423
-28.8390703612241 349.380153126704 649 1572026816445
-24.8884637011904 348.980438323867 649 1572026816475
-20.9314610459916 348.537346735062 647 1572026816498
-16.9666746356595 348.026562051353 646 1572026816520
-13.0142655641518 347.801343486566 648 1572026816550
-9.07172232485904 347.423273457869 647 1572026816573
-5.08961642272716 347.600232592225 650 1572026816596
-1.11332920902706 347.684946799465 651 1572026816641
2.8252453838753 347.19204642271 652 1572026816663
6.75565511681399 346.790978437877 653 1572026816731
10.6498738901355 346.041903758243 654 1572026816776
14.5406222956123 345.384661470523 657 1572026816843
18.3490094680638 344.519000994483 658 1572026816926
22.2660696989624 344.080259035571 662 1572026816978
26.1815499006691 343.443195651496 677 1572026817009
30.0389101146724 343.260410803852 676 1572026817114
33.9209197773979 343.248655374476 674 1572026817241
END STROKE
37.3426707452599 343.510722315732 720 1572026817407
37.7383670157055 346.756494264614 721 1572026817534
37.8389828123013 350.688804730935 722 1572026817579
38.0017963963343 354.639687092324 723 1572026817617
38.5770391918239 358.585266335421 724 1572026817647
39.5161882369835 362.462864930099 724 1572026817662
40.9135054440691 366.164012973125 724 1572026817692
41.3632394901538 370.058698054904 734 1572026817714
41.5704304204089 374.013940330382 744 1572026817759
41.5577199607268 377.923577914263 749 1572026817774
41.6815733770328 381.658650158969 754 1572026817842
41.3907615601748 385.648064713409 754 1572026817842
41.8893246806345 389.596184226683 755 1572026817872
42.3877280820525 393.55837300759 754 1572026817895
42.2297353456748 397.525879827893 755 1572026817932
42.7376993758804 401.486873620435 756 1572026817955
42.9050411731535 405.482514321965 758 1572026817985
43.0119314251175 409.46176649733 759 1572026818007
42.7686776147617 413.427995455895 761 1572026818037
42.4496054276881 417.390430233275 778 1572026818052
42.2423563756686 421.360619807559 776 1572026818067
42.0601849880908 425.323504797834 775 1572026818097
41.7616773099768 429.297568486111 775 1572026818112
41.9530203389014 433.292595458935 774 1572026818157
42.0963294644438 437.290027446416 774 1572026818157
42.2146467294452 441.287224768919 781 1572026818203
41.9963004653824 445.281260936628 781 1572026818203
END STROKE
-67.3500053883644 447.365954260427 771 1572026825250
-64.1428826833497 444.979180698831 772 1572026825235
-61.006163738677 442.515321073581 765 1572026825212
-57.9173102867512 440.023074839637 767 1572026825197
-54.4872727425296 438.329858292404 768 1572026825182
-51.2697539809818 435.955694078444 767 1572026825174
-48.1135052872739 433.507511820895 767 1572026825152
-44.5967782368659 431.601565637781 767 1572026825152
-41.3237669956393 429.336065206772 767 1572026825122
-37.8398365227772 427.424772081296 770 1572026825107
-35.0301783844086 424.588228704007 760 1572026825099
-31.9374002484997 422.060951587469 760 1572026825084
-28.5750009194067 419.91746555045 762 1572026825069
-25.6625432998043 417.189429111837 764 1572026825062
-22.5997731448176 414.618722393029 759 1572026825047
-19.7532266477754 411.817350309016 752 1572026825032
-17.0007980365817 408.91493302198 738 1572026825009
-14.1951326425233 406.063925884742 738 1572026825009
-11.6229592465814 403.003071283818 735 1572026824994
-9.08654400335068 399.910079574501 735 1572026824994
-6.24869361779892 397.12209322607 725 1572026824957
-3.8344653341874 393.932814029354 725 1572026824957
-1.46491321554382 390.718460820133 724 1572026824934
1.14167655329522 387.684372855524 724 1572026824934
3.80524072498963 384.700397948786 724 1572026824912
6.0532429969342 381.408119564925 710 1572026824889
8.43990830075134 378.198161819478 710 1572026824889
10.8265736045685 374.988204074031 710 1572026824889
13.2132389083856 371.778246328584 710 1572026824889
15.5999042122028 368.568288583137 710 1572026824889
18.043578015848 365.40285893367 682 1572026824806
20.3638682270512 362.145125363396 679 1572026824799
22.5008938818761 358.781933250088 682 1572026824769
24.8857803470624 355.606541107439 663 1572026824746
27.0367658013933 352.234114447709 663 1572026824746
29.7131160453005 349.273872559796 623 1572026824701
32.3450718724864 346.372201379353 591 1572026824664
34.3249517567517 344.891761093776 85 1572026824544
END STROKE
-70.6270798087743 461.12520224601 778 1572026828750
-67.1864615935529 463.118853089281 778 1572026828780
-63.503141016529 464.662261592425 778 1572026828802
-59.993933985055 466.519837717719 778 1572026828825
-56.6106416432605 468.563336325473 781 1572026828855
-53.1247988422097 470.472043003781 780 1572026828885
-49.541049335406 472.244545466578 780 1572026828907
-45.9887511299444 474.06464994322 780 1572026828922
-42.6369295587735 476.223185725541 781 1572026828937
-39.6326232219982 478.629756257743 780 1572026828960
-36.3119345068188 480.771802204578 785 1572026828990
-33.0502858316999 483.06950814515 784 1572026829005
-29.5650997417248 485.000947029851 786 1572026829027
-26.1761280232903 487.10942396754 786 1572026829050
-22.9369849858984 489.45177009552 787 1572026829087
-19.4919584339136 491.484451097576 787 1572026829087
-15.9925475849944 493.41795902801 787 1572026829095
-12.9241959907781 495.97197629183 789 1572026829117
-9.54197991837753 498.026628827255 791 1572026829140
-6.32739223534492 500.386588092647 790 1572026829163
-3.28478439335723 502.980817733181 793 1572026829178
-0.0839489936138728 505.379541929592 796 1572026829200
3.08807224250651 507.816400825302 796 1572026829200
6.14250926507078 510.397809578318 797 1572026829215
9.05316083746855 513.09885262108 798 1572026829245
12.1852042422187 515.54863930886 799 1572026829260
14.7153031284269 518.613100798799 798 1572026829268
17.7089541366106 521.263000918391 797 1572026829298
20.8852150831939 523.689021505966 802 1572026829350
23.8369125601974 526.388555170185 802 1572026829350
26.7886100372009 529.088088834404 802 1572026829350
29.9329384771459 531.242752428943 803 1572026829380
32.7525096208513 533.994317698445 804 1572026829403
35.6154112228049 536.694752335832 806 1572026829425
38.6068349986686 539.305975793073 807 1572026829455
41.3411694764994 542.163858407435 807 1572026829493
END STROKE
41.7779542013195 449.275297104337 781 1572026818203
41.5766479578145 453.270204158562 783 1572026818218
41.3810689743241 457.265417837004 782 1572026818233
40.9077676996473 461.234122013074 784 1572026818248
41.2978858553505 465.185562320922 789 1572026818270
41.6907930765878 469.1541728045 787 1572026818278
42.1282246220159 473.109865396487 788 1572026818308
42.0473588148604 477.090230742155 788 1572026818315
42.1112187789297 481.063423557521 788 1572026818338
42.5890530360132 485.010574642026 789 1572026818353
43.1279953051002 488.972337943613 804 1572026818383
42.7936858606447 492.84660076008 803 1572026818428
42.9483707263518 496.843218974603 802 1572026818443
42.8009872499716 500.828228197652 800 1572026818465
42.9483707263518 504.823492412011 801 1572026818488
43.1279953051002 508.81370290739 801 1572026818510
43.4873129954388 512.758881941195 802 1572026818525
44.4124509596055 516.643961674736 801 1572026818548
45.3202884114075 520.52764719942 802 1572026818571
45.6431506046283 524.50836990668 803 1572026818623
45.4635260258799 528.484266163327 803 1572026818653
45.9594238264871 532.38624939215 804 1572026818676
46.7055670078103 536.230119309173 806 1572026818736
47.0497584469896 540.132572914601 816 1572026818766
END STROKE
-215.03583711234 360.782730152967 680 1572026671884
-214.972992278033 364.742706503461 680 1572026671922
-214.746326350862 368.598148058591 680 1572026671944
-214.478888095845 372.578390559334 680 1572026671989
-214.30161068556 376.574450608114 680 1572026672027
-214.09361817004 380.569039337068 680 1572026672027
-213.598600617407 384.502069729282 680 1572026672057
-213.598600617407 388.502069729282 680 1572026672057
-213.114545739617 392.435911237307 679 1572026672087
-212.810671252239 396.423391220666 679 1572026672110
-212.535720186649 400.406438103181 678 1572026672132
-212.42148738387 404.391098587763 679 1572026672162
-212.567707989411 408.388081701066 679 1572026672177
-212.520681812812 412.374027752394 679 1572026672207
-212.518353835877 416.373715304707 678 1572026672215
-212.358774379234 420.258555647542 679 1572026672230
-212.673634571257 424.228597489011 678 1572026672282
-212.3250663718 428.213381072887 678 1572026672282
-211.980538986305 432.198380585022 679 1572026672320
-211.902466438004 436.197618597095 679 1572026672320
-211.824393889704 440.196856609167 679 1572026672320
-211.902134099661 444.184856184105 679 1572026672342
-211.283522686894 448.107236384587 679 1572026672350
END STROKE
-211.335320855289 451.950532594926 678 1572026672380
-210.939655679359 455.930915625308 678 1572026672380
-210.90378647271 459.929137239997 678 1572026672402
-211.058035594057 463.917958923437 678 1572026672417
-210.480174730098 467.815576312495 677 1572026672440
-210.86239161246 471.785778913889 678 1572026672455
-210.689143268423 475.781931781398 677 1572026672478
-210.560570366481 479.779864873496 677 1572026672478
-210.544468782371 483.779606028195 678 1572026672500
-210.322795653974 487.76861670539 677 1572026672515
-210.185185358453 491.761794751058 675 1572026672538
-210.322662897768 495.755544787604 674 1572026672553
-210.544468782371 499.745461113721 674 1572026672575
-210.515884759923 503.744085508178 670 1572026672598
-210.131774514754 507.72560020984 670 1572026672598
-209.866383898092 511.705826945383 669 1572026672613
-209.705391556763 515.668386344352 669 1572026672628
-209.77011081944 519.663194878254 668 1572026672650
-209.950800837283 523.650974280013 667 1572026672665
-210.185185358453 527.613256606151 664 1572026672680
-209.825867668114 531.580782856527 663 1572026672703
-209.487798308226 535.500313710491 662 1572026672710
-209.748424512171 539.101422035218 659 1572026672718
-209.612142639855 543.078189313185 652 1572026672740
-209.364805752667 547.070407151989 650 1572026672748
-209.378329520642 551.066143160142 643 1572026672785
-209.503232465571 555.064192591346 643 1572026672785
-209.628135410499 559.062242022549 643 1572026672785
-209.646208822946 563.061959775927 641 1572026672815
-209.646208822946 567.061959775927 641 1572026672815
-209.306086400053 571.022866660187 639 1572026672845
-209.415388669246 575.021373008056 639 1572026672845
-209.466549977776 579.020673871633 633 1572026672906
-209.466549977776 583.020673871633 633 1572026672906
-209.466549977776 587.020673871633 633 1572026672906
-209.466549977776 591.020673871633 633 1572026672906
END STROKE
===NOTES===
Great Job
