1.00
USERID - 01/01/2000 01:00:00 AM - F - HS - EN - N/A
11/14/2019 12:59:1:932
11/14/2019 12:59:15:887
-181.688226254666 681.302035788185 367 1573758122465
-181.203839842682 678.29310091083 617 1573758122562
-178.326609022999 675.666302799021 651 1573758122585
-175.807591883348 672.588120622676 690 1573758122600
-173.166182648338 669.610937688418 691 1573758122607
-170.233975491657 666.917819472679 729 1573758122630
-167.163663899587 664.35399679402 729 1573758122630
-164.24877440857 661.618850740137 738 1573758122645
-161.524826751062 658.696417122948 778 1573758122667
-158.971093551305 655.617708506587 778 1573758122667
-156.415866427573 652.540317393575 785 1573758122690
-153.680551802134 649.621746870208 785 1573758122690
-150.945237176696 646.703176346842 785 1573758122690
-148.209922551257 643.784605823476 785 1573758122690
-145.474618394887 640.866025488428 786 1573758122712
-142.739315011801 637.947444428653 786 1573758122712
-140.004011628715 635.028863368878 786 1573758122712
-137.429024806929 631.969180917897 805 1573758122742
-134.881405317989 628.88541131892 805 1573758122742
-132.33378582905 625.801641719943 805 1573758122742
-129.792545597841 622.712701393776 809 1573758122765
-127.302935230931 619.581912320559 809 1573758122765
-124.813324864021 616.451123247342 809 1573758122765
-122.323714497111 613.320334174125 809 1573758122765
-119.842579766486 610.182842263236 811 1573758122795
-117.369789517625 607.038751236383 811 1573758122795
-114.896999268764 603.89466020953 811 1573758122795
-112.424209019902 600.750569182678 811 1573758122795
-109.951418771041 597.606478155825 811 1573758122795
-107.434010587812 594.49808794873 816 1573758122840
-104.90886353767 591.395889957763 816 1573758122840
-102.383716487528 588.293691966796 816 1573758122840
-99.8585694373855 585.19149397583 816 1573758122840
-97.3334223872432 582.089295984863 816 1573758122840
-94.8082753371009 578.987097993896 816 1573758122840
-92.2831282869586 575.88490000293 816 1573758122840
-89.8772344002034 572.694330056241 814 1573758122855
-87.6442207250885 569.375648099989 814 1573758122855
-85.2277057328419 566.201042202467 815 1573758122863
-82.6228119712254 563.169528935617 826 1573758122885
-80.1788254690173 560.002996135057 826 1573758122885
-77.7348389668091 556.836463334496 826 1573758122885
-75.367102320247 553.613443130654 826 1573758122908
-73.0498660766303 550.353011228088 826 1573758122908
-70.7326298330136 547.092579325522 826 1573758122908
-68.4326422635908 543.820038666906 827 1573758122930
-66.1534250172634 540.53291701658 827 1573758122930
-63.8742077709361 537.245795366254 827 1573758122930
-61.5091923419052 534.025245892719 831 1573758122945
-58.8912671085555 531.000933165405 831 1573758122945
-56.3318802721538 527.930197903112 835 1573758123005
-53.983541106822 524.692096118953 835 1573758123005
-51.6352019414902 521.453994334795 835 1573758123005
-49.2868627761583 518.215892550637 835 1573758123005
-46.9385236108265 514.977790766479 835 1573758123005
END STROKE
-179.953901183107 683.547371492799 729 1573758118290
-176.003560359464 682.919034499571 729 1573758118290
-172.051243195074 683.072482221253 773 1573758118312
-168.13135022361 682.316556409506 796 1573758118335
-164.16506110614 681.798337694447 796 1573758118335
-160.19877198867 681.280118979388 796 1573758118335
-156.220369108935 680.87909992628 817 1573758118358
-152.231936442201 680.575118244382 817 1573758118358
-148.243503775467 680.271136562484 817 1573758118358
-144.26291628975 679.903666789109 818 1573758118365
-140.318734982108 679.243722423945 830 1573758118388
-136.322523136354 679.069679659498 830 1573758118388
-132.3263112906 678.89563689505 830 1573758118388
-128.329783351547 678.736116704926 829 1573758118395
-124.34675827749 678.452974183328 836 1573758118418
-120.375409121347 677.975076830331 836 1573758118418
-116.404059965204 677.497179477333 836 1573758118418
-112.435255102895 676.998637484972 842 1573758118433
-108.466708076496 676.498003387784 842 1573758118433
-104.471179102933 676.426838469902 843 1573758118455
-100.471179102933 676.426838469902 843 1573758118455
-96.4822621682214 676.296632662559 844 1573758118485
-92.5398079893844 675.620574197801 844 1573758118485
-88.5973538105473 674.944515733044 844 1573758118485
-84.6548996317103 674.268457268286 844 1573758118485
-80.7063194303005 673.629466813374 844 1573758118500
-76.7492440222779 673.070235226253 844 1573758118515
-72.7519170439768 672.924026373765 844 1573758118515
-68.767977202566 672.623339361643 844 1573758118530
-64.8050905760025 672.079713033174 844 1573758118530
-60.8061003020482 672.064922848071 845 1573758118538
-56.8823282136982 671.348490968727 847 1573758118553
-53.0421711451595 670.329355354539 846 1573758118583
-49.201480146716 669.211727216706 846 1573758118583
-45.2429073253906 668.743325978096 846 1573758118590
-41.3673829695535 667.764738562326 847 1573758118605
-37.4568934976719 666.958051166679 847 1573758118620
-33.4931068633251 666.421026476955 847 1573758118620
-29.5143355140408 666.036753631123 847 1573758118628
-25.5435618303911 666.212801175294 847 1573758118635
-21.9510090378082 665.093328865995 847 1573758118665
-18.0303121916346 664.351925153434 846 1573758118688
-14.0814083921073 663.714619275476 846 1573758118688
-10.2061076546495 662.80058951582 846 1573758118710
-6.20989721764304 662.626514408005 846 1573758118710
-2.25034885183524 662.110073474158 846 1573758118726
1.69829129123075 661.488517046006 846 1573758118741
5.62743001376018 660.924922721599 846 1573758118756
9.58605164851558 660.372297618492 847 1573758118778
13.5566436841544 659.888150030951 847 1573758118778
17.4040614097228 659.235621071215 845 1573758118808
21.3575124320405 658.722437254574 846 1573758118823
25.3066220165618 658.280752231447 844 1573758118861
29.2695079450593 657.737120814293 844 1573758118861
33.2108408270236 657.952612589685 846 1573758118913
37.1978416937429 657.69606962127 846 1573758118936
41.1260813391384 657.298720019291 846 1573758118988
45.1085223406037 657.006304955786 847 1573758119003
49.0431432408732 656.42193354328 846 1573758119018
52.9534075367583 655.869901979849 846 1573758119033
END STROKE
-43.3553716976343 511.79078213073 824 1573758124995
-40.8512236156504 514.908904267255 822 1573758125018
-38.2272729629674 517.927990713895 822 1573758125018
-35.6033223102843 520.947077160535 822 1573758125018
-32.9793716576013 523.966163607175 822 1573758125018
-30.3996994583895 527.02310811979 824 1573758125033
-27.8250058096339 530.084309291725 824 1573758125033
-25.5241182556138 533.349354055374 824 1573758125040
-22.7860813405933 536.261233169821 825 1573758125055
-20.0208869883333 539.151510006774 825 1573758125055
-17.271214631335 542.056540555796 826 1573758125070
-14.5249078824557 544.964770127384 826 1573758125070
-12.0164755434551 548.07835419522 824 1573758125100
-9.54022747173526 551.219722605213 824 1573758125100
-7.06397940001545 554.361091015206 824 1573758125100
-4.69172965951034 557.577346190608 824 1573758125108
-2.31680734950168 560.79086381368 825 1573758125130
0.177962419864571 563.917543170099 825 1573758125130
2.67273218923081 567.044222526518 825 1573758125130
4.99763105873838 570.293987535324 824 1573758125146
7.19177619861874 573.638494540122 824 1573758125146
9.06444239790073 577.162578926633 825 1573758125153
11.2479717994005 580.488501962897 824 1573758125168
13.6872114248992 583.658692816678 824 1573758125168
16.1372068658749 586.820545676389 824 1573758125183
18.5993299989398 589.972997052323 824 1573758125183
21.0015665302202 593.171039958731 824 1573758125206
23.3849732038734 596.3834179919 824 1573758125206
25.477801014704 599.772953928328 824 1573758125221
27.5737095359947 603.166756164333 825 1573758125236
29.5117673429619 606.643435487299 824 1573758125243
31.2432840186478 610.227551055596 824 1573758125266
33.4213667180694 613.582540735831 824 1573758125266
35.5994494174911 616.937530416065 824 1573758125266
37.5821622344292 620.411033168277 823 1573758125288
39.5512983728096 623.892771651926 823 1573758125288
41.6291835533672 627.295264254031 823 1573758125311
43.3633388230112 630.899803822515 823 1573758125311
45.3851068611081 634.331075145461 823 1573758125326
47.953293188292 637.305067229818 824 1573758125348
50.7749758937037 640.118390328223 823 1573758125363
53.2832474255485 643.206007415274 822 1573758125371
55.9962095566005 646.131723443137 822 1573758125378
57.6827258900186 649.732817884718 819 1573758125408
END STROKE
56.9518351892711 652.622234003903 728 1573758116154
57.2304336024544 648.670146325327 739 1573758116147
57.6241342724732 644.813625858197 783 1573758116072
58.0467947832049 640.951329968678 785 1573758116034
58.4658148543394 637.045977747761 786 1573758115996
58.6517748061052 633.068246520423 787 1573758115966
59.1147401770167 629.114771438869 788 1573758115951
59.2604074091631 625.11742468665 788 1573758115951
59.5880021187771 621.155936571377 780 1573758115921
59.5880021187771 617.155936571377 780 1573758115921
59.0433370986081 613.203167496017 778 1573758115899
59.2253544162223 609.207310930011 778 1573758115899
58.9137529592857 605.244756321376 776 1573758115884
58.8859312910928 601.263059280382 776 1573758115876
59.0638810784123 597.267026743365 777 1573758115861
59.2277484008622 593.270384715282 777 1573758115861
59.391615723312 589.2737426872 777 1573758115861
59.5554830457619 585.277100659118 777 1573758115861
59.7193503682117 581.280458631036 777 1573758115861
59.8315109903585 577.285440183201 770 1573758115824
59.4172261442247 573.306952019807 770 1573758115824
59.0029412980908 569.328463856413 770 1573758115824
58.6577210380383 565.344368921981 766 1573758115801
58.4248505088095 561.351153260811 766 1573758115801
58.1919799795807 557.35793759964 766 1573758115801
57.959109450352 553.36472193847 766 1573758115801
57.7262389211232 549.371506277299 766 1573758115801
57.5174707939235 545.377014945504 757 1573758115771
57.3519716689532 541.381250530651 756 1573758115764
57.4513444960614 537.382485091014 756 1573758115764
57.5507173231696 533.383719651377 756 1573758115764
57.685778636149 529.386451898223 757 1573758115749
57.9217858611737 525.393420394499 757 1573758115749
58.1577930861984 521.400388890774 757 1573758115749
58.0682038979502 517.403138398924 754 1573758115734
57.9357397323443 513.405332344995 754 1573758115734
END STROKE
64.1092754949086 659.843884319908 812 1573758125431
66.4123335236365 663.10988196074 800 1573758125438
66.3029838314555 665.648179156731 92 1573758125476
END STROKE
57.8888241676903 509.405887655067 743 1573758115719
57.8680958233023 505.405941363461 743 1573758115719
57.8473674789143 501.405995071854 743 1573758115719
57.8266391345263 497.406048780247 743 1573758115719
57.8059107901383 493.40610248864 743 1573758115719
57.7851824457503 489.406156197033 743 1573758115719
57.7644541013622 485.406209905426 743 1573758115719
57.7437257569742 481.40626361382 743 1573758115719
57.7229974125862 477.406317322213 743 1573758115719
57.7022690681982 473.406371030606 743 1573758115719
57.6815407238102 469.406424738999 743 1573758115719
57.6608123794222 465.406478447392 743 1573758115719
57.6400840350342 461.406532155786 743 1573758115719
57.7196462524684 457.411533244297 716 1573758115644
58.1339543644179 453.43304750367 716 1573758115644
58.2221004479196 449.435905122917 718 1573758115636
58.2641532853376 445.436126184168 718 1573758115636
58.3062061227556 441.436347245418 718 1573758115636
58.3482589601737 437.436568306668 718 1573758115636
58.3903117975917 433.436789367919 718 1573758115636
58.4323646350098 429.437010429169 718 1573758115636
58.5533128956622 425.44187783803 681 1573758115599
58.9810362780453 421.464811996463 681 1573758115599
59.4087596604283 417.487746154895 681 1573758115599
59.8364830428114 413.510680313328 681 1573758115599
60.1491225066871 409.527443771423 684 1573758115576
60.1491225066871 405.527443771423 684 1573758115576
60.5924836253947 401.552439165203 679 1573758115568
60.9950296243078 397.57491482509 680 1573758115553
61.0320936222791 393.575086546269 680 1573758115553
61.0691576202504 389.575258267449 680 1573758115553
61.1062216182217 385.575429988628 680 1573758115553
61.143285616193 381.575601709807 680 1573758115553
61.1803496141643 377.575773430986 680 1573758115553
61.2174136121356 373.575945152166 680 1573758115553
61.2544776101069 369.576116873345 680 1573758115553
61.5080616435594 365.589097078054 608 1573758115493
END STROKE
-44.5901844454947 511.739688982321 835 1573758123005
-42.2418452801629 508.501587198162 835 1573758123005
-39.8935061148311 505.263485414004 835 1573758123005
-37.5220546107023 502.042427112559 835 1573758123028
-35.1225434829595 498.842060516708 835 1573758123028
-32.7230323552167 495.641693920857 835 1573758123028
-30.3291433763283 492.437123980755 835 1573758123043
-27.9383412841243 489.230246160208 835 1573758123043
-25.0668088620177 486.458061765112 836 1573758123065
-22.6452221315099 483.274366159903 836 1573758123065
-20.1998672850783 480.109570976918 837 1573758123080
-17.6433945162633 477.03313684268 837 1573758123080
-15.1038264892421 473.943476859799 837 1573758123110
-12.7328836278285 470.7218887502 837 1573758123110
-10.3619407664148 467.500300640601 837 1573758123110
-7.99099790500124 464.278712531001 837 1573758123110
-5.62005504358763 461.057124421402 837 1573758123110
-3.29670043265331 457.801077741478 837 1573758123148
-0.975873680945813 454.543200643035 837 1573758123148
1.34495307076168 451.285323544592 837 1573758123148
3.66577982246917 448.027446446149 837 1573758123148
5.98660657417667 444.769569347706 837 1573758123148
8.16711322874283 441.41756256447 837 1573758123163
10.3012173666882 438.03442799304 837 1573758123163
12.7489485021395 434.877478166442 838 1573758123178
15.1069543501334 431.692318294055 838 1573758123186
16.8142971101359 428.124691623894 837 1573758123201
19.0159049456051 424.785845997567 838 1573758123223
21.309274412749 421.50858243063 838 1573758123223
23.4773407764024 418.153553024744 838 1573758123238
25.4012498815838 414.646889034079 839 1573758123261
27.5953989224916 411.302384588532 839 1573758123261
29.7895479633993 407.957880142985 839 1573758123261
31.9352715747275 404.583069548248 839 1573758123268
34.1277739219494 401.241685714115 839 1573758123298
36.4572009611033 397.989952381067 839 1573758123298
38.6948554408719 394.680556821472 839 1573758123306
41.128501863101 391.522900607849 840 1573758123321
42.978860096774 388.114559648021 840 1573758123343
45.0983474743686 384.722248745963 840 1573758123343
47.7573248534121 381.741180640903 839 1573758123358
50.3501825737166 378.705866657487 840 1573758123366
52.9087355387637 375.659495654108 839 1573758123388
55.3122626421141 372.462144021356 839 1573758123388
57.4160584713854 369.093476715862 840 1573758123411
59.9255678030593 365.978615095462 840 1573758123411
END STROKE
-171.033305430547 375.445859096198 804 1573758124665
-168.731457526379 378.649636450914 800 1573758124687
-166.413280677256 381.909329749201 797 1573758124702
-164.057080005548 385.141715616427 797 1573758124702
-161.369270924792 388.103508493721 798 1573758124710
-159.182293464313 391.44872939989 797 1573758124733
-156.905060486743 394.737226011697 797 1573758124733
-154.627827509173 398.025722623505 797 1573758124733
-152.150847336495 401.161918813425 795 1573758124755
-149.582555596756 404.228493048559 795 1573758124755
-147.014263857018 407.295067283694 795 1573758124755
-144.44597211728 410.361641518829 795 1573758124755
-141.450763208709 412.989628839665 797 1573758124763
-138.517227391968 415.686308613397 802 1573758124808
-135.87170395593 418.686509564896 802 1573758124808
-133.226180519893 421.686710516395 802 1573758124808
-130.580657083855 424.686911467894 802 1573758124808
-127.935133647818 427.687112419393 802 1573758124808
-125.28961021178 430.687313370892 802 1573758124808
-122.644086775742 433.687514322391 802 1573758124808
-119.998563339705 436.68771527389 802 1573758124808
-117.425788781274 439.748787933047 803 1573758124838
-114.939245061887 442.882013161398 803 1573758124838
-112.4527013425 446.015238389749 803 1573758124838
-109.966157623112 449.1484636181 803 1573758124838
-107.479613903725 452.281688846451 803 1573758124838
-104.733057191286 455.150963574255 805 1573758124875
-101.562815928217 457.590137683239 805 1573758124875
-98.3925746651483 460.029311792222 805 1573758124875
-95.2223334020794 462.468485901206 805 1573758124875
-92.0520921390104 464.907660010189 805 1573758124875
-88.8818508759415 467.346834119172 805 1573758124875
-85.7811428714691 469.873214407703 804 1573758124898
-82.6972735369275 472.420713166775 804 1573758124898
-79.6134042023859 474.968211925847 804 1573758124898
-77.4792546699062 478.347688422497 804 1573758124905
-74.6236056674652 481.13564155517 806 1573758124928
-71.7090518105894 483.875235651998 806 1573758124928
-68.7944979537136 486.614829748825 806 1573758124928
-66.1153133348713 489.565256525043 808 1573758124935
-63.6223920673312 492.682665230337 810 1573758124958
-60.7124690488005 495.427177577955 810 1573758124958
-57.8025460302699 498.171689925572 810 1573758124958
-54.8645309071451 500.882590903748 811 1573758124980
-51.647144827734 503.259232823771 811 1573758124980
-48.4297587483229 505.635874743794 811 1573758124980
-45.8270078175924 508.645783737961 824 1573758124995
END STROKE
-168.502191451372 370.576331091956 147 1573758111827
-164.769541423894 370.461013104317 670 1573758111992
-160.797720199658 370.832874060379 679 1573758112000
-156.834351565547 370.322884039463 699 1573758112022
-152.886902138293 369.835736813373 705 1573758112037
-148.958953913224 369.12917315589 741 1573758112045
-144.968175583996 369.172307295179 742 1573758112075
-140.971476095367 369.334767128973 742 1573758112075
-136.974776606738 369.497226962766 742 1573758112075
-132.977806734214 369.652819824639 741 1573758112090
-128.980706906663 369.805112203283 741 1573758112090
-125.014268420551 369.389443076642 790 1573758112105
-121.048385981327 369.673234502582 788 1573758112112
-117.132375523885 369.128306800273 788 1573758112127
-113.197451377153 368.523595825352 784 1573758112135
-109.235843697481 368.946855764806 804 1573758112142
-105.244000354837 369.036779642003 801 1573758112165
-101.244000354837 369.036779642003 801 1573758112172
-97.4216496688394 368.221099810666 801 1573758112180
-93.6259171135464 368.514930180905 803 1573758112187
-89.643903741792 368.675941121204 819 1573758112210
-85.6545678413531 368.384052317942 819 1573758112210
-81.6743526355541 368.539275000841 818 1573758112225
-77.6880817680352 368.78023667358 816 1573758112255
-73.6880817680352 368.78023667358 816 1573758112255
-69.7177926641526 369.006777773305 815 1573758112277
-65.722944142931 368.803836174579 815 1573758112277
-61.7444559347248 369.001210410757 815 1573758112300
-57.7648533748695 368.952865459964 821 1573758112322
-53.7985577579135 369.471034427498 821 1573758112322
-49.8214918806806 369.750479861573 820 1573758112345
-45.8246494259188 369.591576142881 820 1573758112345
-41.8254763035653 369.549963458654 819 1573758112352
-37.8607981290969 369.537285215531 823 1573758112375
-33.8926531925031 369.572150249783 837 1573758112413
-29.9225013979509 369.084405718071 837 1573758112413
-25.9523496033988 368.59666118636 837 1573758112413
-21.9821978088467 368.108916654648 837 1573758112413
-18.0120460142946 367.621172122936 837 1573758112413
-14.0208483095959 367.412006884955 838 1573758112435
-10.0224804330318 367.297751365787 838 1573758112435
-6.04524997245746 366.944999314632 838 1573758112465
-2.08911137979387 366.354264657076 838 1573758112465
1.86702721286972 365.76352999952 838 1573758112465
5.82194148362502 365.166117031043 838 1573758112480
9.73035538117936 364.31505839299 838 1573758112480
13.6628758380136 363.65241351688 837 1573758112540
17.6587016263423 363.835105249938 837 1573758112540
21.6275951509094 364.047910642885 837 1573758112578
25.6037170927835 363.611499937989 837 1573758112578
29.5618558514765 363.610324717315 837 1573758112615
33.5576800097825 363.427597335956 837 1573758112615
37.5535041680885 363.244869954597 837 1573758112615
41.532709810895 362.893943854775 839 1573758112623
45.5062687644492 362.67390993288 838 1573758112645
49.4831626310338 362.878671721998 838 1573758112683
53.4727869613294 362.741721317956 838 1573758112690
END STROKE
46.5580079872357 346.808956135724 837 1573758068003
49.7170050314082 349.232479576629 837 1573758068018
52.668717592226 351.93199674796 837 1573758068018
55.8669602486072 354.332232732319 836 1573758068033
END STROKE
-182.810440274795 515.4714314509 830 1573757955872
-182.497490917274 511.486275824674 830 1573757955864
-182.249319886884 507.49804751695 831 1573757955849
-182.249319886884 503.49804751695 831 1573757955849
-182.366612175555 499.508647942472 830 1573757955827
-182.652540448491 495.556958717375 830 1573757955819
-182.272174476334 491.580366696024 831 1573757955804
-182.810440274795 487.638536096938 830 1573757955797
-182.810440274795 483.638536096938 830 1573757955797
-182.799362272932 479.63878832413 831 1573757955774
-182.617310304362 475.642933336679 831 1573757955774
-182.219841900142 471.668171662188 832 1573757955759
-181.623329321569 467.712900148928 832 1573757955759
-180.812950003536 463.819887942651 831 1573757955631
-179.815325793028 460.110925341369 831 1573757955609
-179.338566969704 456.147375429893 831 1573757955594
-179.120206864365 452.153340018883 831 1573757955594
-178.901846759026 448.159304607874 831 1573757955594
-178.785409745591 444.161124889377 830 1573757955564
-178.678781183226 440.162546348234 830 1573757955564
-178.554869853029 436.164561625914 831 1573757955541
-178.386796539349 432.168094265704 831 1573757955541
-178.196277498597 428.172674088636 828 1573757955526
-177.991528196172 424.177917810319 828 1573757955526
-177.786778893746 420.183161532002 828 1573757955526
-177.58202959132 416.188405253684 828 1573757955526
-177.370466681892 412.194009829403 828 1573757955496
-177.173092711609 408.19908201192 828 1573757955489
-177.051656122963 404.200925792494 828 1573757955489
-176.930219534316 400.202769573068 828 1573757955489
-176.560323562343 396.22071625782 828 1573757955474
-176.138361101042 392.243127381898 827 1573757955466
-175.688787735641 388.268472203254 827 1573757955466
-175.516035766106 384.278211142755 828 1573757955451
-175.516035766106 380.278211142755 828 1573757955451
-175.444693358129 376.279341362407 827 1573757955436
END STROKE
-184.837460882488 683.110395318876 831 1573757956240
-185.036021080351 679.115326627624 831 1573757956240
-185.054868315055 675.115794704985 831 1573757956225
-184.972038030429 671.116847668303 830 1573757956210
-184.870356073038 667.118140279716 830 1573757956210
-184.774308121099 663.119361269969 830 1573757956187
-184.774308121099 659.119361269969 830 1573757956187
-184.774308121099 655.119361269969 830 1573757956187
-184.774308121099 651.119361269969 830 1573757956187
-184.290386596525 647.156927366483 829 1573757956165
-184.34068342399 643.165240117768 830 1573757956157
-184.48636453195 639.167893871221 830 1573757956157
-184.296315646345 635.173164408287 830 1573757956142
-184.251824823616 631.175636593056 830 1573757956127
-184.316130065057 627.176153521967 830 1573757956127
-184.380435306499 623.176670450879 830 1573757956127
-184.444740547941 619.17718737979 830 1573757956127
-184.460207975798 615.17817260362 830 1573757956090
-184.31922130487 611.180658030961 830 1573757956090
-184.084102225996 607.190961210243 829 1573757956074
-183.563713901005 603.22495616849 829 1573757956074
-182.880126021333 599.326911074963 830 1573757956052
-182.972647310229 595.341808577978 829 1573757956044
-182.831189795529 591.346655060008 829 1573757956029
-182.901723153027 587.347276977671 829 1573757956029
-182.972256510524 583.347898895333 829 1573757956029
-183.042789868021 579.348520812996 829 1573757956029
-183.174704776671 575.351716209446 830 1573757955992
-183.439185814394 571.360469564514 830 1573757955992
-183.581314861412 567.370734100728 830 1573757955977
-183.371533907014 563.380272006603 829 1573757955969
-183.156048723213 559.388384979663 831 1573757955962
-182.855276707279 555.399708984495 831 1573757955962
-182.810440274795 551.401397067 830 1573757955947
-182.633974047354 547.405779702572 829 1573757955939
-182.435412132257 543.410711096669 829 1573757955939
-182.255289261008 539.415403736206 830 1573757955917
-182.350343130458 535.416533300458 830 1573757955917
-182.445396999908 531.41766286471 830 1573757955917
-182.603675029084 527.424830562055 830 1573757955894
-183.046360101845 523.466472855552 829 1573757955887
-182.878289249749 519.47000539182 829 1573757955887
END STROKE
===NOTES===
Great Job
