1.00
USERID - 01/01/2000 01:00:00 AM - F - HS - EN - N/A
11/12/2019 16:0:28:226
11/12/2019 16:0:47:722
-210.153489782283 563.574922921486 691 1573596448648
-207.439982868883 560.636065961556 691 1573596448648
-204.703087356537 557.720708826712 703 1573596448663
-201.751389879536 555.02117516249 703 1573596448663
-199.154758468012 551.983893142749 704 1573596448693
-196.606066229781 548.901010096836 704 1573596448693
-194.15099274141 545.744050446738 715 1573596448715
-191.736777384844 542.554761464517 715 1573596448715
-189.109031268272 539.544852453027 738 1573596448745
-186.384096876136 536.616588025324 738 1573596448745
-183.672395479511 533.677035543116 735 1573596448753
-181.440629435549 530.363482126682 740 1573596448783
-179.451945771334 526.893544130342 743 1573596448798
-176.977663509586 523.750627127111 743 1573596448798
-174.657023935556 520.494931843494 743 1573596448813
-172.256828085148 517.299847137535 745 1573596448828
-169.695671118392 514.227517865406 747 1573596448835
-167.194372677419 511.237251928525 754 1573596448850
-165.12384965805 507.817656299798 742 1573596448865
-162.610404377413 504.714803667759 751 1573596448881
-160.289518025664 501.470299705892 752 1573596448888
-157.59914461715 498.519665166052 751 1573596448911
-154.743124246202 495.736687194732 750 1573596448918
-152.326802249556 492.667744796189 751 1573596448933
-149.786696601311 489.585576202379 750 1573596448986
-147.357889378927 486.407385604492 750 1573596448986
-144.929082156544 483.229195006605 750 1573596448986
-142.500274934161 480.051004408717 750 1573596448986
-140.071467711778 476.87281381083 750 1573596448986
-137.323255336664 473.970459350166 749 1573596449023
-134.532599143273 471.10475908491 749 1573596449023
-131.741942949882 468.239058819653 749 1573596449023
-128.902012331426 465.425549494174 748 1573596449046
-125.880747033486 462.804107906142 748 1573596449046
-122.859481735545 460.182666318111 748 1573596449046
-120.085633452473 457.303298136452 746 1573596449076
-117.340846932795 454.393633729447 746 1573596449076
-114.591399422296 451.488880146103 748 1573596449098
-111.542511595346 448.899617119935 748 1573596449098
-108.471382873355 446.337184431761 749 1573596449121
-105.361668183202 443.821299985717 749 1573596449121
-102.164804297847 441.417787641446 748 1573596449136
-98.9835265797116 438.998981437738 748 1573596449158
END STROKE
-204.861240542308 573.333392943735 592 1573596441040
-200.875637643817 572.994321364946 592 1573596441040
-196.890034745327 572.655249786156 592 1573596441040
-192.920568648776 572.190158904107 594 1573596441047
-188.944961593924 571.807292430659 604 1573596441062
-184.954831718013 571.543701313862 612 1573596441077
-180.984240052203 571.059550693286 612 1573596441077
-177.009010946397 570.622670303368 650 1573596441115
-173.012361262678 570.458989804742 650 1573596441115
-169.01571157896 570.295309306116 650 1573596441115
-165.022349941696 570.09901233644 646 1573596441130
-161.073446142169 569.461706458478 646 1573596441130
-157.100759866867 569.047155817239 640 1573596441182
-153.106316516939 568.836389775822 640 1573596441182
-149.111873167011 568.625623734406 640 1573596441182
-145.117429817083 568.414857692989 640 1573596441182
-141.122986467154 568.204091651573 640 1573596441182
-137.146597869426 567.794684127249 653 1573596441205
-133.153116882414 567.566408840864 653 1573596441205
-129.191345806737 567.039435041496 653 1573596441227
-125.238947357927 566.424173713408 653 1573596441227
-121.274985541646 565.892241339287 650 1573596441242
-117.300994263914 565.439734024645 651 1573596441272
-113.318184242229 565.069295998562 651 1573596441272
-109.335374220545 564.698857972478 651 1573596441272
-105.367974204076 564.199553415557 649 1573596441287
-101.389887628473 563.878537617291 659 1573596441332
-97.390136503557 563.833917680836 659 1573596441332
-93.3903853786405 563.789297744381 659 1573596441332
-89.390634253724 563.744677807926 659 1573596441332
-85.3980475021399 563.623831669834 659 1573596441370
-81.4054612149901 563.86725463437 659 1573596441370
-77.417883053574 564.163003749763 658 1573596441377
-73.5121350409811 563.829037156839 650 1573596441400
-69.5573966519681 563.696256662142 660 1573596441423
-65.5913673923242 563.492406774349 660 1573596441453
-61.5935363210967 563.623926575222 673 1573596441498
-57.5960088046276 563.764545759806 673 1573596441498
-53.5985590470465 563.907031891507 672 1573596441513
-49.6028285597682 564.037746674325 672 1573596441528
-45.6054642576417 563.892627845128 681 1573596441588
-41.6074987331219 563.765067409449 681 1573596441588
-37.609533208602 563.63750697377 681 1573596441588
-33.6115676840821 563.509946538091 681 1573596441588
-29.6197625610488 563.507944515484 689 1573596441595
-25.6912690334062 562.88715345573 687 1573596441618
-21.8367917408608 561.915255719874 689 1573596441693
-17.865256439182 561.438907792914 689 1573596441693
-13.8937211375032 560.962559865954 689 1573596441693
-9.91506346058341 560.5804292587 688 1573596441715
-5.91705196542643 560.454317861148 688 1573596441715
-1.9612411642539 559.867766258732 688 1573596441745
2.00502357916213 559.354563808312 687 1573596441768
5.98871632405129 559.009598920663 688 1573596441783
9.96759653365165 558.642942007938 689 1573596441813
13.9377531477261 558.929866330841 686 1573596441836
17.7682164640707 559.743558677473 686 1573596441881
END STROKE
-86.280754112527 440.486149340903 725 1573596446641
-83.7470744701301 443.581205977266 724 1573596446671
-81.210649584921 446.674189779631 724 1573596446671
-78.5379287629361 449.649333733444 723 1573596446686
-76.0298095891786 452.76381865578 724 1573596446701
-73.5787052811647 455.801963495631 725 1573596446731
-70.8506625063234 458.703420528028 725 1573596446753
-68.3135915032172 461.794975889067 725 1573596446768
-65.4436216069919 464.567768019874 728 1573596446783
-62.5257476862041 467.297017157196 728 1573596446813
-59.7963700902538 470.221140605124 728 1573596446813
-57.0701154523802 473.148086064241 737 1573596446828
-54.4365677874029 476.158804698769 737 1573596446828
-51.9485121924352 479.290472755555 740 1573596446843
-49.1686751954234 482.166557555969 738 1573596446873
-46.2951677145525 484.94917408675 738 1573596446873
-43.5868242474973 487.807894912504 737 1573596446888
-40.7182051970925 490.590680105104 740 1573596446911
-38.0433415833934 493.552468452707 740 1573596446926
-35.5129145467626 496.601889751881 739 1573596446941
-32.6821369602814 499.365831473573 739 1573596446971
-29.7532472207958 502.042949143148 738 1573596446993
-27.1402237073585 504.96862042025 737 1573596447009
-24.7234993008238 508.075623454486 737 1573596447031
-21.9582934749177 510.965889314294 737 1573596447031
-19.4851691556252 514.097073436412 740 1573596447054
-16.3273432109269 516.508695252114 741 1573596447076
-13.2698316133946 519.063335723884 741 1573596447091
-10.4502901858734 521.900578218866 736 1573596447121
-7.6118942400823 524.719001262861 736 1573596447121
-4.76433258391093 527.527340398132 734 1573596447136
-1.61219020164004 529.966919264436 733 1573596447159
1.33204833637979 532.636371327371 733 1573596447166
4.16036922816725 535.39051557762 731 1573596447181
7.04597984905077 538.158932621618 730 1573596447196
10.0352881745541 540.81315539121 724 1573596447219
12.8314403850731 543.566671003278 713 1573596447241
15.06339672759 546.821034943201 692 1573596447279
17.3620636779756 550.060025324181 694 1573596447309
18.7032733115275 553.389964957029 680 1573596447369
20.2425300853203 557.059969173142 678 1573596447399
END STROKE
16.8387684807306 437.213252417411 714 1573596443964
16.8833077394895 441.19188397362 725 1573596443994
17.3878014387735 445.15994220245 725 1573596443994
17.7135599906582 449.144353201482 722 1573596444017
17.9459774740514 453.137327878203 723 1573596444024
18.0675974190073 457.105407919727 722 1573596444054
18.5320404110589 461.074170182959 705 1573596444069
19.1236581950793 465.02617679948 720 1573596444099
19.4676731598421 469.011356055677 720 1573596444099
20.5287814224735 472.847193452365 725 1573596444122
21.4713055306315 476.726094550096 724 1573596444137
21.9810286850289 480.657415247626 726 1573596444182
22.6981582380693 484.592605866155 726 1573596444182
23.3358540609774 488.53622756477 723 1573596444219
23.460757005906 492.534276995974 723 1573596444219
23.5856599508347 496.532326427178 723 1573596444219
23.8179683075034 500.521383239196 724 1573596444235
24.3596248093013 504.484539586611 724 1573596444235
24.858760733509 508.45325820795 725 1573596444257
25.1154260672578 512.437283470027 723 1573596444280
24.9715931744118 516.419744959106 723 1573596444302
25.4426281213792 520.38785466482 725 1573596444325
25.3712770574308 524.346966726488 723 1573596444347
25.1403547621463 528.337219388796 722 1573596444370
24.2937260372461 532.218917551589 719 1573596444422
23.6783730031841 536.158345399722 720 1573596444430
23.8427631620223 540.112560636076 719 1573596444475
23.6783730031841 544.109105410476 722 1573596444497
23.6783730031841 548.109105410476 722 1573596444497
23.3191011716537 551.770345610357 721 1573596444542
23.6420174311762 555.748379702921 722 1573596444565
END STROKE
12.3774838101486 313.851091630902 631 1573596443416
12.2725536716457 317.849632483501 629 1573596443439
12.1906292087356 321.848392310927 628 1573596443461
12.3192021106775 325.846325403024 628 1573596443461
12.2075225734408 329.841214638512 630 1573596443476
12.47516724149 333.800497104271 658 1573596443506
12.3898868316662 337.79797945185 657 1573596443529
12.5355540638128 341.795326204069 657 1573596443529
12.4571294526998 345.794304800981 661 1573596443566
12.3696922211874 349.793349028111 661 1573596443566
12.361584406357 353.793260401912 673 1573596443596
12.285106256814 357.771835257202 679 1573596443619
12.6760863794535 361.74917419657 679 1573596443634
12.5904935306845 365.732588372729 680 1573596443671
12.6741845812821 369.728469398049 687 1573596443701
12.5492809563469 373.726518808009 687 1573596443701
12.6650653372843 377.724340633632 685 1573596443724
12.7208219758402 381.723417160801 685 1573596443739
12.9335241628052 385.714487635813 685 1573596443761
13.7343510078742 389.611168533447 692 1573596443791
14.883361859662 393.441212029391 693 1573596443799
15.7282031401457 397.330105286602 697 1573596443806
15.9301301935116 401.319883613989 701 1573596443822
15.7992208263557 405.315867821354 703 1573596443837
16.0800895796796 409.291588248807 707 1573596443859
16.4316095458275 413.270664019343 710 1573596443874
16.5618688669931 417.268328897782 707 1573596443904
16.6635508243847 421.267036286369 707 1573596443904
16.6727435985794 425.266919425078 709 1573596443927
16.5793213387364 429.2647923597 709 1573596443942
16.8284942571297 433.226376949937 712 1573596443957
END STROKE
12.0023125748266 297.912410321483 604 1573596443356
12.0023125748266 301.912410321483 622 1573596443371
11.9922089219435 305.888204553252 633 1573596443401
12.4746092655078 309.859009246073 633 1573596443401
END STROKE
-92.7008349559958 428.870017358268 748 1573596449226
-91.1049829985256 425.24031354177 749 1573596449248
-88.702338433632 422.047662571813 751 1573596449279
-86.1025253319795 419.023615537436 752 1573596449294
-83.2031261961761 416.278306993315 750 1573596449301
-80.6463131248904 413.220358541074 755 1573596449324
-77.8461667893611 410.363930614516 755 1573596449324
-75.3830067833421 407.217397280266 756 1573596449346
-72.9791656480884 404.020290189421 755 1573596449361
-70.4895414140323 400.893071170468 758 1573596449376
-68.629395514685 397.443499159692 759 1573596449429
-66.4542403934579 394.088985801949 759 1573596449436
-64.2857682668563 390.769165426827 759 1573596449466
-61.8009338454511 387.634584450333 759 1573596449466
-59.2516727252762 384.553001243733 758 1573596449496
-56.6550820220654 381.510351622104 758 1573596449496
-54.0883622543851 378.442893281189 759 1573596449511
-51.5651637262427 375.339235116158 761 1573596449526
-48.9904556964798 372.278046039757 761 1573596449526
-46.4205778417954 369.212803022619 762 1573596449556
-43.8522861020574 366.146228787484 762 1573596449556
-41.1939452212574 363.165859479582 764 1573596449586
-38.2422660603215 360.466305788526 764 1573596449586
-35.6364209194602 357.462617546968 764 1573596449601
-33.2663161076615 354.263397005063 764 1573596449631
-31.1912439527909 350.844101462658 764 1573596449646
-28.8540226568922 347.608689161529 763 1573596449654
-26.5250631579739 344.38381033345 764 1573596449669
-23.9749123000642 341.333106905367 763 1573596449692
-21.3644142018638 338.32160826707 769 1573596449737
-18.839789694776 335.21898500631 769 1573596449737
-16.2626265961889 332.161611272046 772 1573596449759
-13.5685781836848 329.20490649289 772 1573596449759
-11.1058186242891 326.071135061624 772 1573596449789
-8.48958059937422 323.095046961195 773 1573596449797
-6.01040664919536 320.020571148594 773 1573596449827
-3.31671901762258 317.123031134174 771 1573596449864
-0.844162596000235 313.993361755639 772 1573596449872
2.11095004110521 311.339762883756 770 1573596449894
5.18483052607104 308.834567691019 770 1573596449924
END STROKE
-197.448385651755 297.757008662793 192 1573596445664
-195.516683126339 299.359406812195 590 1573596445822
-192.564974964959 302.058928793961 590 1573596445822
-189.742891888341 304.871660898074 606 1573596445852
-186.700650318353 307.464582618446 633 1573596445875
-183.868978333797 310.289761156499 633 1573596445875
-181.313821380875 313.361147979826 650 1573596445890
-178.812723032754 316.46092835249 651 1573596445912
-176.211095301529 319.493956214706 653 1573596445935
-173.579403173227 322.498638187782 658 1573596445965
-170.968308120331 325.492752594817 662 1573596445972
-168.691156314104 328.771635140408 697 1573596446010
-166.422939248847 332.058587345925 695 1573596446017
-164.112000872241 335.258925991143 694 1573596446040
-161.659027395007 338.400589057542 695 1573596446055
-159.493611965371 341.741707349366 697 1573596446100
-158.066562853825 345.477600795929 696 1573596446115
-156.204481715199 349.015170955036 695 1573596446130
-154.220461455093 352.450474753694 696 1573596446152
-152.179355726711 355.883619027485 697 1573596446175
-150.171934481888 359.331550318006 699 1573596446205
-148.291366202847 362.861913323118 699 1573596446205
-146.688184064485 366.512815810427 699 1573596446228
-144.25249286019 369.682507139606 698 1573596446250
-142.025793783927 372.993221620245 700 1573596446273
-139.924877951843 376.390309650664 700 1573596446288
-137.556393708624 379.607772461021 701 1573596446310
-135.09960531088 382.76428405298 700 1573596446333
-132.47533025511 385.765156105294 699 1573596446348
-130.082818909551 388.919049735655 700 1573596446370
-127.606983045045 392.051264262614 701 1573596446393
-124.999593518182 395.053420240396 701 1573596446408
-122.034288615145 397.678499939283 700 1573596446430
-119.198898566262 400.460178522175 701 1573596446453
-116.573357189995 403.446575645572 705 1573596446475
-114.057920234867 406.551393069688 707 1573596446498
-111.352151350622 409.49737588448 707 1573596446498
-108.750628921104 412.474916913206 709 1573596446520
-105.929442827212 415.300337825441 722 1573596446535
-103.234015283212 418.245004492178 726 1573596446580
-100.668202773222 421.313653407185 726 1573596446580
-98.102390263232 424.382302322193 726 1573596446580
-95.5349784482035 427.449583423457 725 1573596446588
END STROKE
-191.914608195332 298.907004537463 591 1573596439035
-187.914608195332 298.907004537463 591 1573596439035
-183.918050464654 298.793966678706 596 1573596439043
-179.941375196128 298.372606276555 607 1573596439058
-175.958957058619 298.038841118924 670 1573596439096
-171.960774258691 297.918282841058 670 1573596439096
-167.962591458763 297.797724563192 670 1573596439096
-163.964408658836 297.677166285325 670 1573596439096
-159.967411341685 297.65700961919 672 1573596439103
-155.972078186318 297.665035304163 679 1573596439163
-151.975777852756 297.493036339121 679 1573596439163
-147.979477519195 297.321037374079 679 1573596439163
-143.983177185633 297.149038409037 679 1573596439163
-139.986876852071 296.977039443995 679 1573596439163
-135.99057651851 296.805040478953 679 1573596439163
-131.994276184948 296.633041513911 679 1573596439163
-127.997975851387 296.461042548869 679 1573596439163
-123.998370571543 296.442691851699 665 1573596439186
-119.998370571543 296.442691851699 665 1573596439186
-116.000188276339 296.373070251 677 1573596439201
-112.005637727326 296.164345764223 677 1573596439201
-108.007761773672 296.043839295085 707 1573596439231
-104.008833579219 295.951247202511 707 1573596439231
-100.009905384766 295.858655109937 707 1573596439231
-96.0110474393741 295.76323404115 712 1573596439261
-92.0124522441874 295.657231847634 712 1573596439261
-88.0138570490007 295.551229654118 712 1573596439261
-84.0151056128953 295.457016913453 711 1573596439276
-80.0158441118288 295.442982891422 713 1573596439291
-76.037935575451 295.023169032417 713 1573596439291
-72.0410430260151 294.964116774255 712 1573596439306
-68.0939974884585 294.446669353183 715 1573596439336
-64.1242001034131 293.956048601801 715 1573596439336
-60.1473989194303 293.535568456902 713 1573596439351
-56.2307679267079 292.824645689773 711 1573596439381
-52.2548236711928 292.433536705917 712 1573596439396
-48.2598133455238 292.23898221987 711 1573596439418
-44.2707135352403 291.959615760335 710 1573596439426
-40.3292877017581 291.552963608962 710 1573596439479
-36.3321889565908 291.705284393432 710 1573596439479
-32.3378825618015 291.891670040317 710 1573596439501
-28.3693357398389 292.392305758071 710 1573596439501
-24.3793733030695 292.356371518222 709 1573596439516
-20.4148763797429 292.508344767942 708 1573596439539
-16.4593503036121 292.320497263277 708 1573596439576
-12.5185559957562 291.699214131956 710 1573596439599
-8.55211906398768 291.434454015017 709 1573596439621
-4.57267447402492 291.459907254287 711 1573596439644
-0.589840464165748 291.815561280941 722 1573596439659
3.39973420078745 291.96801121865 721 1573596439696
END STROKE
-224.409009028215 572.201418496494 717 1573596049013
-224.155050757526 568.209934212037 716 1573596048931
-223.876551771851 564.219641200869 716 1573596048931
-223.934530120068 560.222507230549 716 1573596048886
-224.001712438012 556.225339817307 717 1573596048871
-223.940117681446 552.225814084677 717 1573596048871
-223.878522924879 548.226288352048 717 1573596048871
-224.042638028901 544.234153208685 720 1573596048818
-224.167540293831 540.236103756238 720 1573596048818
-224.082095852211 536.240241036151 720 1573596048796
-223.881353258684 532.245283400514 722 1573596048781
-223.682798212399 528.250214453225 722 1573596048781
-223.482764716079 524.255224051677 731 1573596048743
-223.256904089327 520.261605770309 731 1573596048743
-223.031043462575 516.26798748894 731 1573596048743
-222.83931329439 512.272657758178 731 1573596048713
-222.679946924585 508.27585044389 732 1573596048698
-222.776467319839 504.291362325317 735 1573596048668
-222.659736106017 500.297149759929 736 1573596048653
-222.557667331067 496.315561414274 737 1573596048638
-222.057940787802 492.403466106884 739 1573596048623
-222.012796830278 488.404288535772 740 1573596048608
-221.86430644568 484.407057414363 740 1573596048585
-221.603587173814 480.423589967862 740 1573596048570
-221.183520146526 476.463101509809 741 1573596048563
-220.901525938665 472.474415340743 739 1573596048540
-220.800506508469 468.476715380721 739 1573596048525
-220.602204650877 464.491417447925 740 1573596048510
-220.403302109963 460.522616908328 740 1573596048495
-219.997366316359 456.561677823816 742 1573596048480
-219.801110308113 452.5664958786 742 1573596048465
-219.606951298742 448.571210872611 742 1573596048465
-219.183834659654 444.620978809596 742 1573596048428
-219.11275348492 440.621771802672 742 1573596048420
END STROKE
-219.023515298278 436.622767358307 742 1573596048420
-218.663543542115 432.6415509637 744 1573596048390
-218.144376580876 428.676151157864 745 1573596048368
-217.968400460381 424.714767015065 747 1573596048345
-217.554544830184 420.74304234811 745 1573596048337
-217.285999450166 416.752067106534 745 1573596048337
-216.998231187973 412.763557144647 744 1573596048292
-216.309711400482 408.828439749321 745 1573596048277
-215.947947597395 404.853047235412 745 1573596048270
-215.463016195931 400.882750894899 743 1573596048255
-215.052294252173 396.906309464733 745 1573596048232
-214.693039551667 392.954524348596 744 1573596048217
-214.066244866013 389.030106039081 744 1573596048202
-212.868269014705 385.277531104103 743 1573596048172
-212.106900075531 381.360743883313 745 1573596048157
-211.34470241348 377.445549051262 744 1573596048142
-210.750335766559 373.518035141745 744 1573596048112
-210.017054612893 369.590939864437 744 1573596048097
-209.140220993025 365.688227627662 744 1573596048097
-208.263387373157 361.785515390888 744 1573596048097
-207.727945077906 357.843184080532 746 1573596048037
-207.086154862211 353.902114364633 746 1573596048022
-206.609594652471 349.953895120274 747 1573596048000
-206.382888564275 345.98848200948 747 1573596047985
-206.073845651667 342.013087276303 746 1573596047977
-205.711449335693 338.061382400993 745 1573596047954
-205.172541588397 334.107624138998 746 1573596047917
-205.289740242314 330.128317323218 746 1573596047894
-204.741723462304 326.188463992355 746 1573596047887
-204.490378630181 322.216974346449 746 1573596047834
-204.629707519153 318.310770939639 747 1573596047804
-203.695651053914 314.448726411071 746 1573596047774
-202.831443995846 310.559890605495 746 1573596047759
-202.385663939623 306.584808198617 746 1573596047759
-201.398673400068 302.73248680143 746 1573596047722
END STROKE
===NOTES===
Great Job
