1.00
USERID - 01/01/2000 01:00:00 AM - F - HS - EN - N/A
11/13/2019 10:52:8:138
11/13/2019 10:52:9:384
-201.216796290508 581.641424661039 728 1573664033231
-198.551624908956 578.658902495594 725 1573664033216
-195.86139167858 575.698725952518 725 1573664033216
-193.171158448204 572.738549409441 725 1573664033216
-190.480925217828 569.778372866364 725 1573664033216
-187.990248080025 566.662242967606 730 1573664033171
-185.530236685186 563.519047644065 729 1573664033163
-182.888599447151 560.515424381633 729 1573664033163
-180.28275925842 557.482937019072 727 1573664033141
-177.907443738337 554.264571567472 727 1573664033141
-175.669685182984 550.968816197749 727 1573664033126
-174.024305681705 547.343082122748 728 1573664033118
-171.526181930025 544.219081847254 728 1573664033118
-169.028058178345 541.095081571759 728 1573664033118
-166.529934426665 537.971081296264 728 1573664033118
-163.880323690675 534.977024517782 728 1573664033096
-161.172957067213 532.032509962518 728 1573664033096
-158.56577087806 529.004149564395 728 1573664033081
-156.099463138454 525.857048974612 727 1573664033073
-153.457828738103 522.853423216485 727 1573664033073
-150.816194337753 519.849797458358 727 1573664033073
-148.174559937402 516.846171700231 727 1573664033073
-145.532925537052 513.842545942104 727 1573664033073
-142.891291136701 510.838920183977 727 1573664033073
-140.24965673635 507.83529442585 727 1573664033073
-137.608022336 504.831668667723 727 1573664033073
-135.024163145335 501.778298880611 728 1573664033028
-132.446313887294 498.719754585883 728 1573664033028
-129.866244941312 495.66308446204 726 1573664033013
-127.283023026163 492.609076515571 726 1573664033013
-124.699801111013 489.555068569103 726 1573664033013
-122.116579195864 486.501060622635 726 1573664033013
-119.533357280714 483.447052676166 726 1573664033013
-116.950135365565 480.393044729698 726 1573664033013
-114.366913450415 477.33903678323 726 1573664033013
-111.783691535266 474.285028836762 726 1573664033013
-109.207917940549 471.224827422788 727 1573664032961
-106.676411639315 468.127816630619 727 1573664032961
-104.144905338081 465.03080583845 727 1573664032961
-101.613399036847 461.93379504628 727 1573664032961
-99.0818927356129 458.836784254111 727 1573664032961
-96.550386434379 455.739773461942 727 1573664032961
-94.1028924221904 452.576242232538 728 1573664032923
-91.6688838020909 449.402033348851 728 1573664032923
-89.2348751819914 446.227824465163 728 1573664032923
-86.8036291900544 443.051699844322 728 1573664032893
-84.6686262522987 439.671280080864 728 1573664032886
-81.9429729936952 436.743684768349 728 1573664032886
END STROKE
-197.806741367106 583.169486834838 714 1573664029420
-193.948476331966 582.534152598872 714 1573664029345
-189.985516818892 582.484269618548 712 1573664029292
-185.990371458601 582.287330048698 700 1573664029277
-182.003775841924 582.289745599896 702 1573664029247
-178.043574054558 581.790382332019 700 1573664029232
-174.069148236971 581.471477074888 701 1573664029224
-170.071718548697 581.328103830154 701 1573664029224
-166.099324403775 580.93522506644 699 1573664029187
-162.102624929118 580.772764888916 699 1573664029187
-158.106129892298 580.605834484782 696 1573664029157
-154.142569339425 580.177185168 699 1573664029142
-150.227244051195 579.37215436321 697 1573664029127
-146.266261889783 578.814821144234 697 1573664029127
-142.284278511257 578.520696168469 696 1573664029104
-138.285035344644 578.442888107858 696 1573664029104
-134.28649075353 578.338272289787 693 1573664029082
-130.28862291993 578.207685977085 693 1573664029082
-126.290594512794 578.086934124732 687 1573664029059
-122.290594512794 578.086934124732 687 1573664029059
-118.31899249952 577.732750322547 687 1573664029044
-114.370092949085 577.095418116724 687 1573664029044
-110.418052883934 576.478627402245 685 1573664029022
-106.449627001562 575.983519482764 682 1573664029014
-102.470896716261 575.571566431035 682 1573664029014
-98.4886360163427 575.227990651693 678 1573664028992
-94.4886360163427 575.227990651693 678 1573664028992
-90.4888346085437 575.203230562877 678 1573664028977
-86.4893492230585 575.139069427522 678 1573664028977
-82.4898638375733 575.074908292167 678 1573664028977
-78.4950694805689 574.875355259375 674 1573664028954
-74.5007343436673 574.662548271442 674 1573664028954
-70.5063992067657 574.449741283509 674 1573664028954
-66.5120640698641 574.236934295576 674 1573664028954
-62.5176952240222 574.024762211763 671 1573664028917
-58.5232821640558 573.813422896042 671 1573664028917
-54.5288691040893 573.602083580321 671 1573664028917
-50.5344560441229 573.3907442646 671 1573664028917
-46.5400429841564 573.179404948879 671 1573664028917
-42.5453365846334 572.974114899675 665 1573664028879
-38.5492164381432 572.797979228062 665 1573664028879
-34.5530962916529 572.621843556449 665 1573664028879
-30.5569761451626 572.445707884836 665 1573664028879
-26.5586820481073 572.377874953944 657 1573664028856
-22.5587125889668 572.39350588301 657 1573664028856
-18.5587431298263 572.409136812075 657 1573664028856
-14.5587736706858 572.424767741141 657 1573664028856
-10.5588042115454 572.440398670206 657 1573664028856
-6.55883475240488 572.456029599271 657 1573664028856
-2.5588652932644 572.471660528337 657 1573664028856
1.44110416587607 572.487291457402 657 1573664028856
5.44107362501655 572.502922386468 657 1573664028856
9.44104308415702 572.518553315533 657 1573664028856
13.4400604586743 572.583756946262 636 1573664028796
17.4376803071508 572.721726316292 636 1573664028796
21.4353001556274 572.859695686322 636 1573664028796
25.4329200041039 572.997665056351 636 1573664028796
29.4305398525804 573.135634426381 636 1573664028796
33.4294033489072 573.228246810567 619 1573664028766
37.4285771430661 573.309542346191 619 1573664028766
41.4282827428113 573.288396226263 608 1573664028751
END STROKE
-76.6560076408233 436.150322149414 714 1573664031076
-73.9097234147429 439.058572989624 714 1573664031076
-71.1634391886626 441.966823829834 714 1573664031076
-68.4171549625822 444.875074670044 714 1573664031076
-65.6708707365018 447.783325510254 714 1573664031076
-63.2064947801615 450.932214519164 717 1573664031091
-60.7654078325898 454.100983130849 717 1573664031091
-58.418289255163 457.339143419568 706 1573664031113
-56.1080295990931 460.604522466713 706 1573664031113
-53.7977699430232 463.869901513859 706 1573664031113
-51.478140955765 467.128602391812 708 1573664031136
-49.1450683311844 470.377721061302 708 1573664031136
-46.8119957066039 473.626839730793 708 1573664031136
-44.4296048162103 476.835965325613 719 1573664031173
-41.7325135099752 479.789894655477 719 1573664031173
-39.0354222037401 482.743823985341 719 1573664031173
-36.338330897505 485.697753315205 719 1573664031173
-33.6412395912699 488.651682645069 719 1573664031173
-30.9441482850348 491.605611974933 719 1573664031173
-27.8804145316943 494.17247347431 704 1573664031181
-25.1338606874445 497.072910686242 724 1573664031196
-22.4470003274169 500.036149017142 724 1573664031196
-19.6783485426715 502.921963792441 718 1573664031249
-16.8668778141508 505.767246263949 718 1573664031249
-14.0554070856302 508.612528735457 718 1573664031249
-11.2439363571095 511.457811206965 718 1573664031249
-8.43246562858888 514.303093678473 718 1573664031249
-5.62099490006823 517.148376149981 718 1573664031249
-2.80952417154757 519.99365862149 718 1573664031249
-0.0575419766764937 522.888910729895 728 1573664031256
2.33878813188618 526.081770951705 725 1573664031286
5.19742269498989 528.879664522702 725 1573664031286
8.0560572580936 531.6775580937 725 1573664031286
10.9146918211973 534.475451664697 725 1573664031286
13.6929183813326 537.35218214891 721 1573664031309
16.4338669889296 540.265462212775 721 1573664031309
19.2072991860387 543.147140175802 704 1573664031339
22.0440887201791 545.96718009378 704 1573664031339
24.8808782543195 548.787220011759 704 1573664031339
27.7088400134476 551.616087285602 703 1573664031361
30.5287452326977 554.453010716794 703 1573664031361
33.4054409915237 557.231759185303 696 1573664031384
36.3096543021788 559.982289698629 699 1573664031399
39.6155364459866 562.174840721957 689 1573664031421
42.510218865074 564.844431347128 663 1573664031466
44.5758181250336 568.157453888587 606 1573664031504
END STROKE
61.3985953535457 572.998493169621 542 1573664028691
64.0937316759242 571.25724256012 229 1573664028616
END STROKE
41.1069186346592 434.790983432483 743 1573664025912
41.3070587637591 438.7851969722 745 1573664025942
41.4719656409143 442.781796241812 745 1573664025942
41.950360965223 446.748377339405 746 1573664025964
42.0484106814094 450.722828113899 746 1573664025972
42.777474975767 454.650948867889 745 1573664025987
43.0367819283715 458.627590216989 742 1573664026002
43.253768571403 462.609466852476 755 1573664026032
43.253768571403 466.609466852476 755 1573664026032
43.4086554325278 470.606081296003 756 1573664026054
43.7266649686659 474.59310898937 755 1573664026077
43.9435575759648 478.58058492422 753 1573664026114
44.4395294166732 482.549717314708 753 1573664026114
45.2798515536969 486.420745352696 734 1573664026145
45.7162843092069 490.376662626834 756 1573664026182
46.1044553314431 494.348769470368 758 1573664026197
46.5534365731978 498.304572025339 756 1573664026220
46.5534365731978 502.304572025339 755 1573664026250
46.7588846033006 506.282372528043 754 1573664026265
47.21948608334 510.242299746165 741 1573664026302
48.0424128600438 514.147884624325 740 1573664026317
48.5933780728674 518.0872342328 737 1573664026347
48.9847534565156 522.018134688294 733 1573664026640
49.3320939039062 525.999999292107 734 1573664026820
49.0909700833862 529.897806791285 728 1573664026948
50.424588574526 533.620233457966 728 1573664026971
50.8950927929557 537.535633938138 728 1573664027031
50.8950927929557 541.489278357027 725 1573664027076
51.3113844046269 545.365720326554 722 1573664027121
52.2867271864691 549.188327863473 717 1573664027166
52.6779455210526 553.076269507523 719 1573664027233
52.838173584636 557.001490473035 711 1573664027271
52.8006769503321 560.941912232685 707 1573664027331
53.1527394525777 564.815388274187 692 1573664027384
END STROKE
33.199002579261 307.349705132842 659 1573664025506
33.2371727637025 311.326270013391 665 1573664025529
33.5822376155974 315.307102375633 698 1573664025611
33.7108056180519 319.305035625294 698 1573664025611
33.8393736205064 323.302968874955 698 1573664025611
33.9679416229609 327.300902124616 698 1573664025611
34.0965096254154 331.298835374277 698 1573664025611
34.2250776278699 335.296768623938 698 1573664025611
34.3536456303244 339.294701873599 698 1573664025611
35.0926505286249 343.200740086406 703 1573664025641
35.2957982834146 347.195578129397 703 1573664025641
35.5230489095086 351.188944077951 715 1573664025664
35.80757091389 355.178812149582 715 1573664025664
36.13584809309 359.165040479538 718 1573664025686
36.5144634149836 363.147081468532 718 1573664025686
36.7003901416634 367.140022336629 721 1573664025716
36.7732600063181 371.139358529402 721 1573664025716
36.9025125248416 375.136057331965 722 1573664025731
37.1485148536982 379.124801009092 728 1573664025747
36.8577030368407 383.114215563531 728 1573664025747
36.915378216098 387.112077949971 740 1573664025769
37.0552486595685 391.10779192427 739 1573664025784
37.5376716717527 395.078593863088 739 1573664025784
38.1255474690342 399.034454929083 737 1573664025807
38.7651597303012 402.982985814772 737 1573664025807
39.1130461241682 406.956999227481 736 1573664025852
39.1677128285432 410.956625653965 736 1573664025852
39.2223795329181 414.95625208045 736 1573664025852
39.1716841942609 418.95300325636 741 1573664025859
39.6268150108068 422.896126288597 745 1573664025882
40.3561841491294 426.826286468239 743 1573664025912
40.7315513918943 430.808634950361 743 1573664025912
END STROKE
-76.4916664764882 430.888494143317 728 1573664032886
-73.7660132178847 427.960898830802 728 1573664032886
-71.0403599592812 425.033303518286 728 1573664032886
-68.3319534922187 422.089823045869 724 1573664032841
-65.6378867029788 419.133135011071 724 1573664032841
-62.9438199137389 416.176446976274 724 1573664032841
-60.250029703954 413.219543174459 721 1573664032811
-58.0377185688993 409.887024691132 721 1573664032811
-55.8254074338447 406.554506207806 721 1573664032811
-53.6334255605551 403.208758220583 720 1573664032788
-51.4824227472903 399.83634263271 720 1573664032788
-49.3314199340255 396.463927044838 720 1573664032788
-47.1804171207608 393.091511456965 720 1573664032788
-45.029414307496 389.719095869092 720 1573664032788
-42.7755618159298 386.422120259797 718 1573664032743
-40.2049860615242 383.357460361723 718 1573664032743
-37.6344103071187 380.292800463649 718 1573664032743
-35.0638345527131 377.228140565575 718 1573664032743
-32.4010550879414 374.246242553331 713 1573664032705
-29.6308235316006 371.360793346664 713 1573664032705
-26.9134973381812 368.428752886363 711 1573664032683
-24.4013862011901 365.315989221161 711 1573664032683
-21.8877700603191 362.2044499173 710 1573664032660
-19.3513407923864 359.111469709026 710 1573664032660
-16.8149115244536 356.018489500752 710 1573664032660
-14.0415822234814 353.140390103015 710 1573664032638
-11.2917061039271 350.238158836042 710 1573664032623
-8.6405277836765 347.242953748868 710 1573664032623
-6.06865770601635 344.185095786223 708 1573664032600
-3.76843382401998 340.912639508029 708 1573664032600
-1.39436979396005 337.699385591827 706 1573664032578
1.29970399057103 334.742703930995 706 1573664032578
3.9937777751021 331.786022270163 706 1573664032578
6.77935714583935 328.922812097691 683 1573664032548
9.789517486044 326.288834244873 684 1573664032533
12.6367166265485 323.479304559266 684 1573664032533
15.4839157670531 320.669774873658 684 1573664032533
18.2361116477899 317.768401640731 677 1573664032510
20.9477661019613 314.827835348132 677 1573664032510
23.6594205561327 311.887269055532 677 1573664032510
26.371075010304 308.946702762933 677 1573664032510
END STROKE
-1.89639717249882 295.210818269119 711 1573664024770
2.08385835405383 294.849909994936 713 1573664024785
6.07617112617751 294.823939485356 719 1573664024808
10.0679360974781 294.735772688607 716 1573664024815
14.0086191817705 294.312063701101 708 1573664024845
18.0072126196255 294.416680768566 712 1573664024883
22.0072126196255 294.416680768566 712 1573664024883
26.0072126196255 294.416680768566 712 1573664024883
30.0056835911307 294.513689058414 714 1573664024905
END STROKE
-201.512410144749 301.564039451158 563 1573664024245
-197.512410144749 301.564039451158 563 1573664024245
-193.538107429148 301.812374924116 594 1573664024275
-189.54249978882 301.624972724137 594 1573664024275
-185.563483890548 301.240147407415 608 1573664024305
-181.577238638915 300.908712958636 608 1573664024305
-177.591774995477 300.568921361427 643 1573664024327
-173.613203175348 300.155440682227 643 1573664024327
-169.646972997296 299.664379676931 624 1573664024335
-165.70370134498 299.046398995429 645 1573664024365
-161.716290000239 298.729301584797 645 1573664024365
-157.728878655498 298.412204174165 645 1573664024365
-153.73665445917 298.188092583985 639 1573664024380
-149.737812945718 298.09182966123 639 1573664024380
-145.762653177251 297.681272202475 651 1573664024395
-141.790098935342 297.222846888261 648 1573664024417
-137.799246865637 296.952477219594 648 1573664024417
-133.808394795933 296.682107550926 648 1573664024417
-129.810260383841 296.58508406908 681 1573664024440
-125.810793541851 296.51977725611 681 1573664024440
-121.818721585473 296.322914917408 679 1573664024455
-117.837130486978 295.939597393174 679 1573664024455
-113.841818346224 295.811355691778 676 1573664024522
-109.842083017149 295.765341592259 676 1573664024522
-105.842347688075 295.71932749274 676 1573664024522
-101.842612359 295.67331339322 676 1573664024522
-97.8428770299261 295.627299293701 676 1573664024522
-93.8431417008518 295.581285194181 676 1573664024522
-89.8434063717775 295.535271094662 676 1573664024522
-85.8434454028466 295.528485387101 675 1573664024545
-81.8434454028466 295.528485387101 675 1573664024545
-77.8471309189455 295.391350733115 679 1573664024552
-73.8508175417135 295.220283737604 685 1573664024583
-69.8542700218367 295.054127421544 685 1573664024583
-65.8578461096516 294.900741900291 679 1573664024590
-61.8641468356888 294.980428695694 694 1573664024620
-57.8686157009842 294.791402370526 694 1573664024620
-53.8730845662797 294.602376045358 694 1573664024620
-49.8800777686522 294.366717441591 695 1573664024635
-45.8842157358921 294.318222090919 709 1573664024733
-41.8857054265073 294.427379343281 709 1573664024733
-37.8871951171225 294.536536595644 709 1573664024733
-33.8886848077377 294.645693848006 709 1573664024733
-29.8901744983529 294.754851100369 709 1573664024733
-25.8916641889681 294.864008352731 709 1573664024733
-21.8931538795832 294.973165605094 709 1573664024733
-17.8946435701984 295.082322857457 709 1573664024733
-13.8961332608136 295.191480109819 709 1573664024733
-9.89639717249882 295.210818269119 711 1573664024770
-5.89639717249882 295.210818269119 711 1573664024770
END STROKE
-201.441978624089 302.040509833728 366 1573664030685
-198.424047312866 303.788321536717 477 1573664030745
-195.824433491104 306.821604050484 538 1573664030768
-193.336037412863 309.953357759737 588 1573664030798
-190.849490460172 313.086580422118 588 1573664030798
-188.362943507481 316.2198030845 588 1573664030798
-185.763490464069 319.2485213733 637 1573664030828
-182.831508251405 321.969455092563 637 1573664030828
-179.899526038741 324.690388811826 637 1573664030828
-176.967543826078 327.411322531089 637 1573664030828
-174.067598591824 330.165066232516 673 1573664030881
-171.27754697884 333.03135512181 673 1573664030881
-168.487495365856 335.897644011103 673 1573664030881
-165.697443752873 338.763932900397 673 1573664030881
-162.907392139889 341.63022178969 673 1573664030881
-160.117340526906 344.496510678984 673 1573664030881
-157.327288913922 347.362799568277 673 1573664030881
-154.537237300938 350.229088457571 673 1573664030881
-151.747185687955 353.095377346865 673 1573664030881
-148.961483178959 355.965853582715 680 1573664030903
-146.20295149576 358.862490072298 680 1573664030903
-143.444419812561 361.759126561882 680 1573664030903
-140.685888129362 364.655763051466 680 1573664030903
-137.9415992209 367.565873386869 697 1573664030963
-135.202357614648 370.480758534277 697 1573664030963
-132.463116008397 373.395643681685 697 1573664030963
-129.723874402146 376.310528829094 697 1573664030963
-126.984632795894 379.225413976502 697 1573664030963
-124.245391189643 382.14029912391 697 1573664030963
-121.506149583391 385.055184271318 697 1573664030963
-118.76690797714 387.970069418727 697 1573664030963
-116.027666370888 390.884954566135 697 1573664030963
-113.288424764637 393.799839713543 697 1573664030963
-110.644831552084 396.80031407855 708 1573664030993
-108.050986908361 399.845305041464 708 1573664030993
-105.457142264637 402.890296004377 708 1573664030993
-102.863297620914 405.935286967291 708 1573664030993
-100.266242091015 408.977525694415 706 1573664031046
-97.65372838795 412.006514329471 706 1573664031046
-95.041214684885 415.035502964527 706 1573664031046
-92.42870098182 418.064491599583 706 1573664031046
-89.816187278755 421.093480234638 706 1573664031046
-87.20367357569 424.122468869694 706 1573664031046
-84.591159872625 427.15145750475 706 1573664031046
-81.9786461695601 430.180446139806 706 1573664031046
END STROKE
-207.593965338574 427.391934084442 446 1573663929294
-207.397192385437 423.396776965515 446 1573663929294
-207.200419432301 419.401619846588 446 1573663929294
-207.003646479164 415.406462727661 446 1573663929294
-206.81310968249 411.411049625509 447 1573663929257
-206.681784052291 407.413206009402 447 1573663929257
-206.550458422093 403.415362393294 447 1573663929257
-206.419132791894 399.417518777186 447 1573663929257
-206.287807161696 395.419675161078 447 1573663929257
-206.156481531498 391.421831544971 447 1573663929257
-206.025155901299 387.423987928863 447 1573663929257
-205.893830271101 383.426144312755 447 1573663929257
-205.762504640902 379.428300696648 447 1573663929257
-205.631179010704 375.43045708054 447 1573663929257
-205.422202872208 371.436065387788 449 1573663929174
-205.198266333531 367.442338753847 449 1573663929174
-204.974329794854 363.448612119907 449 1573663929174
-204.832751253454 359.451422699285 449 1573663929144
-204.720653274343 355.452993752426 449 1573663929144
-204.608555295232 351.454564805567 449 1573663929144
-204.567976402188 347.45513351874 448 1573663929114
-204.567976402188 343.45513351874 448 1573663929114
-204.567976402188 339.45513351874 448 1573663929114
-204.567976402188 335.45513351874 448 1573663929114
-204.424074381507 331.457993237226 449 1573663929076
-204.265155720125 327.461151376573 449 1573663929076
-204.118313660702 323.463854718588 450 1573663929054
-203.976171362409 319.466381070515 450 1573663929054
-203.834029064117 315.468907422442 450 1573663929054
-203.691886765825 311.471433774369 450 1573663929054
-203.549744467533 307.473960126296 450 1573663929054
-203.323995115884 303.480511728652 452 1573663929001
END STROKE
-211.674518946524 583.217777261838 483 1573663929670
-211.688289952654 579.217957923168 479 1573663929625
-211.688289952654 575.217957923168 479 1573663929625
-211.688289952654 571.217957923168 479 1573663929625
-211.688289952654 567.217957923168 479 1573663929625
-211.688289952654 563.217957923168 479 1573663929625
-211.688289952654 559.217957923168 479 1573663929625
-211.688289952654 555.217957923168 479 1573663929625
-211.648286308986 551.218313516263 461 1573663929557
-211.577179786047 547.218945583402 461 1573663929557
-211.506073263108 543.219577650541 461 1573663929557
-211.434966740169 539.220209717681 461 1573663929557
-211.36386021723 535.22084178482 461 1573663929557
-211.374070030216 531.221247750146 449 1573663929512
-211.4229349693 527.221546234066 449 1573663929512
-211.471799908384 523.221844717987 449 1573663929512
-211.520664847468 519.222143201908 449 1573663929512
-211.569529786552 515.222441685828 449 1573663929512
-211.618394725636 511.222740169749 449 1573663929512
-211.66725966472 507.223038653669 449 1573663929512
-211.344636817906 503.249231853319 447 1573663929452
-210.741338813362 499.294989635433 447 1573663929452
-210.479015973501 495.306353104922 445 1573663929437
-210.262645652682 491.31259837952 446 1573663929422
-209.872839021561 487.331637340985 446 1573663929422
-209.483032390441 483.35067630245 446 1573663929422
-209.256956507233 479.36171831581 446 1573663929399
-209.256956507233 475.36171831581 446 1573663929399
-209.183950641355 471.363014710657 446 1573663929384
-209.041936169047 467.36553651939 446 1573663929384
-208.899921696739 463.368058328123 446 1573663929384
-208.757907224431 459.370580136856 446 1573663929384
-208.615892752123 455.373101945589 446 1573663929384
-208.473878279815 451.375623754322 446 1573663929384
-208.331863807507 447.378145563055 446 1573663929384
-208.189849335199 443.380667371788 446 1573663929384
-208.047834862891 439.383189180521 446 1573663929384
-207.905820390583 435.385710989254 446 1573663929384
-207.763805918275 431.388232797987 446 1573663929384
END STROKE
===NOTES===
Great Job
