1.00
USERID - 01/01/2000 01:00:00 AM - F - HS - EN - N/A
11/13/2019 10:52:8:138
11/13/2019 10:53:39:188
-201.274755238998 279.010158784845 654 1573664020044
-197.353216785722 278.568710667179 654 1573664019932
-193.431553685962 278.851355520257 657 1573664019894
-189.47958173017 279.058237414865 652 1573664019811
-185.523529829275 279.327825902828 653 1573664019789
-181.549963244294 279.327825902828 652 1573664019751
-177.606882831228 278.979505671444 651 1573664019721
-173.615964184037 278.780598978798 651 1573664019631
-169.733944288721 278.087940378456 645 1573664019609
-165.752742915989 277.700596048751 645 1573664019609
-161.768175853838 277.356509997365 645 1573664019571
-157.774973597982 277.123409710308 645 1573664019571
-153.78063446332 276.915600974021 645 1573664019541
-149.7826229943 276.789488747852 645 1573664019541
-145.78945266428 276.556428198284 645 1573664019526
-141.793473658237 276.383797450911 645 1573664019511
-137.794886346783 276.334579018229 642 1573664019496
-133.795247957164 276.388363330922 642 1573664019496
-129.795609567546 276.442147643616 642 1573664019496
-125.796387356424 276.419833392821 643 1573664019458
-121.797576481268 276.322306039067 643 1573664019458
-117.798765606111 276.224778685313 643 1573664019458
-113.800168050336 276.119696600309 644 1573664019428
-109.802225331244 275.991423396347 644 1573664019428
-105.804282612151 275.863150192385 644 1573664019428
-101.809533203358 275.662171428999 641 1573664019406
-97.8157392607214 275.439438531198 641 1573664019406
-93.8219453180852 275.216705633398 641 1573664019406
-89.8270985205876 275.020758899668 641 1573664019376
-85.8281435754273 274.929329437362 641 1573664019376
-81.8291886302669 274.837899975056 641 1573664019376
-77.8302336851066 274.746470512749 641 1573664019376
-73.8312787399462 274.655041050443 641 1573664019376
-69.8323237947859 274.563611588137 641 1573664019376
-65.8357578993218 274.398020761495 638 1573664019338
-61.8392096740564 274.231881412971 638 1573664019338
-57.842661448791 274.065742064448 638 1573664019338
-53.8461132235256 273.899602715924 638 1573664019338
-49.8580369411586 273.643978237813 639 1573664019301
-45.9013173878921 273.05714744721 639 1573664019301
-41.9333330040734 272.557438568533 639 1573664019286
-37.9574793255813 272.118590613974 639 1573664019286
-33.9803665716327 271.69822194707 635 1573664019263
-29.9817315528291 271.593732778268 635 1573664019263
-25.9830965340254 271.489243609465 635 1573664019263
-21.9848728748236 271.37912495559 633 1573664019233
-18.0135235764145 270.901228784832 633 1573664019233
-14.0551166733304 270.337892206914 635 1573664019211
-10.1105486945011 269.911580082608 634 1573664019188
END STROKE
===NOTES===
Great Job
