1.00
USERID - 01/01/2000 01:00:00 AM - F - HS - EN - N/A
11/12/2019 16:0:28:226
11/12/2019 16:7:18:15
-197.987276268027 269.49982392501 204 1573596437068
-194.481019026848 268.636819334946 563 1573596437196
-190.551070755253 269.006986455887 608 1573596437264
-186.551070755253 269.006986455887 608 1573596437264
-182.608411599702 268.436962714884 615 1573596437279
-178.64456022484 267.908967668739 614 1573596437294
-174.704002130578 267.225067992655 630 1573596437324
-170.76681073548 266.519005730265 630 1573596437324
-166.821057804526 265.88557803465 655 1573596437339
-162.909070715602 265.207914689069 655 1573596437369
-159.041776595859 264.186133796998 655 1573596437369
-155.114575780106 263.478357993444 659 1573596437384
-151.132986123319 263.107438196776 655 1573596437399
-147.162931776317 262.667642809963 654 1573596437406
-143.205293315004 262.096372021737 654 1573596437421
-139.234712564345 261.612650744047 654 1573596437436
-135.253351802874 261.285531865894 664 1573596437459
-131.29582011472 260.952071724715 667 1573596437474
-127.387221880424 260.25396986952 667 1573596437496
-123.409257367658 259.884418554182 668 1573596437512
-119.432671350842 259.486487034738 657 1573596437527
-115.473450333714 259.128312470469 684 1573596437572
-111.609240034402 258.171699997998 682 1573596437587
-107.648274273216 257.620023308745 684 1573596437624
-103.667344190902 257.229900661709 684 1573596437624
-99.6823167405838 257.342706772761 685 1573596437662
-95.725846281498 256.959783962251 684 1573596437684
-91.7302798896652 256.771565270834 687 1573596437699
-87.734692323315 256.787299982806 690 1573596437714
-83.7511035949479 257.014127569987 692 1573596437752
-79.7698559680748 256.834783258371 701 1573596437789
-75.7713018214561 256.727243793252 701 1573596437789
-71.7825537968364 256.521227430789 700 1573596437819
-67.9449701937554 256.521227430789 718 1573596437857
-63.9742104847436 256.122626416944 715 1573596437887
-60.0052270964589 255.699810758893 716 1573596437902
-56.0488104652378 256.00449817877 719 1573596437932
-52.0661704623911 255.699810758893 722 1573596437955
-48.0681605189873 255.621412829953 722 1573596437970
-44.0761815586394 255.458480183348 723 1573596437985
-40.1497938540618 254.905328747061 724 1573596438015
END STROKE
===NOTES===
Great Job
