1.00
USERID - 01/01/2000 01:00:00 AM - F - HS - EN - N/A
11/14/2019 12:59:1:932
11/14/2019 13:1:48:384
-170.185525859413 346.713821956619 158 1573758107806
-166.714401793068 346.373669902648 637 1573758107911
-162.723513172004 346.352910351496 668 1573758107948
-158.725252882781 346.234949936016 668 1573758107948
-154.726992593557 346.116989520535 668 1573758107948
-150.728732304334 345.999029105054 668 1573758107948
-146.729825139976 345.978639347601 731 1573758108009
-142.730352275595 346.04357629458 731 1573758108009
-138.730879411215 346.108513241559 731 1573758108009
-134.731406546834 346.173450188539 731 1573758108009
-130.731933682454 346.238387135518 731 1573758108009
-126.732460818073 346.303324082498 731 1573758108009
-122.732987953692 346.368261029477 731 1573758108009
-118.733515089312 346.433197976457 731 1573758108009
-114.734042224931 346.498134923436 731 1573758108009
-110.73456936055 346.563071870416 731 1573758108009
-106.73509649617 346.628008817395 731 1573758108009
-102.735623631789 346.692945764375 731 1573758108009
-98.7389316395355 346.844307804485 734 1573758108031
-94.7435572375383 347.036618459066 734 1573758108031
-90.748182835541 347.228929113646 734 1573758108031
-86.7528084335438 347.421239768226 734 1573758108031
-82.7551109814338 347.549477069846 765 1573758108061
-78.7563001062773 347.6470044236 765 1573758108061
-74.7574892311208 347.744531777355 765 1573758108061
-70.7586783559644 347.842059131109 765 1573758108061
-66.7598674808079 347.939586484863 765 1573758108061
-62.7606697733345 348.015428365081 777 1573758108106
-58.7609246352729 348.060581776392 777 1573758108106
-54.7611794972114 348.105735187703 777 1573758108106
-50.7614343591498 348.150888599014 777 1573758108106
-46.7616892210883 348.196042010325 777 1573758108106
-42.7619440830267 348.241195421636 777 1573758108106
-38.7635734207249 348.157643484865 778 1573758108121
-34.7657047890211 348.0270816082 778 1573758108121
-30.8574603169263 348.739730130828 778 1573758108129
-26.9115978143883 348.139549834922 776 1573758108144
-22.9638963382861 347.494838228403 776 1573758108144
-18.9811443276537 347.12563410962 778 1573758108159
-14.9977676111081 346.761340362649 778 1573758108159
-11.2437646202738 347.632175930231 789 1573758108174
-7.24800671010445 347.787067833644 797 1573758108204
-3.24873234500848 347.863255448688 797 1573758108204
0.750542020087496 347.939443063733 797 1573758108204
4.74815787735779 347.93635958154 800 1573758108211
8.73167547723849 347.867470956254 798 1573758108219
12.65838794626 347.886096842666 798 1573758108226
16.5922975635796 348.314261246446 810 1573758108241
20.5532075969648 348.766459343417 808 1573758108256
24.4230871590885 349.521694380712 805 1573758108271
28.3556805364051 349.494713812055 803 1573758108309
32.3442153264126 349.673363541666 806 1573758108339
36.3421152212593 349.792826976719 807 1573758108354
40.28419340592 349.279643160068 810 1573758108376
44.2664899877883 349.398402633666 809 1573758108384
END STROKE
===NOTES===
Great Job
