1.00
USERID - 01/01/2000 01:00:00 AM - F - HS - EN - N/A
11/15/2019 11:9:24:412
11/15/2019 11:11:23:482
-213.313216687144 328.289360841361 284 1573837882881
-209.644817984234 328.75754306485 623 1573837882956
-205.656242557188 328.498609241205 642 1573837882971
-201.659942089777 328.326647911408 675 1573837882986
-197.764896017475 327.530417556807 672 1573837883009
-193.789251419654 327.089679503289 672 1573837883009
-189.83562459916 326.490892176942 680 1573837883031
-185.890893914062 325.828246100935 680 1573837883031
-181.920728088135 325.470552172303 692 1573837883039
-177.939736343982 325.147262555435 698 1573837883054
-173.961630502523 324.742595166703 697 1573837883084
-169.968575736164 324.506981854569 697 1573837883084
-165.975520969805 324.271368542434 697 1573837883084
-161.980023534695 324.09154175282 695 1573837883099
-157.98189219952 323.974053765984 699 1573837883114
-154.010050871235 323.500264294882 699 1573837883114
-150.018009868906 323.252456480536 706 1573837883137
-146.025105591404 323.014306463294 706 1573837883137
-142.044889225523 322.621506707947 708 1573837883159
-138.064883099587 322.223076205399 715 1573837883174
-134.080457339944 321.870441315039 715 1573837883174
-130.08529457054 321.685320411623 719 1573837883204
-126.088453319177 321.52638642722 719 1573837883204
-122.090279901818 321.407417226732 721 1573837883227
-118.092201003633 321.285986084907 726 1573837883242
-114.094828280722 321.159511165758 731 1573837883264
-110.094828280722 321.159511165758 731 1573837883264
-106.104428701879 320.91461197621 732 1573837883287
-102.110069513331 320.827882895772 730 1573837883317
-98.1129347606305 320.915712839234 744 1573837883332
-94.1416640737297 321.306549331374 745 1573837883354
-90.3333525813779 321.086128553996 745 1573837883407
-86.4266483039264 320.827882895772 743 1573837883482
END STROKE
===NOTES===
Great Job
