1.00
USERID - 01/01/2000 01:00:00 AM - F - HS - EN - N/A
10/25/2019 13:4:16:43
10/25/2019 13:6:51:946
-211.782318665159 336.644756491292 511 1572026810301
-207.79468274162 336.562599476702 549 1572026810332
-203.816838999415 336.759791050801 550 1572026810347
-199.901474448917 336.880398714563 566 1572026810377
-196.078568642761 337.418178268073 586 1572026810407
-192.082533259411 337.426802523011 594 1572026810414
-188.086732029343 337.289824593127 596 1572026810459
-184.087196837069 337.228847173055 596 1572026810459
-180.089642560692 337.14994885373 597 1572026810474
-176.172125484129 336.347799387659 617 1572026810519
-172.172125484129 336.347799387659 617 1572026810519
-168.172125484129 336.347799387659 617 1572026810519
-164.172125484129 336.347799387659 617 1572026810519
-160.177154381036 336.160714411202 614 1572026810542
-156.181552531955 335.978920535099 613 1572026810564
-152.183291584943 335.860982417451 613 1572026810564
-148.205153088609 335.44904651731 614 1572026810587
-144.224863270999 335.054464793064 616 1572026810602
-140.254199110533 334.588280230552 620 1572026810609
-136.262570535707 334.353552825304 631 1572026810632
-132.273974294581 334.074787094361 628 1572026810639
-128.298161852413 334.459267602733 631 1572026810662
-124.32018804656 334.215673011288 639 1572026810737
-120.321233229261 334.307108065836 639 1572026810737
-116.322278411962 334.398543120384 639 1572026810737
-112.323323594663 334.489978174932 639 1572026810737
-108.329086222159 334.404119312255 631 1572026810767
-104.340652197789 334.100155443933 631 1572026810767
-100.394100529666 334.540414435465 644 1572026810790
-96.4341815100413 334.026590559801 642 1572026810820
-92.4678172509541 333.603210451465 642 1572026810835
-88.5094182394524 333.145297722374 642 1572026810857
-84.5540272421876 332.679962928814 642 1572026810880
-80.6407588785196 331.911507962671 642 1572026810887
-76.6913544828655 331.60771855336 642 1572026810910
-72.7826211886257 331.254265674951 641 1572026810925
-68.8387996601898 330.604385408169 640 1572026810947
-64.8768026976244 330.46505975764 641 1572026810977
-60.9371665966554 329.774334593388 640 1572026811030
-57.0062435577315 329.034169704962 640 1572026811030
-53.0137273458897 328.95398034601 642 1572026811052
-49.0480873689848 328.545810592479 646 1572026811082
-45.0871641717196 328.132458825402 646 1572026811105
-41.1105038680185 327.775808123943 645 1572026811143
-37.1649601799963 327.203193882817 646 1572026811165
-33.2092613053851 326.745480665559 648 1572026811188
-29.276657498485 326.160794640321 647 1572026811255
-25.276657498485 326.160794640321 647 1572026811255
-21.2945036039652 325.867021281035 648 1572026811270
-17.3137400392763 326.047963837997 647 1572026811300
-13.5003756437277 326.359019720852 684 1572026811623
-9.66732367177633 325.832173496461 688 1572026811946
END STROKE
===NOTES===
Great Job
