1.00
USERID - 01/01/2000 01:00:00 AM - F - HS - EN - N/A
11/12/2019 16:0:28:226
11/12/2019 16:3:19:711
15.1778456577717 241.950959849053 640 1573596199741
19.1766565329282 242.048487202807 640 1573596199741
23.1754674080846 242.146014556561 640 1573596199741
27.174154098634 242.24798294384 637 1573596199778
31.1721663384822 242.374070730813 637 1573596199778
35.1701785783305 242.500158517787 637 1573596199778
39.1681908181787 242.62624630476 637 1573596199778
43.1662030580269 242.752334091734 637 1573596199778
47.1642152978751 242.878421878708 637 1573596199778
51.1639039591432 242.846758389147 671 1573596199808
55.1636928513815 242.805663164036 671 1573596199808
59.1634817436198 242.764567938925 671 1573596199808
63.1632706358582 242.723472713814 671 1573596199808
67.1609198728512 242.854357270969 664 1573596199831
71.1584483315124 242.994949668322 664 1573596199831
75.1574842060031 243.049793467445 663 1573596199853
79.1574842060031 243.049793467445 663 1573596199853
83.1574842060031 243.049793467445 664 1573596199861
87.1542465140973 242.939935933126 660 1573596199876
91.1478022545062 242.721276934746 662 1573596199898
95.1478022545062 242.721276934746 662 1573596199898
99.1372748871559 242.860225257708 661 1573596199906
103.11708116948 242.871071515827 662 1573596199928
107.108574078147 242.610333409552 662 1573596199928
111.105273385408 242.45737035998 660 1573596200003
115.103312889174 242.332150048832 660 1573596200003
119.10135239294 242.206929737683 660 1573596200003
123.099391896707 242.081709426535 660 1573596200003
127.097431400473 241.956489115386 660 1573596200003
131.095470904239 241.831268804238 660 1573596200003
135.093228300166 241.698110908605 659 1573596200041
139.090069952688 241.539187012767 659 1573596200041
143.08691160521 241.38026311693 659 1573596200041
147.083713784547 241.220368581543 659 1573596200071
151.080261782662 241.054223768915 659 1573596200071
155.076017187141 240.873248216214 657 1573596200094
159.067508863384 240.61249124415 657 1573596200094
163.038282746395 240.201010276271 657 1573596200124
166.999359143436 239.767421272651 656 1573596200139
170.971803561969 239.764126779859 659 1573596200176
174.929844433117 239.271226640661 658 1573596200206
178.912543057528 239.032321917601 656 1573596200244
182.906708472443 238.942647437887 659 1573596200289
186.815931302898 238.894314636118 655 1573596200394
190.765218644409 238.471994407324 655 1573596200424
END STROKE
40.30630424917 310.899863423364 538 1573596196852
44.2566504960769 310.656629464646 537 1573596196875
47.7813692899444 310.391450907046 538 1573596196912
51.7781690512639 310.231519577361 570 1573596196927
55.7741427358109 310.052587529353 573 1573596196942
59.7704201370447 309.914125815043 588 1573596196995
63.7704201370447 309.914125815043 588 1573596196995
67.7704201370447 309.914125815043 588 1573596196995
71.7701290198811 309.933863657372 612 1573596197040
75.7683890898141 310.051831505447 612 1573596197040
79.7666491597471 310.169799353522 612 1573596197040
83.7649092296801 310.287767201596 612 1573596197040
87.7631692996131 310.405735049671 612 1573596197040
91.7586287175773 310.266165737261 615 1573596197062
95.7501182751767 310.287096770825 617 1573596197085
99.741608872971 310.026323291116 617 1573596197085
103.734234910649 309.784090421795 617 1573596197092
107.730685609081 309.61763609362 619 1573596197115
111.727659722204 309.462079226146 619 1573596197115
115.725583213582 309.334276001606 618 1573596197130
119.723708243657 309.211965226144 618 1573596197145
123.72176072188 309.092709143146 618 1573596197160
127.718232120851 309.053808461355 620 1573596197167
131.691613373563 308.723662773937 656 1573596197197
135.691040002698 308.655938050476 656 1573596197197
139.690565333698 308.599871674023 653 1573596197220
143.690565333698 308.599871674023 653 1573596197220
147.68694432077 308.726668133044 653 1573596197242
151.676653692496 308.863769747759 653 1573596197257
155.649955917919 308.745557034575 651 1573596197273
159.638164412498 308.667499773607 652 1573596197303
163.6371699495 308.756688982745 652 1573596197303
167.600154507048 309.092709143146 651 1573596197348
171.578019565631 309.077430996314 652 1573596197378
175.490598685611 308.531051036905 651 1573596197400
179.441787293205 308.928450876797 650 1573596197423
183.408812663353 308.878731663632 651 1573596197460
187.395331441724 308.705791491854 650 1573596197528
191.394635109953 308.631157925052 650 1573596197528
195.351332173741 308.599871674023 650 1573596197731
END STROKE
110.139615726703 370.806805115414 569 1573596193788
112.484420688953 370.857875020646 569 1573596193788
114.816714714082 371.036971525504 563 1573596193811
117.151936947989 371.192799725713 565 1573596193818
119.470166032984 371.520381558062 570 1573596193863
121.815083322856 371.474759744486 570 1573596193863
124.160000612727 371.42913793091 570 1573596193863
126.504917902599 371.383516117333 570 1573596193863
128.847926831424 371.292846951191 571 1573596193871
131.187238570017 371.259931166761 574 1573596193878
133.52856957439 371.357057992063 572 1573596193908
135.873930622547 371.357057992063 572 1573596193908
138.219291670705 371.357057992063 572 1573596193908
140.557541357905 371.466397189385 572 1573596193916
142.889917428578 371.37821301564 575 1573596193931
145.220303467276 371.599966564823 621 1573596193961
147.562642845702 371.718982036443 621 1573596193961
149.904982224129 371.837997508062 621 1573596193961
152.249430301514 371.799114575508 606 1573596193991
154.59411260017 371.742693262326 606 1573596193991
156.938794898827 371.686271949145 606 1573596193991
159.281465251516 371.574117254624 622 1573596194006
161.62447986053 371.469513732172 621 1573596194021
163.96781763202 371.37211488762 621 1573596194021
166.311300713213 371.278289756902 618 1573596194036
168.654647747721 371.181762497222 619 1573596194051
170.996184981439 371.04789006045 619 1573596194051
173.168545057215 370.526453593427 617 1573596194066
175.44775455578 370.783175314868 614 1573596194081
177.783269214141 370.585080418872 615 1573596194088
180.084963232367 370.220840919345 615 1573596194111
182.4036543438 369.878482914619 616 1573596194141
184.739437962705 369.752068635534 617 1573596194149
187.074135682951 369.628292595879 615 1573596194171
189.411428702132 369.535201863388 613 1573596194201
191.737023409864 369.23134713119 619 1573596194209
193.992634499419 369.345076818161 632 1573596194329
196.277649794815 369.506483132093 637 1573596194351
END STROKE
-126.754335961311 177.856251364942 591 1573596202069
-122.764539250469 177.846836557236 589 1573596202076
-118.784658130814 178.210143772041 590 1573596202091
-114.795664790706 178.497783945243 586 1573596202121
-110.803079443707 178.7412223295 586 1573596202121
-106.80822383788 178.942103332284 612 1573596202144
-102.812398884399 179.12481332416 612 1573596202144
-98.8128055795705 179.142611274735 627 1573596202166
-94.8128055795705 179.142611274735 627 1573596202166
-90.8217294992547 179.386869331601 623 1573596202189
-86.8323935988158 179.678758134862 623 1573596202189
-82.8417956662131 179.952421771941 624 1573596202196
-78.9624414474721 180.840340160404 621 1573596202226
-74.9943277756792 181.344397585436 621 1573596202226
-71.0069292938654 181.645360331056 621 1573596202241
-67.0108944521723 181.771213561887 622 1573596202256
-63.0108944521723 181.771213561887 622 1573596202256
-59.0114324206846 181.835933030889 623 1573596202279
-55.0119851389332 181.90242694408 623 1573596202279
-51.0124055019774 181.959684532108 621 1573596202316
-47.0126951089871 182.00781739204 621 1573596202316
-43.0129847159968 182.055950251973 621 1573596202316
-39.0145612805486 182.130443106958 626 1573596202331
-35.0291844139653 182.472161165161 626 1573596202331
-31.0344397834621 182.569855689962 624 1573596202377
-27.0345944481076 182.534680510604 624 1573596202377
-23.0347491127531 182.499505331246 624 1573596202377
-19.0349037773986 182.464330151889 624 1573596202377
-15.0350584420441 182.429154972531 624 1573596202377
-11.0388520537533 182.600398589296 625 1573596202429
-7.04273190726305 182.776534260908 625 1573596202429
-3.04661176077276 182.952669932521 625 1573596202429
0.950364985439433 183.071662189761 623 1573596202467
4.94996907860564 183.015385214645 623 1573596202467
8.94957317177184 182.95910823953 623 1573596202467
12.948332247251 182.870766795058 625 1573596202504
16.9453487577687 182.716303159698 625 1573596202504
20.9423652682865 182.561839524338 625 1573596202504
24.9395870724546 182.41361871108 628 1573596202609
28.9381161416007 182.305150820932 628 1573596202609
32.9366452107469 182.196682930784 628 1573596202609
36.9351742798931 182.088215040637 628 1573596202609
40.9337033490392 181.979747150489 628 1573596202609
44.9322324181854 181.871279260341 628 1573596202609
48.9307614873316 181.762811370193 628 1573596202609
52.9292905564777 181.654343480045 628 1573596202609
56.9278196256239 181.545875589898 628 1573596202609
60.9263486947701 181.43740769975 628 1573596202609
64.9248777639162 181.328939809602 628 1573596202609
68.924191645446 181.278344757726 631 1573596202624
72.9166916732673 181.130357966141 631 1573596202647
76.8961966062343 180.725956570878 631 1573596202647
80.8908868504312 180.621186352179 651 1573596202677
84.8908868504312 180.621186352179 651 1573596202677
88.8896329466183 180.538899361473 662 1573596202707
92.8877757613064 180.417022237458 662 1573596202707
96.8859185759945 180.295145113444 662 1573596202707
100.883458711715 180.154910384964 663 1573596202722
104.856537676943 180.378796370066 690 1573596202744
108.840961658182 180.026141386076 690 1573596202744
112.833268409532 179.783470727689 688 1573596202767
116.827259347506 179.564298677963 688 1573596202767
120.824706590654 179.471190477509 685 1573596202797
124.824706590654 179.471190477509 685 1573596202797
128.824706590654 179.471190477509 685 1573596202797
132.824706590654 179.471190477509 685 1573596202820
136.82404022718 179.44494420633 683 1573596202835
140.81943110625 179.360053477208 684 1573596202850
144.811617475228 179.591811266036 683 1573596202857
148.808273351408 179.537946578917 684 1573596202887
152.788805926935 179.306900876122 683 1573596202910
156.770561655866 178.973414728577 682 1573596202932
END STROKE
-32.6664310946972 240.447430111558 588 1573596199583
-28.6985737525919 240.879771533753 616 1573596199605
-24.7309476541809 241.383660401839 613 1573596199628
-20.752616887064 241.799453989344 613 1573596199628
-16.7578463301733 241.899797592775 642 1573596199658
-12.7578463301733 241.899797592775 642 1573596199658
-8.75816690142346 241.892772847106 640 1573596199666
-4.77286624683999 241.566339857605 640 1573596199703
-0.773082178555163 241.524777770376 640 1573596199703
3.22670188972967 241.483215683146 640 1573596199703
7.22648595801449 241.441653595917 640 1573596199703
11.2139662522603 241.534088574667 640 1573596199711
END STROKE
===NOTES===
Great Job
