1.00
USERID - 01/01/2000 01:00:00 AM - F - HS - EN - N/A
11/15/2019 11:9:24:412
11/15/2019 11:9:50:268
-33.1838228572026 280.939159013337 645 1573837890485
-29.1839203022775 280.967079455725 645 1573837890485
-25.1840177473523 280.994999898113 645 1573837890485
-21.1841151924271 281.0229203405 645 1573837890485
-17.1844351326608 280.995715157419 651 1573837890553
-13.1848882747144 280.935507756787 651 1573837890553
-9.18534141676792 280.875300356156 651 1573837890553
-5.18579455882149 280.815092955524 651 1573837890553
-1.18624770087505 280.754885554893 651 1573837890553
2.81329915707138 280.694678154261 651 1573837890553
6.81284601501782 280.63447075363 651 1573837890553
10.8123928729642 280.574263352998 651 1573837890553
14.8119397309107 280.514055952367 651 1573837890553
18.8114865888571 280.453848551735 651 1573837890553
22.8110334468036 280.393641151104 651 1573837890553
26.8107871492469 280.351728988709 684 1573837890620
30.8106728892242 280.321495445636 684 1573837890620
34.8105586292014 280.291261902563 684 1573837890620
38.8104443691786 280.261028359489 684 1573837890620
42.8103301091559 280.230794816416 684 1573837890620
46.8102158491331 280.200561273342 684 1573837890620
50.8101015891103 280.170327730269 684 1573837890620
54.8099873290876 280.140094187195 684 1573837890620
58.8098730690648 280.109860644122 684 1573837890620
62.809758809042 280.079627101048 684 1573837890620
66.8096445490193 280.049393557975 684 1573837890620
70.8090890696491 279.987171783709 701 1573837890658
74.8082870032634 279.907072546666 701 1573837890658
78.8074849368777 279.826973309623 701 1573837890658
82.806682870492 279.74687407258 701 1573837890658
86.8058808041064 279.666774835537 701 1573837890658
90.8050787377207 279.586675598494 701 1573837890658
94.8046221746827 279.541080431242 704 1573837890680
98.8046221746827 279.541080431242 704 1573837890680
102.804622174683 279.541080431242 704 1573837890680
106.804622174683 279.541080431242 704 1573837890680
110.803099696855 279.44782897329 715 1573837890703
114.80096780618 279.317251102097 715 1573837890703
118.798835915504 279.186673230903 715 1573837890703
122.796704024829 279.05609535971 715 1573837890703
126.794638946807 278.927581114204 709 1573837890733
130.792580895271 278.799283894005 709 1573837890733
134.790522843735 278.670986673805 709 1573837890733
138.7884647922 278.542689453606 709 1573837890733
142.786406740664 278.414392233407 709 1573837890733
146.785731017704 278.352693250213 732 1573837890785
150.785553293654 278.314987006478 732 1573837890785
154.785375569604 278.277280762743 732 1573837890785
158.785197845553 278.239574519009 732 1573837890785
162.785020121503 278.201868275274 732 1573837890785
166.784842397453 278.164162031539 732 1573837890785
170.784664673402 278.126455787804 732 1573837890785
174.784486949352 278.08874954407 732 1573837890785
178.784309225302 278.051043300335 732 1573837890785
182.784298878448 278.048848093754 734 1573837890800
186.784298878448 278.048848093754 734 1573837890800
190.782539893735 277.965470300572 732 1573837890838
194.778980958555 277.796772892691 732 1573837890838
198.775422023374 277.628075484811 732 1573837890838
202.771863088194 277.45937807693 732 1573837890838
206.768304153013 277.29068066905 732 1573837890838
210.764745217832 277.121983261169 732 1573837890838
214.755796437464 277.243217012163 730 1573837890853
218.74320615427 277.560334892957 730 1573837890853
222.736977474567 277.717219823769 754 1573837890913
226.736977474567 277.717219823769 754 1573837890913
230.736977474567 277.717219823769 754 1573837890913
234.736977474567 277.717219823769 754 1573837890913
END STROKE
-34.7226098424893 317.500437693691 610 1573837891982
-30.7230742928474 317.439483718013 610 1573837891982
-26.7235387432055 317.378529742335 610 1573837891982
-22.8311823449731 317.968322481952 613 1573837891990
-19.0062173174341 317.884733294497 619 1573837891997
-15.0336012200843 317.677509208351 620 1573837892012
-11.0336012200843 317.677509208351 648 1573837892073
-7.03360122008425 317.677509208351 648 1573837892073
-3.03360122008425 317.677509208351 648 1573837892073
0.966398779915746 317.677509208351 648 1573837892073
4.96639877991575 317.677509208351 648 1573837892073
8.96639877991575 317.677509208351 648 1573837892073
12.9663987799157 317.677509208351 648 1573837892073
16.9655502022153 317.606984487668 649 1573837892103
20.9643921514559 317.510739669659 649 1573837892103
24.9632341006965 317.41449485165 649 1573837892103
28.9623853443495 317.338586094619 648 1573837892148
32.9623046374091 317.313176470278 648 1573837892148
36.9622239304688 317.287766845937 648 1573837892148
40.9621432235285 317.262357221596 648 1573837892148
44.9620625165881 317.236947597255 648 1573837892148
48.9619818096478 317.211537972914 648 1573837892148
52.9619011027074 317.186128348573 648 1573837892148
56.960900908646 317.102807355926 651 1573837892170
60.959610672092 317.001218834323 651 1573837892170
64.958320435538 316.89963031272 651 1573837892170
68.9568398482065 316.791036745815 660 1573837892215
72.9551656662666 316.675318758303 660 1573837892215
76.9534914843267 316.55960077079 660 1573837892215
80.9518173023869 316.443882783278 660 1573837892215
84.950143120447 316.328164795766 660 1573837892215
88.9484689385071 316.212446808254 660 1573837892215
92.9467947565672 316.096728820741 660 1573837892215
96.9455749605613 316.003038826235 664 1573837892305
100.945271599887 315.953776331717 664 1573837892305
104.944968239213 315.904513837199 664 1573837892305
108.944664878539 315.855251342682 664 1573837892305
112.944361517864 315.805988848164 664 1573837892305
116.94405815719 315.756726353646 664 1573837892305
120.943754796516 315.707463859128 664 1573837892305
124.943451435842 315.65820136461 664 1573837892305
128.943148075168 315.608938870092 664 1573837892305
132.942844714493 315.559676375574 664 1573837892305
136.942541353819 315.510413881057 664 1573837892305
140.942237993145 315.461151386539 664 1573837892305
144.941934632471 315.411888892021 664 1573837892305
148.941631271796 315.362626397503 664 1573837892305
152.941257958536 315.404330977056 667 1573837892350
156.940874102997 315.459744846885 667 1573837892350
160.940490247458 315.515158716714 667 1573837892350
164.940106391918 315.570572586543 667 1573837892350
168.939722536379 315.625986456372 667 1573837892350
172.93933868084 315.681400326201 667 1573837892350
176.937975335907 315.784415284284 669 1573837892373
180.936485464438 315.893579161256 669 1573837892373
184.934995592969 316.002743038228 669 1573837892373
188.93319403662 316.122694205066 668 1573837892395
192.931336485481 316.244583329354 668 1573837892395
196.929714788571 316.350996128417 676 1573837892418
200.929714788571 316.350996128417 676 1573837892418
204.929714788571 316.350996128417 676 1573837892418
208.929714788571 316.350996128417 678 1573837892448
212.929714788571 316.350996128417 678 1573837892448
216.929714788571 316.350996128417 678 1573837892448
220.927183312601 316.472834983512 676 1573837892471
224.923731250937 316.638981234097 676 1573837892471
228.916079506861 316.881973578608 676 1573837892486
232.910906958804 317.067610202879 679 1573837892516
236.909542490547 317.172079740466 679 1573837892516
END STROKE
13.310166647213 359.959133231209 88 1573837894106
16.1360488378161 360.135731145001 483 1573837894196
20.0669429419901 360.777025135939 557 1573837894263
24.0654750409808 360.668668994716 557 1573837894263
28.0640071399716 360.560312853494 557 1573837894263
32.0625392389623 360.451956712271 557 1573837894263
36.0610713379531 360.343600571049 557 1573837894263
40.0596034369438 360.235244429827 557 1573837894263
44.0581355359346 360.126888288604 557 1573837894263
48.0574649188451 360.053803351215 597 1573837894301
52.0568090848715 359.98137240706 597 1573837894301
56.0561532508978 359.908941462905 597 1573837894301
60.0554974169241 359.83651051875 597 1573837894301
64.0549271460088 359.769264323727 648 1573837894511
68.0544834948346 359.709690734217 648 1573837894511
72.0540398436604 359.650117144706 648 1573837894511
76.0535961924862 359.590543555195 648 1573837894511
80.053152541312 359.530969965685 648 1573837894511
84.0527088901378 359.471396376174 648 1573837894511
88.0522652389636 359.411822786663 648 1573837894511
92.0518215877894 359.352249197152 648 1573837894511
96.0513779366152 359.292675607642 648 1573837894511
100.050934285441 359.233102018131 648 1573837894511
104.050490634267 359.17352842862 648 1573837894511
108.050046983093 359.11395483911 648 1573837894511
112.049603331918 359.054381249599 648 1573837894511
116.049159680744 358.994807660088 648 1573837894511
120.04871602957 358.935234070577 648 1573837894511
124.048272378396 358.875660481067 648 1573837894511
128.047828727222 358.816086891556 648 1573837894511
132.047385076047 358.756513302045 648 1573837894511
136.046941424873 358.696939712535 648 1573837894511
140.046497773699 358.637366123024 648 1573837894511
144.046054122525 358.577792533513 648 1573837894511
148.045610471351 358.518218944003 648 1573837894511
152.045166820177 358.458645354492 648 1573837894511
156.044723169002 358.399071764981 648 1573837894511
160.044279517828 358.339498175471 648 1573837894511
164.043835866654 358.27992458596 648 1573837894511
168.04339221548 358.220350996449 648 1573837894511
172.042948564306 358.160777406939 648 1573837894511
176.042313513798 358.090150804647 673 1573837894556
180.041534554307 358.011213683135 673 1573837894556
184.040755594816 357.932276561623 673 1573837894556
188.039976635324 357.853339440111 673 1573837894556
192.039197675833 357.774402318599 673 1573837894556
196.038418716342 357.695465197087 673 1573837894556
200.037337886022 357.671009399248 673 1573837894586
204.035438652214 357.794258185727 673 1573837894586
208.033539418407 357.917506972206 673 1573837894586
212.0316401846 358.040755758685 673 1573837894586
216.029044730607 358.089064512717 676 1573837894601
220.024165542731 357.891555787524 676 1573837894601
224.020688864143 357.879613463252 683 1573837894639
228.018338641893 358.016712895983 683 1573837894639
232.015988419643 358.153812328714 683 1573837894639
END STROKE
99.6083205905505 392.623790431006 96 1573837895437
103.098221794263 392.990886480642 558 1573837895565
106.677618361345 393.646043274274 589 1573837895587
110.297204389029 393.507500328689 586 1573837895602
113.817800084632 393.357559785027 585 1573837895617
117.211892014268 392.789572940188 604 1573837895647
120.871434393358 392.789572940188 604 1573837895647
124.515882737676 392.480749892508 607 1573837895662
128.16484497296 392.223595158007 604 1573837895685
131.821497506298 392.078189949075 604 1573837895685
135.478173219185 391.93337392442 602 1573837895707
139.134947213073 391.791056033845 602 1573837895707
142.791721206962 391.64873814327 602 1573837895707
146.440976018184 391.730641565397 605 1573837895722
150.080241346874 391.463059860247 605 1573837895745
153.739783725964 391.463059860247 605 1573837895745
157.398884060371 391.513319646151 608 1573837895775
161.057860311954 391.577687454146 608 1573837895775
164.710651897082 391.532052110632 604 1573837895782
168.353227064179 391.218157075466 608 1573837895812
172.009411444327 391.061420982901 608 1573837895812
175.665595824476 390.904684890336 608 1573837895812
179.321330572367 390.73834958114 617 1573837895842
182.976157544493 390.552634131666 617 1573837895842
186.63098451662 390.366918682192 617 1573837895842
190.288829470803 390.285595483348 654 1573837895910
193.948281321986 390.259854985491 654 1573837895910
197.607733173169 390.234114487634 654 1573837895910
201.267185024351 390.208373989777 654 1573837895910
204.926636875534 390.18263349192 654 1573837895910
208.586088726717 390.156892994063 654 1573837895910
212.237990910003 390.028498560664 653 1573837895918
215.875939071415 389.961208440055 653 1573837895925
219.527725923834 389.743552630135 654 1573837895948
223.180912457867 389.743614068962 643 1573837895963
226.829498918242 389.957556334119 652 1573837896015
230.488601519247 389.900823806622 652 1573837896015
234.147704120251 389.844091279126 652 1573837896015
237.788221676087 389.970827522759 656 1573837896030
241.36810832716 389.314792578492 661 1573837896060
244.926050560316 389.180071797012 549 1573837896113
END STROKE
156.717440854796 419.153419513528 243 1573837896740
158.821999847955 418.410919645659 504 1573837896785
161.046047962962 418.160407791786 542 1573837896792
163.193190489741 418.139872749404 611 1573837896807
165.410146128644 417.82837350324 642 1573837896822
167.594288258029 417.308122552335 640 1573837896837
169.783157704716 416.844725122059 669 1573837896845
172.023664784138 416.991065502852 669 1573837896845
174.260648367799 416.81208915861 677 1573837896867
176.497460196704 416.617255070052 677 1573837896867
178.734272025608 416.422420981495 677 1573837896867
180.971964185461 416.238226054231 691 1573837896897
183.210378632055 416.062760259069 691 1573837896897
185.448793078649 415.887294463908 691 1573837896897
187.687207525243 415.711828668746 691 1573837896897
189.925621971836 415.536362873585 691 1573837896897
192.16403641843 415.360897078423 691 1573837896897
194.383259894051 415.025086856603 691 1573837896905
196.612985758954 414.797761478463 714 1573837896927
198.856414281137 414.706569670453 714 1573837896927
201.09984280332 414.615377862444 714 1573837896927
203.343271325503 414.524186054435 714 1573837896927
205.586280892396 414.423293674525 730 1573837896965
207.829218066066 414.320725087905 730 1573837896965
210.072155239736 414.218156501286 730 1573837896965
212.315092413406 414.115587914666 730 1573837896965
214.558029587076 414.013019328047 730 1573837896965
216.800966760746 413.910450741427 730 1573837896965
219.043557004663 413.800910612634 729 1573837896980
221.285595851928 413.680290185887 729 1573837896980
223.527634699192 413.55966975914 729 1573837896980
225.757790732014 413.316635328289 729 1573837896987
227.991857728524 413.113281947881 724 1573837897017
230.233766306337 412.990264027566 724 1573837897017
232.475674884151 412.867246107252 724 1573837897017
234.717583461964 412.744228186937 724 1573837897017
236.937296876839 412.448299694704 738 1573837897025
239.110715511436 412.068229632879 736 1573837897040
241.248168431062 411.397558896059 736 1573837897055
243.414003397167 411.01777236231 734 1573837897093
245.539274949129 410.365491739626 612 1573837897108
END STROKE
-70.2685481920929 320.993665404947 61 1573837891705
-66.4331929580593 320.531291888121 352 1573837891802
-62.4735115276698 320.413484679529 453 1573837891840
-58.5123242260945 320.23754441755 519 1573837891870
-54.5814282657393 319.589252161347 540 1573837891900
-50.663905212573 318.836317960665 576 1573837891930
-46.6754739950829 318.532317264367 576 1573837891930
-42.6885235541347 318.210337007069 587 1573837891945
END STROKE
-21.3019597144433 350.359365488647 612 1573837809289
-17.6385772602111 351.9654878358 612 1573837809289
-13.9751948059788 353.571610182953 612 1573837809289
-10.3118123517466 355.177732530105 612 1573837809289
-6.64842989751435 356.783854877258 612 1573837809289
-2.98502456365875 358.389925020337 613 1573837809326
0.678770851551887 359.995105120974 613 1573837809326
4.34256626676252 361.600285221611 613 1573837809326
8.00636168197316 363.205465322248 613 1573837809326
END STROKE
205.758884247344 438.306360994711 644 1573837790208
209.754414863499 438.119112794287 645 1573837790268
213.748669533524 437.904800799799 645 1573837790268
217.742924203549 437.690488805312 645 1573837790268
221.737178873575 437.476176810824 645 1573837790268
225.7314335436 437.261864816336 645 1573837790268
229.725688213625 437.047552821849 645 1573837790268
233.71994288365 436.833240827361 645 1573837790268
237.714197553676 436.618928832874 645 1573837790268
241.708452223701 436.404616838386 645 1573837790268
245.702706893726 436.190304843898 645 1573837790268
END STROKE
===NOTES===
Great Job
