1.00
USERID - 01/01/2000 01:00:00 AM - F - HS - EN - N/A
11/13/2019 10:52:8:138
11/13/2019 10:52:41:86
-104.322801921772 201.122277034137 386 1573664010189
-100.782812602471 199.754060806785 638 1573664010061
-96.821456841118 199.609189227575 637 1573664010031
-92.8921538751081 200.357906932258 637 1573664010031
-88.8981518645767 200.541615898435 636 1573664010016
-84.9163024322806 200.176900776136 636 1573664010001
-80.9351009080461 199.789558003603 636 1573664010001
-76.9635476199268 199.395556794296 637 1573664009963
-72.9647061064753 199.299293871542 637 1573664009963
-69.0108908243608 198.746293381318 636 1573664009941
-65.0242567042171 198.814472231943 637 1573664009926
-61.0286238779434 198.999019537101 636 1573664009903
-57.0310031309831 199.136962871381 636 1573664009903
-53.0333823840228 199.274906205661 636 1573664009903
-49.0652053757252 199.775904077229 638 1573664009873
-45.0975992337984 200.283940987841 638 1573664009873
-41.1043232800568 200.389395042751 637 1573664009851
-37.1051048818122 200.311619354315 636 1573664009843
-33.1059127294389 200.231231989661 636 1573664009843
-29.1067205770656 200.150844625008 636 1573664009843
-25.1075182786375 200.071151961609 638 1573664009813
-21.1076842458427 200.034714205142 638 1573664009813
-17.1078502130478 199.998276448676 638 1573664009813
-13.108016180253 199.961838692209 638 1573664009813
-9.1081821474582 199.925400935742 638 1573664009813
-5.10834811466338 199.888963179275 638 1573664009813
-1.10851408186856 199.852525422808 638 1573664009813
2.89131995092625 199.816087666341 638 1573664009813
6.89115398372107 199.779649909874 638 1573664009813
10.8909880165159 199.743212153407 638 1573664009813
14.8908220493107 199.70677439694 638 1573664009813
18.8906560821055 199.670336640473 638 1573664009813
22.8904901149003 199.633898884006 638 1573664009813
26.8903241476952 199.59746112754 638 1573664009813
30.89015818049 199.561023371073 638 1573664009813
34.8899922132848 199.524585614606 638 1573664009813
38.8898262460796 199.488147858139 638 1573664009813
42.8896602788744 199.451710101672 638 1573664009813
46.8894943116693 199.415272345205 638 1573664009813
50.8893283444641 199.378834588738 638 1573664009813
54.8891623772589 199.342396832271 638 1573664009813
58.8889964100537 199.305959075804 638 1573664009813
62.888696983796 199.260244915762 633 1573664009685
66.8879237944273 199.181600671677 633 1573664009685
70.8871506050586 199.102956427592 633 1573664009685
74.8863774156899 199.024312183507 633 1573664009685
78.8840863090511 199.008929789981 628 1573664009663
82.8749390485071 199.279289572449 628 1573664009663
86.8657917879631 199.549649354918 628 1573664009663
90.8566445274191 199.820009137386 628 1573664009663
94.8474972668752 200.090368919855 628 1573664009663
98.8383500063312 200.360728702323 628 1573664009663
102.832007223742 200.548198307338 623 1573664009633
106.832007223742 200.548198307338 623 1573664009633
110.832007223742 200.548198307338 623 1573664009633
114.832007223742 200.548198307338 623 1573664009633
118.832007223742 200.548198307338 623 1573664009633
122.832007223742 200.548198307338 623 1573664009633
126.832007223742 200.548198307338 623 1573664009633
130.832007223742 200.548198307338 623 1573664009633
134.832007223742 200.548198307338 623 1573664009633
138.832007223742 200.548198307338 623 1573664009633
142.832007223742 200.548198307338 623 1573664009633
146.832007223742 200.548198307338 623 1573664009633
150.832007223742 200.548198307338 623 1573664009633
154.832007223742 200.548198307338 623 1573664009633
158.832007223742 200.548198307338 623 1573664009633
162.832007223742 200.548198307338 623 1573664009633
166.832007223742 200.548198307338 623 1573664009633
170.832007223742 200.548198307338 623 1573664009633
174.832007223742 200.548198307338 623 1573664009633
178.832007223742 200.548198307338 623 1573664009633
182.832007223742 200.548198307338 623 1573664009633
186.832007223742 200.548198307338 623 1573664009633
190.832007223742 200.548198307338 623 1573664009633
194.832007223742 200.548198307338 623 1573664009633
198.832007223742 200.548198307338 623 1573664009633
202.832007223742 200.548198307338 623 1573664009633
206.832007223742 200.548198307338 623 1573664009633
210.832007223742 200.548198307338 623 1573664009633
214.832007223742 200.548198307338 623 1573664009633
218.832007223742 200.548198307338 623 1573664009633
222.83087647095 200.616960457754 580 1573664009453
226.828713707612 200.74848014889 580 1573664009453
230.826550944274 200.879999840025 580 1573664009453
234.824388180937 201.011519531161 580 1573664009453
238.822225417599 201.143039222296 580 1573664009453
242.820062654261 201.274558913432 580 1573664009453
246.80861177727 201.501199661286 477 1573664009385
250.784949125514 201.660002925874 294 1573664009325
END STROKE
37.4125848455717 258.801530117208 658 1573664011409
41.4075230671091 259.002342390351 654 1573664011394
45.3966872550434 259.296568632727 654 1573664011394
49.3858514429777 259.590794875102 654 1573664011394
53.375015630912 259.885021117478 654 1573664011394
57.3641798188463 260.179247359853 654 1573664011394
61.3533440067806 260.473473602229 654 1573664011394
65.3425081947149 260.767699844605 654 1573664011394
69.3316723826491 261.06192608698 654 1573664011394
73.3208365705834 261.356152329356 654 1573664011394
77.3198755477708 261.404261079442 642 1573664011349
81.3197889962535 261.430574662384 642 1573664011349
85.3197024447362 261.456888245326 642 1573664011349
89.3196158932189 261.483201828268 642 1573664011349
93.3195293417016 261.50951541121 642 1573664011349
97.3194427901843 261.535828994152 642 1573664011349
101.315450253368 261.706629184462 641 1573664011312
105.310943257035 261.896459786981 641 1573664011312
109.306436260701 262.0862903895 641 1573664011312
113.302459052478 262.264280906154 641 1573664011289
117.298939049245 262.432053476731 641 1573664011289
121.295419046013 262.599826047308 641 1573664011289
125.29189904278 262.767598617885 641 1573664011289
129.288379039548 262.935371188462 641 1573664011289
133.284859036315 263.103143759039 641 1573664011289
137.281339033082 263.270916329616 641 1573664011289
141.27781902985 263.438688900193 641 1573664011289
145.274299026617 263.60646147077 641 1573664011289
149.270779023385 263.774234041347 641 1573664011289
153.267259020152 263.942006611924 641 1573664011289
157.263739016919 264.109779182501 641 1573664011289
161.260219013687 264.277551753078 641 1573664011289
165.251978851893 264.511466770214 638 1573664011199
169.231783283542 264.912910023774 638 1573664011199
173.211587715191 265.314353277334 638 1573664011199
177.19139214684 265.715796530894 638 1573664011199
181.171196578488 266.117239784454 638 1573664011199
185.151001010137 266.518683038014 638 1573664011199
189.136910643439 266.831202114767 630 1573664011161
193.134236602817 266.977438821783 630 1573664011161
197.129610608621 267.039529358813 624 1573664011146
201.118670559249 266.762556570279 625 1573664011139
205.117844983303 266.681292027016 625 1573664011139
209.113260523119 266.712920394527 624 1573664011124
213.102225052059 266.881223305758 625 1573664011116
217.097044047613 266.878566024644 622 1573664011109
221.089187681082 267.129143776546 622 1573664011109
225.081331314552 267.379721528449 622 1573664011109
229.073474948021 267.630299280351 622 1573664011109
233.065618581491 267.880877032253 622 1573664011109
237.058635058297 268.117117865044 612 1573664011071
241.033666792343 268.527386246645 597 1573664011049
244.987249080582 268.375568831341 586 1573664011026
248.006291794806 269.321584336006 449 1573664010944
END STROKE
72.8814602563407 311.348179456126 293 1573664014959
76.6915950782082 312.046811989358 576 1573664014929
80.6592595668214 311.729144871375 606 1573664014884
84.5446174149596 311.716430789023 612 1573664014839
88.4815722248002 312.364479107341 611 1573664014794
92.4132235984828 312.661006916662 611 1573664014771
96.3823207174352 312.524905556382 612 1573664014756
100.367026207877 312.860357978544 612 1573664014734
104.357532852733 313.135778960601 612 1573664014734
108.323984144276 313.588688682031 605 1573664014696
112.243843059599 314.385373113888 605 1573664014696
116.217830494349 314.75472052898 605 1573664014666
120.217593328596 314.798278189388 605 1573664014666
124.217356162842 314.841835849797 605 1573664014666
128.217118997089 314.885393510205 605 1573664014666
132.202328603171 315.155400555077 606 1573664014621
136.168077396064 315.66867150871 601 1573664014606
140.10279791541 316.388375916532 601 1573664014606
144.037518434756 317.108080324354 601 1573664014606
147.998848611568 317.662161263332 599 1573664014584
151.980606795732 317.953932934232 596 1573664014569
155.980185198165 318.012007048901 596 1573664014569
159.979763600597 318.070081163569 596 1573664014569
163.956482692081 317.700595877436 597 1573664014539
167.940250249371 317.390834521743 595 1573664014524
171.938509885827 317.303483945266 591 1573664014509
175.936769485035 317.421467746439 591 1573664014509
179.895548711546 317.936955289687 589 1573664014486
183.891877864168 318.10828334897 589 1573664014486
187.888207016791 318.279611408252 589 1573664014486
191.884536169414 318.450939467535 589 1573664014486
195.880865322036 318.622267526818 589 1573664014486
199.877194474659 318.793595586101 589 1573664014486
203.87137986261 319.005562988223 584 1573664014426
207.863555128542 319.255636269635 584 1573664014426
211.855730394475 319.505709551046 584 1573664014426
215.845433011618 319.788813312074 577 1573664014396
219.830345763052 320.135901720777 577 1573664014396
223.815258514486 320.482990129481 577 1573664014396
227.80017126592 320.830078538184 577 1573664014396
231.785084017355 321.177166946888 577 1573664014396
235.779778371496 321.155413269719 554 1573664014351
239.776372005311 320.992020823158 535 1573664014336
243.772196203379 320.809294311289 535 1573664014336
247.745149655799 320.782445673056 477 1573664014283
248.874609789074 321.735447027004 166 1573664014141
END STROKE
181.075615670583 369.543227390466 624 1573664015998
183.144399099773 369.543227390466 624 1573664015998
185.1825650074 369.781497885728 626 1573664015968
187.222654643566 370.114968158034 626 1573664015960
189.269637329324 370.414512413698 626 1573664015960
191.283606316169 370.876550885029 626 1573664015937
193.285190488995 371.399547707182 626 1573664015937
195.34759807023 371.449169509556 625 1573664015922
197.414728773046 371.52750533606 626 1573664015915
199.481671291172 371.614760729323 626 1573664015915
201.548613809298 371.702016122587 626 1573664015915
203.615556327424 371.78927151585 626 1573664015915
205.68249884555 371.876526909114 626 1573664015915
207.74360624217 372.034988550086 628 1573664015877
209.797178973808 372.28539604351 628 1573664015877
211.850751705446 372.535803536934 628 1573664015877
213.904324437085 372.786211030358 628 1573664015877
215.93032700835 373.187889169125 626 1573664015855
217.956372193723 373.583991163442 623 1573664015847
220.014556461624 373.793137992864 623 1573664015847
222.072740729524 374.002284822287 623 1573664015847
224.130924997425 374.21143165171 623 1573664015847
226.192065856684 374.386185324055 624 1573664015825
228.2557483593 374.531372807279 624 1573664015825
230.320829251522 374.602158117009 619 1573664015810
232.388509940588 374.53461964685 619 1573664015810
234.456190629655 374.46708117669 619 1573664015810
236.523871318722 374.399542706531 619 1573664015810
238.591552007788 374.332004236371 619 1573664015810
240.648890556033 374.454369598985 592 1573664015757
242.696586211724 374.448710338831 586 1573664015750
244.717616136132 374.886063654003 579 1573664015742
246.725952905085 375.382499248379 579 1573664015742
248.734289674038 375.878934842755 579 1573664015742
250.701395695821 376.493575082583 536 1573664015705
END STROKE
-2.55308111801371 257.542575301332 656 1573664011499
1.44662938542785 257.494451620475 656 1573664011499
5.44633988886941 257.446327939618 656 1573664011499
9.44506283361344 257.453510915332 655 1573664011454
13.4405055746306 257.644396491668 655 1573664011454
17.4359483156478 257.835282068005 655 1573664011454
21.431391056665 258.026167644341 655 1573664011454
25.4268337976821 258.217053220677 655 1573664011454
29.4222765386993 258.407938797013 655 1573664011454
33.4175523378416 258.602243233096 658 1573664011409
END STROKE
38.613721252553 293.452038162263 625 1573663961086
42.1769936785412 295.26947856519 625 1573663961086
45.7402661045294 297.086918968118 625 1573663961086
49.3035385305176 298.904359371045 625 1573663961086
52.8668109565058 300.721799773972 625 1573663961086
56.430083382494 302.539240176899 625 1573663961086
59.9933558084822 304.356680579827 625 1573663961086
63.5566282344705 306.174120982754 625 1573663961086
67.1199006604587 307.991561385681 625 1573663961086
70.6831730864469 309.809001788608 625 1573663961086
END STROKE
===NOTES===
Great Job
