1.00
USERID - 01/01/2000 01:00:00 AM - F - HS - EN - N/A
10/25/2019 13:4:16:43
10/25/2019 13:6:24:738
-155.929447708483 246.30767434669 52 1572026803663
-153.978184496413 246.953505281893 505 1572026803925
-150.15753749355 246.175179371445 527 1572026803963
-146.281937378377 246.858102602909 563 1572026804008
-142.35984811182 247.154541338041 572 1572026804031
-138.364282512168 247.291600973267 585 1572026804046
-134.392194687221 246.824549744233 596 1572026804061
-130.415827706754 246.737038793701 601 1572026804076
-126.432678712948 246.889515824807 606 1572026804106
-122.444638820278 247.198607743929 606 1572026804106
-118.456588268777 247.507561946904 609 1572026804136
-114.468482329938 247.815800524299 609 1572026804136
-110.480376391099 248.124039101695 609 1572026804136
-106.492270452259 248.43227767909 609 1572026804136
-102.492710452889 248.443680442738 620 1572026804218
-98.4927104528894 248.443680442738 620 1572026804218
-94.4927104528894 248.443680442738 620 1572026804218
-90.4927104528894 248.443680442738 620 1572026804218
-86.4927104528894 248.443680442738 620 1572026804218
-82.4927104528894 248.443680442738 620 1572026804218
-78.4927104528894 248.443680442738 620 1572026804218
-74.4927104528894 248.443680442738 620 1572026804218
-70.4953409074234 248.364979158323 630 1572026804256
-66.5042678565502 248.097891340193 630 1572026804256
-62.5131948056769 247.830803522063 630 1572026804256
-58.5221217548037 247.563715703934 630 1572026804256
-54.5352141098667 247.243269849888 629 1572026804278
-50.551043070408 246.887768614533 629 1572026804278
-46.5557991218546 246.727949928434 631 1572026804301
-42.5590718926625 246.664933617963 636 1572026804308
-38.5818042791682 246.964916634409 638 1572026804338
-34.5818042791682 246.964916634409 638 1572026804338
-30.5911498121733 246.794111679295 638 1572026804353
-26.6118048786141 246.392371449994 638 1572026804368
-22.6230633218055 246.092605063125 639 1572026804376
-18.6326347101167 245.816076949226 641 1572026804399
-14.6420107316959 245.542361288635 641 1572026804399
-10.6442932088195 245.533796104341 644 1572026804436
-6.644742563952 245.593751413867 644 1572026804436
-2.647662039371 245.617510739593 644 1572026804444
1.3240359092651 245.476695077024 645 1572026804451
5.3236759440718 245.486152826079 652 1572026804466
9.32209935333274 245.439556897458 652 1572026804489
13.3129511654251 245.169183426276 652 1572026804489
17.2059104176112 244.66544106721 652 1572026804511
21.1846310620482 244.909171663329 652 1572026804534
25.1662256473191 244.525890358617 652 1572026804534
29.1571074781524 244.336010161609 652 1572026804541
33.1391555455816 243.981811397216 655 1572026804556
37.1303184754425 243.745696232586 653 1572026804601
41.1275721113912 243.597495794344 653 1572026804601
45.1248257473398 243.449295356102 653 1572026804601
49.121942492659 243.297532280101 655 1572026804616
53.1061534642599 243.006722992605 654 1572026804624
57.0941485399336 242.921195987298 660 1572026804654
61.0932444050909 243.006238689996 660 1572026804654
65.0896580078162 242.871673702591 657 1572026804669
69.0861476507803 242.704190377732 658 1572026804684
73.0794395994526 242.473293292503 657 1572026804706
77.0745296383335 242.278898967849 659 1572026804721
81.0064246730442 241.700766369761 662 1572026804759
85.0029739861343 241.534653191359 662 1572026804759
88.9977123418295 241.409498188216 660 1572026804774
92.9661727461739 241.835364171477 662 1572026804781
96.9337199275787 241.378482544951 663 1572026804819
100.933719927579 241.378482544951 663 1572026804819
104.933719927579 241.378482544951 663 1572026804819
108.933719927579 241.378482544951 662 1572026804834
112.909471753723 240.988147422971 661 1572026804849
116.901406832446 240.782023566212 662 1572026804872
120.900414570225 240.721240257233 665 1572026804909
124.900414570225 240.721240257233 665 1572026804909
128.890559003462 240.472998968982 665 1572026804932
132.83351902868 240.523607182021 674 1572026804969
136.805430999902 240.051137871737 673 1572026804992
140.752219722775 239.406755681796 674 1572026805029
144.752219722775 239.406755681796 674 1572026805029
148.740061475093 239.246276697795 675 1572026805037
152.722574732737 239.206485771514 674 1572026805059
156.715743937693 239.078134537937 675 1572026805082
160.691281149004 238.675402637242 674 1572026805104
164.667937723052 238.248107720326 672 1572026805119
168.650089479278 237.879877263338 675 1572026805149
172.643570621333 237.651604689315 675 1572026805149
176.639158706141 237.465177853059 675 1572026805164
180.636105207314 237.561053562435 676 1572026805187
184.62972090796 237.42026877313 676 1572026805210
188.618271793141 237.248005463347 675 1572026805232
192.604902062735 237.233635526109 677 1572026805255
196.597256393288 237.394064916007 677 1572026805285
200.533157380591 236.819570780544 678 1572026805292
204.500811287301 236.572216669049 678 1572026805315
208.447608559774 236.786386433266 678 1572026805345
212.389040718328 236.423650204942 680 1572026805375
216.27422598325 235.627706544527 676 1572026805397
220.2654207655 235.510084337975 683 1572026805427
224.235260984066 235.371258265596 688 1572026805465
228.200836795472 235.299085400667 688 1572026805495
END STROKE
-54.4245303044606 301.350431042585 98 1572026799531
-50.6684877713531 301.327983981569 573 1572026799719
-46.7083354681609 301.31380771695 610 1572026799764
-42.7334127172954 301.22913367123 625 1572026799787
-38.7374532281057 301.281822461649 626 1572026799809
-34.7567499410329 301.041055121194 628 1572026799832
-30.7812935956883 300.776670607366 626 1572026799839
-26.8199259330347 300.407435219757 632 1572026799862
-22.8701937182484 299.775283788944 632 1572026799862
-18.9079222210719 299.228000509667 643 1572026799877
-14.9248740084727 298.887353856818 645 1572026799884
-10.9513548417414 299.109032137046 643 1572026799899
-6.95408470886802 298.97937623374 643 1572026799922
-2.95512950800678 298.887957956001 643 1572026799922
1.04484658898831 298.885866480749 645 1572026799944
5.04484658898831 298.885866480749 648 1572026799952
9.04459126108027 298.916583309431 649 1572026799982
13.0440385428317 298.983077222622 649 1572026799982
17.043485824583 299.049571135813 649 1572026799982
21.0238360997343 299.288043689371 650 1572026799997
25.014368585685 299.49546014979 652 1572026800027
29.0120757066787 299.630877189918 652 1572026800027
32.993807683686 299.949826032606 651 1572026800034
36.9863040454556 300.135710450699 655 1572026800049
40.9853518077015 300.200288378111 657 1572026800064
44.9793087172767 300.129290397159 654 1572026800072
48.9433979167994 299.707388001363 655 1572026800087
52.9433979167994 299.707388001363 655 1572026800087
56.9417925577428 299.819769901178 655 1572026800102
60.9410512119052 299.871667234251 655 1572026800110
64.9354269628565 300.064502921151 658 1572026800132
68.9286274941826 300.297632748967 658 1572026800132
72.9264156547119 300.326295361077 665 1572026800192
76.9260539063691 300.272500789973 665 1572026800192
80.9256921580263 300.218706218869 665 1572026800192
84.9253304096836 300.164911647765 665 1572026800192
88.9249686613408 300.111117076661 665 1572026800192
92.924606912998 300.057322505557 665 1572026800192
96.9233424250762 300.109591884759 666 1572026800207
100.921960503125 300.200288378111 666 1572026800215
104.919880082537 300.309493596854 666 1572026800230
108.916626170479 300.258594756689 667 1572026800245
112.910906063614 300.35323338504 670 1572026800267
116.902229787755 300.444610670458 668 1572026800275
120.7920119662 299.677376307935 668 1572026800305
124.790023461357 299.551264910382 668 1572026800305
128.767849160151 299.574721585431 669 1572026800327
132.684064425844 299.44186070386 671 1572026800350
136.641806847348 298.867563989162 670 1572026800365
140.619371316216 298.452345416979 671 1572026800372
144.593773195293 298.054007817304 673 1572026800387
148.570392124893 298.01263195532 674 1572026800410
152.561453575577 297.769795954634 661 1572026800425
156.512591514354 297.833498490813 673 1572026800447
160.459906186686 297.285170747255 672 1572026800455
164.423624412603 297.019013229872 678 1572026800477
168.370798192735 296.371078704294 678 1572026800477
172.35805367822 296.106415116596 684 1572026800500
176.353837054375 295.922868150543 682 1572026800523
180.34806083154 295.707981161809 682 1572026800523
184.322487054879 295.300637402887 682 1572026800538
188.288602208376 294.794662803676 681 1572026800545
192.284553693103 294.61953202108 683 1572026800560
196.281854011136 294.472640937988 684 1572026800583
200.240495980329 294.881877534155 686 1572026800620
204.197884600294 294.77819619962 689 1572026800673
208.150018660038 294.551497652835 690 1572026800703
211.971142091176 293.852019554579 693 1572026800725
215.897710804407 293.299432391293 694 1572026800755
219.864653903674 292.970811247433 695 1572026800785
223.747583185277 293.201692434327 699 1572026800845
227.705752951952 292.694674612781 702 1572026800860
231.428028846876 291.830672697239 710 1572026800921
235.038678833342 291.394500615467 733 1572026801078
END STROKE
69.1779453254905 354.58586546436 79 1572026795653
70.3633438628645 353.435722799886 584 1572026796133
74.2276940254037 353.504986673143 612 1572026796231
78.0895514158263 353.107101656033 630 1572026796284
81.9631899502687 352.441689812604 641 1572026796336
85.829521074818 351.498643275485 641 1572026796344
89.7834111058937 351.159457072316 647 1572026796366
93.7637372431057 351.124321563928 658 1572026796381
97.7499440313359 351.244256550478 656 1572026796404
101.735709507082 351.26764121716 654 1572026796441
105.734488525199 351.168816299918 654 1572026796441
109.711753943698 351.478604155013 655 1572026796456
113.69369002554 351.792617080593 655 1572026796479
117.673018255181 352.020510785271 655 1572026796486
121.651266887271 351.954772537678 653 1572026796501
125.628924525015 352.034888929612 652 1572026796516
129.625340987771 352.121238224453 652 1572026796539
133.619946304256 352.251204389322 653 1572026796546
137.60362081904 352.287631152679 650 1572026796569
141.595863782138 352.132345213828 653 1572026796599
145.594123424151 352.250327564423 653 1572026796599
149.589554549624 352.436232932524 650 1572026796614
153.580864239394 352.285580135418 650 1572026796637
157.56146724539 351.96206433495 652 1572026796667
161.532811649527 351.484127494213 652 1572026796667
165.498560206124 351.135437470951 653 1572026796689
169.450301230104 351.650064888352 653 1572026796719
173.404586443531 352.188205177671 665 1572026796734
177.271870425914 351.650554689881 665 1572026796749
181.234913938146 351.764742764113 668 1572026796764
185.182661204384 351.185786809035 668 1572026796772
189.116369106268 350.543831532814 667 1572026796787
193.087136476228 350.412220202893 666 1572026796802
197.036122442966 350.705449633565 668 1572026796824
200.965017954047 351.054618057662 668 1572026796847
204.909088724629 351.463995936733 674 1572026796884
208.841571944786 351.628337847699 677 1572026796952
212.776516463156 351.23666103622 685 1572026796982
216.674823067098 350.642474416126 686 1572026797027
220.654709807449 350.41493376616 685 1572026797050
224.571705530864 350.313853272266 691 1572026797095
228.366001989848 349.72758915229 692 1572026797102
231.945899471791 349.656673662617 697 1572026797132
235.81952118865 349.163710607792 721 1572026797200
239.20819108341 349.257736178096 722 1572026797342
242.005779473516 349.924529900774 768 1572026797545
END STROKE
182.761223423742 404.803241236816 600 1572026793612
184.503422300041 405.025118144018 603 1572026793619
185.972455361655 405.979223618902 602 1572026793634
187.398794340247 405.356672646228 618 1572026793649
189.191165033865 405.43167932501 634 1572026793672
190.980474328596 405.580452522521 634 1572026793672
192.767708163282 405.621114798324 636 1572026793687
194.54998902044 405.403775978247 636 1572026793687
196.319653156479 405.103597342278 636 1572026793709
198.085836694222 404.780554113731 636 1572026793709
199.801242035887 404.26323028598 636 1572026793717
201.573613948561 403.996559291069 638 1572026793732
203.300704634915 403.556873419247 641 1572026793739
205.053010482929 403.220666550181 642 1572026793754
206.832993690777 403.066576373852 641 1572026793769
208.60826350881 402.822203540169 644 1572026793784
210.400154117538 402.727766173427 643 1572026793792
212.172191791116 402.452343844364 649 1572026793807
213.947408920145 402.19267911808 654 1572026793829
215.731393954596 402.006602880978 670 1572026793845
217.492639944834 401.82582137174 675 1572026793852
219.268210277792 402.031690536167 679 1572026793875
221.042781532526 402.227412910593 674 1572026793897
222.828061117702 402.070523885714 675 1572026793912
224.611088919692 401.933232474961 681 1572026793927
226.325443562085 401.744294187767 702 1572026793957
228.080857338579 402.070523885714 699 1572026793965
229.871715297154 401.959086067682 701 1572026793980
231.593430286433 402.234803118602 697 1572026793995
233.293027965192 401.987882825685 700 1572026794017
235.037597035386 402.077535955483 713 1572026794047
236.814099140492 402.14167674007 714 1572026794062
238.581495776147 402.234803118602 717 1572026794085
240.284692150281 402.563424262461 722 1572026794107
END STROKE
39.6993188274082 343.077397415944 627 1572026784663
43.3633291630703 344.678852677224 629 1572026784670
47.0476252178835 346.234364740984 629 1572026784685
50.708975951402 347.845111949697 628 1572026784700
54.3720594272242 349.45191076267 630 1572026784723
58.0408314188591 351.045683667884 630 1572026784723
61.7200431316208 352.613338582764 631 1572026784738
65.4765724543236 353.987561071182 631 1572026784738
END STROKE
===NOTES===
Great Job
