1.00
USERID - 01/01/2000 01:00:00 AM - F - HS - EN - N/A
11/14/2019 12:59:1:932
11/14/2019 13:1:37:564
-57.1223629974911 264.349728040355 184 1573758102150
-55.3524888806477 265.208169468382 684 1573758102225
-51.4078958218498 264.716274155123 771 1573758102263
-47.4266942976154 264.32893138259 771 1573758102263
-43.4454927733809 263.941588610058 771 1573758102263
-39.463048552251 263.578749656526 837 1573758102338
-35.4630864726657 263.561332369728 837 1573758102338
-31.4631243930803 263.54391508293 837 1573758102338
-27.463162313495 263.526497796133 837 1573758102338
-23.4632002339097 263.509080509335 837 1573758102338
-19.4632381543244 263.491663222537 837 1573758102338
-15.463276074739 263.474245935739 837 1573758102338
-11.4633139951537 263.456828648942 837 1573758102338
-7.46335191556836 263.439411362144 837 1573758102338
-3.46338983598303 263.421994075346 837 1573758102338
0.536572243602302 263.404576788548 837 1573758102338
4.53653432318763 263.38715950175 837 1573758102338
8.53649640277296 263.369742214953 837 1573758102338
12.5364584823583 263.352324928155 837 1573758102338
16.5364205619436 263.334907641357 837 1573758102338
20.5246225396882 263.145586963817 839 1573758102353
24.4896907121525 262.618107686772 839 1573758102353
28.4547588846167 262.090628409728 839 1573758102353
32.4198270570809 261.563149132684 839 1573758102353
36.3870011884305 261.052083101595 841 1573758102390
40.3567972803847 260.561451887437 841 1573758102390
44.3265933723388 260.07082067328 841 1573758102390
48.296389464293 259.580189459123 841 1573758102390
52.2661855562472 259.089558244966 841 1573758102390
56.2359816482013 258.598927030808 841 1573758102390
60.2057777401555 258.108295816651 841 1573758102390
64.1755738321096 257.617664602494 841 1573758102390
68.1453699240638 257.127033388337 841 1573758102390
72.115166016018 256.636402174179 841 1573758102390
76.0849621079721 256.145770960022 841 1573758102390
80.0728373907358 255.835313276968 843 1573758102435
84.0609700305811 255.527420362142 843 1573758102435
88.0491026704265 255.219527447316 843 1573758102435
92.0372353102718 254.91163453249 843 1573758102435
96.0253679501172 254.603741617664 843 1573758102435
100.013500589963 254.295848702838 843 1573758102435
104.001633229808 253.987955788012 843 1573758102435
107.989765869653 253.680062873186 843 1573758102435
111.977898509499 253.37216995836 843 1573758102435
115.966031149344 253.064277043534 843 1573758102435
119.953192790627 252.745158717846 844 1573758102473
123.934958100262 252.36365508878 844 1573758102473
127.916723409896 251.982151459715 844 1573758102473
131.898488719531 251.600647830649 844 1573758102473
135.880254029165 251.219144201584 844 1573758102473
139.8620193388 250.837640572518 844 1573758102473
143.843784648435 250.456136943452 844 1573758102473
147.825549958069 250.074633314387 844 1573758102473
151.818211788118 249.849613404222 845 1573758102495
155.814424126302 249.675581946861 845 1573758102495
159.810636464485 249.5015504895 845 1573758102495
163.806848802668 249.327519032138 845 1573758102495
167.80139399998 249.123189810674 844 1573758102518
171.79257455404 248.857713286484 844 1573758102518
175.783755108099 248.592236762293 844 1573758102518
179.774935662159 248.326760238103 844 1573758102518
183.77021892288 248.184780395171 844 1573758102540
187.77021892288 248.184780395171 844 1573758102540
191.77021892288 248.184780395171 844 1573758102540
195.768187793986 248.247040818781 844 1573758102548
199.758732844753 248.36167823368 844 1573758102563
203.746499701087 248.049083448818 844 1573758102563
207.734266557421 247.736488663955 844 1573758102563
211.731727058228 247.67159657852 845 1573758102578
215.731727058228 247.67159657852 845 1573758102578
219.719329711378 247.470894043446 846 1573758102600
223.688921710011 246.978614281127 846 1573758102600
227.658513708644 246.486334518809 846 1573758102600
231.628105707277 245.99405475649 846 1573758102600
235.599775691393 245.519962189238 846 1573758102630
239.578104408537 245.104148987974 846 1573758102630
243.556433125682 244.688335786711 846 1573758102630
247.534761842826 244.272522585447 846 1573758102630
251.51309055997 243.856709384183 846 1573758102630
255.496103242237 243.49949935556 846 1573758102653
259.489972449444 243.278120143071 846 1573758102653
263.483841656651 243.056740930582 846 1573758102653
267.480346107342 242.889702449793 845 1573758102691
271.419190480509 242.601637233948 845 1573758102758
275.396234583527 243.029562697845 845 1573758102758
279.373278686545 243.457488161743 845 1573758102758
283.348136881778 243.227334294325 844 1573758102773
287.318536058024 242.878727156357 845 1573758102788
END STROKE
62.733065320326 330.937499379277 838 1573758101064
66.7169031460776 330.578283318791 838 1573758101064
70.7007409718291 330.219067258305 838 1573758101064
74.6845787975807 329.859851197818 838 1573758101064
78.6534180091126 329.3668372462 847 1573758101140
82.6179111187044 328.8350530945 847 1573758101140
86.5824042282962 328.3032689428 847 1573758101140
90.546897337888 327.7714847911 847 1573758101140
94.5113904474799 327.239700639401 847 1573758101140
98.4758835570717 326.707916487701 847 1573758101140
102.440376666663 326.176132336001 847 1573758101140
106.404869776255 325.644348184301 847 1573758101140
110.369362885847 325.112564032601 847 1573758101140
114.333855995439 324.580779880902 847 1573758101140
118.298349105031 324.048995729202 847 1573758101140
122.262842214623 323.517211577502 847 1573758101140
126.227335324214 322.985427425802 847 1573758101140
130.191828433806 322.453643274102 847 1573758101140
134.156321543398 321.921859122403 847 1573758101140
138.12081465299 321.390074970703 847 1573758101140
142.085307762582 320.858290819003 847 1573758101140
146.049800872173 320.326506667303 847 1573758101140
150.014293981765 319.794722515604 847 1573758101140
153.978787091357 319.262938363904 847 1573758101140
157.943280200949 318.731154212204 847 1573758101140
161.907773310541 318.199370060504 847 1573758101140
165.872266420132 317.667585908804 847 1573758101140
169.836759529724 317.135801757105 847 1573758101140
173.801252639316 316.604017605405 847 1573758101140
177.765745748908 316.072233453705 847 1573758101140
181.736943857077 315.609414768655 847 1573758101177
185.729626776833 315.367581970441 847 1573758101177
189.722309696589 315.125749172227 847 1573758101177
193.714992616344 314.883916374013 847 1573758101177
197.7076755361 314.642083575799 847 1573758101177
201.700358455855 314.400250777585 847 1573758101177
205.693041375611 314.158417979371 847 1573758101177
209.685724295367 313.916585181157 847 1573758101177
213.678407215122 313.674752382943 847 1573758101177
217.671090134878 313.432919584729 847 1573758101177
221.663773054633 313.191086786515 847 1573758101177
225.626165292531 312.683994163767 848 1573758101192
229.570580024767 312.019469957948 848 1573758101192
233.514994757003 311.354945752128 848 1573758101192
237.47035233052 310.93634837769 847 1573758101237
241.414676703565 310.979754546814 847 1573758101245
245.295743389856 311.609376524467 831 1573758101275
249.230458725902 312.329109269508 831 1573758101275
253.179804590522 312.750344492077 794 1573758101282
257.17259772822 312.63120021471 712 1573758101305
261.171692903564 312.716275349395 712 1573758101305
265.170788078908 312.80135048408 712 1573758101305
269.161251406856 312.655448451785 619 1573758101320
272.472076536364 312.331289279452 229 1573758101335
END STROKE
126.359829961423 407.781227940995 348 1573758098279
128.017719129426 407.268142004148 712 1573758098340
131.32706472757 407.054627635001 812 1573758098392
135.183600125441 407.180621063672 812 1573758098392
139.036913974279 407.172972788838 826 1573758098422
142.882899131513 406.861303429677 826 1573758098422
146.728884288747 406.549634070515 826 1573758098422
150.574869445981 406.237964711354 826 1573758098422
154.420854603215 405.926295352192 826 1573758098422
158.266839760449 405.61462599303 826 1573758098422
162.116106977802 405.35004572858 843 1573758098445
165.968141646041 405.12517124405 843 1573758098445
169.820176314279 404.900296759521 843 1573758098445
173.672210982518 404.675422274992 843 1573758098445
177.524245650756 404.450547790462 843 1573758098445
181.376280318995 404.225673305933 843 1573758098445
185.228314987233 404.000798821404 843 1573758098445
189.072421755277 403.673695825242 845 1573758098490
192.913070066063 403.301996791131 845 1573758098490
196.753718376849 402.930297757021 845 1573758098490
200.594366687635 402.55859872291 845 1573758098490
204.435014998421 402.186899688799 845 1573758098490
208.275663309207 401.815200654688 845 1573758098490
212.116311619994 401.443501620577 845 1573758098490
215.95695993078 401.071802586466 845 1573758098490
219.797608241566 400.700103552355 845 1573758098490
223.638256552352 400.328404518244 845 1573758098490
227.478904863138 399.956705484133 845 1573758098490
231.319553173924 399.585006450023 845 1573758098490
235.16020148471 399.213307415912 845 1573758098490
239.000849795497 398.841608381801 845 1573758098490
242.835246859547 398.410678287706 845 1573758098497
246.654135939846 397.895667754709 845 1573758098512
250.377546269875 396.883267076452 845 1573758098512
254.100956599904 395.870866398195 845 1573758098512
257.853039910772 394.989683692272 844 1573758098527
261.659364945422 394.356730811164 844 1573758098527
265.356500796642 394.639919499426 796 1573758098572
268.889977061319 396.10793817569 758 1573758098580
272.705666003886 396.681644238205 668 1573758098595
276.52359728945 397.240339430432 668 1573758098595
280.015873758983 398.190915524985 188 1573758098610
END STROKE
197.620460373202 454.223335609943 137 1573758097226
197.2133938622 454.946120332086 687 1573758097309
199.27205960614 454.643943976991 794 1573758097376
201.352402761963 454.395578047148 820 1573758097384
203.423865970718 454.361174615569 820 1573758097391
205.508263051675 454.479976458168 827 1573758097414
207.603438021387 454.479976458168 827 1573758097414
209.698612991099 454.479976458168 827 1573758097414
211.787396341271 454.367817620445 829 1573758097421
213.811257570697 453.907266504447 830 1573758097429
215.745920217392 453.103003738188 830 1573758097429
217.486104830318 453.927501824085 840 1573758097436
219.560012481228 454.151522924101 843 1573758097444
221.630587320043 453.988247559908 844 1573758097466
223.691568005365 453.611263782491 844 1573758097466
225.752548690687 453.234280005074 844 1573758097466
227.81352937601 452.857296227657 844 1573758097466
229.874510061332 452.48031245024 844 1573758097466
231.935490746654 452.103328672822 844 1573758097466
233.996470939105 451.726342200885 844 1573758097474
236.058854242771 451.444021163333 844 1573758097481
238.130104503069 451.759743371809 844 1573758097481
240.213585909313 451.91405737492 846 1573758097504
242.308760879025 451.91405737492 846 1573758097504
244.403935848737 451.91405737492 846 1573758097504
246.499110818449 451.91405737492 846 1573758097504
248.580428850297 451.745242834207 847 1573758097541
250.647559250663 451.403585020615 847 1573758097541
252.71468965103 451.061927207023 847 1573758097541
254.781820051396 450.720269393431 847 1573758097541
256.848950451762 450.378611579838 847 1573758097541
258.916080852129 450.036953766246 847 1573758097541
260.983211252495 449.695295952654 847 1573758097541
263.050341652861 449.353638139062 847 1573758097541
265.117472053228 449.01198032547 847 1573758097541
267.184602453594 448.670322511878 847 1573758097541
269.251732853961 448.328664698285 847 1573758097541
271.313904984416 447.961363098601 848 1573758097564
273.359405403942 447.507836707498 848 1573758097564
END STROKE
===NOTES===
Great Job
