1.00
USERID - 01/01/2000 01:00:00 AM - F - HS - EN - N/A
11/12/2019 16:0:28:226
11/12/2019 16:6:31:203
192.02683878026 115.126391345809 499 1573596385347
192.741426649074 111.218877873218 605 1573596385400
192.930747404276 107.223473610617 611 1573596385430
193.073963763613 103.226190620092 634 1573596385445
193.725027811983 99.279950795598 625 1573596385452
193.431776764055 95.3030215275764 642 1573596385490
193.53347810276 91.304314631878 642 1573596385490
193.668328271978 87.3070085082136 643 1573596385512
193.904334284625 83.313976932832 643 1573596385512
194.326686563729 79.3380110791579 654 1573596385535
194.819892668962 75.3685340685479 654 1573596385535
195.101377256322 71.408839237811 654 1573596385550
195.494421603385 67.4413867118458 694 1573596385565
195.844774858648 63.4577058855969 689 1573596385580
196.009641179716 59.4623879605005 689 1573596385603
196.10471356258 55.4635179648621 689 1573596385603
196.504843984915 51.4867530359352 685 1573596385633
196.987268676296 47.5159513011283 685 1573596385633
197.561930804327 43.5719984836853 693 1573596385648
197.769092948812 39.6120077491268 698 1573596385663
197.870722511661 35.6156109118227 699 1573596385708
198.009487609753 31.6180186055024 699 1573596385708
197.965753101668 27.6263046095299 697 1573596385715
198.097444689785 23.6328917049779 697 1573596385730
198.169376031989 19.6463739919094 696 1573596385753
198.10087281367 15.647933383696 696 1573596385783
198.10087281367 11.647933383696 696 1573596385783
197.921202635858 7.66188419360966 694 1573596385805
197.546777424128 3.68844857199297 694 1573596385828
197.202727496892 -0.275782526270408 696 1573596385850
197.690679595109 -4.23397224609922 695 1573596385865
198.432938047136 -8.16445995039859 696 1573596385888
198.142032629946 -12.0637623732758 695 1573596385933
198.469460439452 -16.0497513167152 697 1573596385963
198.576078839413 -20.048330128842 697 1573596385963
198.639746298918 -24.047481462745 716 1573596385978
198.753485440367 -28.0436002756242 718 1573596386016
199.335526500678 -31.9971186176616 718 1573596386031
199.71756179351 -35.9672770353172 716 1573596386076
199.777710582178 -39.9658483551201 715 1573596386106
200.048489041631 -43.955275673986 715 1573596386128
200.48860877054 -47.9284078476938 716 1573596386136
200.592403443255 -51.873519530888 714 1573596386166
200.952235430934 -55.8560224408576 713 1573596386196
201.300985178747 -59.8386174735529 713 1573596386211
201.005710694818 -63.7735528565104 710 1573596386294
201.167568427515 -67.7702767742168 710 1573596386294
201.329426160212 -71.7670006919231 710 1573596386294
202.464088443561 -75.5972610837623 711 1573596386324
203.26686602054 -79.4611105285684 710 1573596386384
204.369704659583 -83.2859711171393 711 1573596386406
204.926832040462 -87.2331114567712 710 1573596386451
204.567628733027 -91.2035611998691 710 1573596386571
204.567628733027 -95.2035611998691 710 1573596386571
204.903648168341 -98.7865209150634 710 1573596386647
205.998652698525 -102.593878198673 707 1573596386714
END STROKE
189.662050993457 118.660171325487 624 1573596058692
193.660673018027 118.555186066417 624 1573596058692
197.659295042598 118.450200807347 624 1573596058692
201.657917067168 118.345215548278 624 1573596058692
205.656539091738 118.240230289208 624 1573596058692
209.655161116308 118.135245030139 624 1573596058692
213.653783140878 118.030259771069 624 1573596058692
217.653647596592 117.998946753424 645 1573596058842
221.653535813456 117.969042696875 645 1573596058842
225.653424030319 117.939138640326 645 1573596058842
229.653312247182 117.909234583777 645 1573596058842
233.653200464045 117.879330527228 645 1573596058842
237.653088680909 117.849426470679 645 1573596058842
241.652976897772 117.81952241413 645 1573596058842
245.652865114635 117.789618357581 645 1573596058842
249.652753331499 117.759714301032 645 1573596058842
253.652641548362 117.729810244483 645 1573596058842
257.652529765225 117.699906187934 645 1573596058842
261.652417982089 117.670002131385 645 1573596058842
265.652306198952 117.640098074836 645 1573596058842
269.652194415815 117.610194018287 645 1573596058842
273.652082632679 117.580289961738 645 1573596058842
277.651970849542 117.550385905189 645 1573596058842
281.651379578669 117.489169698509 648 1573596058872
285.650307982628 117.396586654682 648 1573596058872
289.649236386588 117.304003610855 648 1573596058872
293.648164790548 117.211420567028 648 1573596058872
297.646526776829 117.097066182081 649 1573596058910
301.64485950395 116.981587165686 649 1573596058910
305.643192231072 116.86610814929 649 1573596058910
309.641524958194 116.750629132895 649 1573596058910
313.640996171001 116.714004159469 652 1573596058963
317.640996171001 116.714004159469 652 1573596058963
321.640996171001 116.714004159469 652 1573596058963
END STROKE
325.640996171001 116.714004159469 652 1573596058963
329.640996171001 116.714004159469 652 1573596058963
333.640996171001 116.714004159469 652 1573596058963
337.640996171001 116.714004159469 652 1573596058963
341.640278578099 116.782272587303 655 1573596058993
345.639394768995 116.866354046106 655 1573596058993
349.638510959891 116.950435504908 655 1573596058993
353.637627150787 117.034516963711 655 1573596058993
357.637399806597 117.074692778527 657 1573596059030
361.637242123703 117.110209511039 657 1573596059030
365.637084440809 117.14572624355 657 1573596059030
369.636926757915 117.181242976061 657 1573596059030
373.636812968995 117.20687296363 658 1573596059098
377.636812968995 117.20687296363 658 1573596059098
381.636812968995 117.20687296363 658 1573596059098
385.636812968995 117.20687296363 658 1573596059098
389.636812968995 117.20687296363 658 1573596059098
393.636812968995 117.20687296363 658 1573596059098
397.636812968995 117.20687296363 658 1573596059098
401.636808217015 117.206519588974 655 1573596059135
405.635361812239 117.098959623719 655 1573596059135
409.633915407462 116.991399658464 655 1573596059135
413.632469002686 116.883839693208 655 1573596059135
417.632187199591 116.917945690106 659 1573596059210
421.631968709376 116.959753272955 659 1573596059210
425.631750219161 117.001560855805 659 1573596059210
429.631531728946 117.043368438654 659 1573596059210
433.63131323873 117.085176021503 659 1573596059210
437.631094748515 117.126983604352 659 1573596059210
441.6308762583 117.168791187202 659 1573596059210
445.630256195135 117.224193576355 659 1573596059240
449.625531621545 117.418549608231 659 1573596059240
453.620807047954 117.612905640106 659 1573596059240
457.616082474364 117.807261671982 659 1573596059240
461.611357900774 118.001617703858 659 1573596059240
465.61037823202 117.98047122165 657 1573596059263
469.609994230034 117.925046782718 657 1573596059263
473.609610228048 117.869622343787 657 1573596059263
477.609522189905 117.845215974376 676 1573596059338
481.609467563994 117.824311326558 676 1573596059338
485.609412938083 117.80340667874 676 1573596059338
489.609358312173 117.782502030923 676 1573596059338
493.609303686262 117.761597383105 676 1573596059338
497.609249060352 117.740692735287 676 1573596059338
501.609194434441 117.71978808747 676 1573596059338
505.609115508261 117.696816677386 676 1573596059398
509.608446622591 117.623668622398 676 1573596059398
513.607777736922 117.550520567411 676 1573596059398
517.607108851252 117.477372512423 676 1573596059398
521.606439965583 117.404224457436 676 1573596059398
525.531962159122 117.837035896279 673 1573596059436
529.526185806951 117.622146503505 673 1573596059436
533.523854570317 117.535420831366 675 1573596059451
537.481824377153 117.371162565017 678 1573596059511
541.481824377153 117.371162565017 678 1573596059511
545.456925002769 117.042583362243 676 1573596059533
549.443809671458 116.837442770281 678 1573596059571
553.416943698399 116.385424956696 677 1573596059578
557.39204904575 116.05687708896 677 1573596059608
561.358341423002 115.751231855033 679 1573596059631
565.339450011977 116.104786725719 678 1573596059646
569.326615295631 116.05687708896 678 1573596059668
573.220188798355 116.75104502217 696 1573596059849
577.100021314611 117.042583362243 701 1573596059924
581.100021314611 117.042583362243 703 1573596060134
584.434167478698 117.176252792461 698 1573596060344
588.33252839854 117.535420831366 697 1573596060487
592.28950740253 117.20687296363 697 1573596060570
596.210427401886 117.86400003414 697 1573596060660
600.173068861783 117.578566209617 696 1573596060697
604.142410401153 117.831692485066 696 1573596060765
607.940004550733 118.312109594289 697 1573596060802
611.844368576312 118.61507200417 696 1573596060832
615.772732929394 118.953398826567 696 1573596060930
619.694122209863 119.50686471297 697 1573596060953
623.666318730791 119.920288158645 698 1573596060990
627.6233703035 120.328281384867 699 1573596061065
631.497822870183 120.272563520224 698 1573596061125
END STROKE
204.028686723684 -106.221877311331 76 1573596388417
207.424138290362 -104.212704131439 403 1573596388552
210.898716674864 -102.306967580137 451 1573596388589
214.664802728152 -101.004732282066 468 1573596388612
218.244551333177 -99.2283232427131 463 1573596388627
221.978681700519 -98.0075852522149 461 1573596388650
225.770805265325 -96.9258851903985 461 1573596388680
229.030289211743 -94.6073157170503 464 1573596388695
232.338272432117 -92.3727594800225 511 1573596388702
235.890745961157 -90.5425861267536 527 1573596388725
239.371874880452 -88.5725526042413 523 1573596388740
242.947413105975 -86.782096133936 545 1573596388755
246.654574790321 -85.2950975717312 544 1573596388762
250.243807408168 -83.5366651104976 544 1573596388785
253.765455726134 -81.6431728270202 543 1573596388800
257.336348550391 -79.8611593835505 541 1573596388822
260.923059882794 -78.1215119787331 542 1573596388837
264.71933318159 -76.9006563168869 541 1573596388860
268.423497425267 -75.4917982920243 549 1573596388882
272.092135122441 -73.9603353636173 556 1573596388912
275.710803689307 -72.2906711187256 569 1573596388935
279.075943699277 -70.1408770421187 588 1573596388957
282.651452492403 -68.3476294657146 588 1573596388957
286.364766757218 -66.8802623053613 582 1573596388980
290.14569439987 -65.5771719788803 582 1573596389002
293.840831444441 -64.0869530935702 585 1573596389032
297.550554576499 -62.5935902218526 587 1573596389093
301.364716332211 -61.3885300153653 587 1573596389093
305.178878087924 -60.1834698088779 587 1573596389093
308.833306892747 -58.6102120473807 585 1573596389108
312.481459833018 -57.0003852760584 600 1573596389138
316.072067067698 -55.2384175856476 601 1573596389160
319.63593775687 -53.422273236369 606 1573596389175
323.216400050834 -51.6410968102024 607 1573596389213
326.741715986263 -49.7510842294492 607 1573596389213
330.083623799422 -47.6002567101194 604 1573596389235
333.71783984455 -46.0145684060505 603 1573596389258
337.402195292821 -44.513675292098 603 1573596389295
340.981306199512 -42.7297599415221 617 1573596389318
344.581949767294 -40.9943130232817 623 1573596389340
348.025180148102 -38.9780464237662 622 1573596389355
351.449453945903 -36.9193114510278 646 1573596389385
355.064290534168 -35.2079989037818 645 1573596389408
358.702410513101 -33.5627820922165 644 1573596389415
362.216788489861 -31.7470322354267 640 1573596389453
365.621009206564 -29.8924057753544 641 1573596389468
369.355642945008 -28.520244266522 640 1573596389513
372.953220621826 -26.7737181011951 641 1573596389521
376.619390755336 -25.2382215908535 640 1573596389536
380.2592326686 -23.5807541675476 638 1573596389558
383.85250986695 -21.8261781480029 638 1573596389581
387.424381503263 -20.0382218000192 639 1573596389603
391.025119547914 -18.3097695753256 637 1573596389618
394.742092923894 -16.8453230531145 639 1573596389641
398.282439406528 -15.0399945152463 637 1573596389663
401.813511997618 -13.2399476526249 636 1573596389678
405.459594356009 -11.6892452448366 637 1573596389701
409.046979160713 -9.92368729601965 637 1573596389716
412.650275470973 -8.1871196626396 636 1573596389746
416.284996354198 -6.52544027948794 639 1573596389753
419.788938800862 -4.64020638003886 638 1573596389798
423.318105243009 -2.75739353123434 638 1573596389798
426.903735602717 -0.987073562223803 638 1573596389828
430.522233695015 0.717764129767341 638 1573596389828
434.021492822315 2.65548536610817 637 1573596389858
437.495060434298 4.63754625611408 637 1573596389866
441.073477933438 6.41943749922214 638 1573596389896
444.699733164006 8.10296588851836 640 1573596389911
448.278031674016 9.79460985314757 647 1573596389949
451.695005960994 11.7964761075651 646 1573596389979
455.353639341112 13.3896744429157 645 1573596390009
458.849777413664 15.3301204241969 654 1573596390024
462.443498215746 17.0860630833547 657 1573596390054
466.002435550497 18.9119779355084 657 1573596390054
469.550238112405 20.7586562799828 656 1573596390084
473.040349997605 22.7129129235141 656 1573596390084
476.530461882805 24.6671695670454 656 1573596390084
480.06902539646 26.5297437761534 654 1573596390106
483.550171707746 28.4998989625724 656 1573596390136
487.109109042498 30.3258138147246 656 1573596390136
490.66804637725 32.1517286668768 656 1573596390136
494.237267644805 33.9574483626527 656 1573596390166
497.807121433116 35.7619267726364 654 1573596390189
501.373212652545 37.5738300301832 654 1573596390189
505.027338033696 39.1939147617232 653 1573596390211
508.486446904711 41.1673832853248 653 1573596390241
511.889483980533 43.2664380756961 651 1573596390264
515.176607954306 45.545344542958 652 1573596390279
518.607159343717 47.599228360855 653 1573596390294
522.150877660068 49.4538438115988 652 1573596390324
525.769704074616 51.1419760825166 649 1573596390347
529.140935468531 53.2872291144835 651 1573596390362
532.728578218735 55.0559420896526 650 1573596390392
536.057138024261 57.2315830743505 650 1573596390414
539.383342253607 59.4220606438313 651 1573596390444
542.864492816479 61.3803038896717 651 1573596390467
546.245579534499 63.4937411758047 652 1573596390489
549.813494745624 65.2886088465659 650 1573596390504
553.334211979078 67.1510594855562 651 1573596390519
556.850540764583 68.9682404394211 652 1573596390542
560.277895402114 71.001496465998 648 1573596390572
563.74360988567 72.9545282525203 653 1573596390594
567.207940849136 74.9134365106459 651 1573596390617
570.678244606349 76.8766947391461 639 1573596390647
574.020414648971 79.0743400856315 652 1573596390670
577.405017447254 81.1925021314542 652 1573596390677
580.733676958319 83.3753241068022 653 1573596390707
584.10226384652 85.5305750224556 654 1573596390730
587.40305470915 87.7559640215204 655 1573596390745
590.864702806004 89.7210996258367 678 1573596390767
594.369034014192 91.6113836356882 689 1573596390812
597.827938448916 93.5913177414463 690 1573596390820
601.188031803178 95.7361823594131 690 1573596390857
604.482185264476 97.9815046797566 688 1573596390887
607.901212979025 100.022948954512 689 1573596390902
611.139076822355 102.286459467299 687 1573596390932
614.426149366549 104.519512290798 687 1573596390955
617.503988634832 106.903009897968 689 1573596391030
620.791238328676 109.172191270155 685 1573596391060
623.652553335643 111.952447679063 685 1573596391075
626.645667918858 114.552386709708 685 1573596391120
630.113364115724 116.219367672371 688 1573596391203
END STROKE
===NOTES===
Great Job
