1.00
USERID - 01/01/2000 01:00:00 AM - F - HS - EN - N/A
10/25/2019 13:4:16:43
10/25/2019 13:5:49:568
220.447197783091 26.7937644946953 126 1572026744963
220.505073718616 27.9912082098326 578 1572026745076
221.058710399434 31.8047489448109 638 1572026745121
221.534116572137 35.6578575415214 649 1572026745136
221.818913089081 39.5284523615768 657 1572026745151
222.288115121386 43.3824119340548 658 1572026745158
222.63461180252 47.2495899821523 671 1572026745181
223.00423266404 51.1125654513595 688 1572026745188
223.501363884548 54.9334893421988 699 1572026745203
223.65353211724 58.8102286769078 712 1572026745218
223.860681574888 62.6848241953326 714 1572026745226
224.273430773825 66.5415639233726 717 1572026745241
224.360831819754 70.4160461248975 730 1572026745286
224.308433581266 74.2983651873063 730 1572026745286
224.256035342777 78.1806842497151 730 1572026745286
224.219999265227 82.0631137241428 726 1572026745301
224.192319599003 85.9446241197531 732 1572026745308
224.243589692912 89.8095764435972 735 1572026745323
224.869720127125 93.6198997254452 735 1572026745346
225.092796299057 97.4961587337231 735 1572026745346
225.136441840083 101.305861611383 742 1572026745368
224.70535664029 105.122064404141 762 1572026745376
224.758941534317 109.002079806675 760 1572026745391
225.206001388595 112.852344023374 767 1572026745429
225.417957598268 116.729226977878 767 1572026745429
225.806322856057 120.581364991349 767 1572026745459
225.549584390278 124.455540031009 767 1572026745459
225.836894605327 128.296999993338 768 1572026745474
225.943244607697 132.11509197692 772 1572026745504
226.914779143507 135.833589383787 774 1572026745511
227.259672487773 139.698352675623 774 1572026745526
227.314002719913 143.578994033463 775 1572026745556
227.814860911065 147.418287764446 777 1572026745579
228.137784456469 151.287429828532 778 1572026745594
227.925951598096 155.159850501915 783 1572026745631
227.633414524178 159.030380183139 782 1572026745654
227.953125656075 162.427603026146 781 1572026745676
227.748331082455 166.263708081016 784 1572026745706
227.759305970281 170.134323005232 783 1572026745751
227.274096833839 173.90506083551 789 1572026745812
END STROKE
228.427338402067 174.266318459595 576 1572026679695
232.425582991702 174.147852204225 575 1572026679710
236.423949623371 174.033553128305 575 1572026679710
240.420993776388 173.880883007653 575 1572026679740
244.417741983224 173.71962615928 575 1572026679740
248.414490190061 173.558369310907 575 1572026679740
252.412702382715 173.441404093727 574 1572026679770
256.411375562839 173.338385655784 574 1572026679770
260.410048742964 173.235367217841 574 1572026679770
264.409151838946 173.152487272796 575 1572026679793
268.408578468081 173.084762549334 575 1572026679793
272.40791111559 173.012525599695 573 1572026679808
276.40668917708 172.913661981782 573 1572026679808
280.388146134722 172.600157151751 575 1572026679815
284.369742037456 172.258842092968 572 1572026679838
288.36511526502 172.066507040365 572 1572026679838
292.360311200726 171.881577270165 573 1572026679845
296.343993390874 172.174268738073 572 1572026679868
300.339025898605 171.974981853961 572 1572026679868
304.334058406335 171.775694969849 572 1572026679868
308.332041336386 171.761287896268 573 1572026679890
312.331398536471 171.832995539721 573 1572026679890
316.330755740318 171.848589489723 572 1572026679913
320.330112950016 171.776882382454 572 1572026679913
324.327232259288 171.669448578778 573 1572026679921
328.308061632172 171.282720528394 573 1572026679936
332.296495778568 170.978758261226 573 1572026679936
336.271597555063 170.551845410989 573 1572026679966
340.269304676057 170.416428370862 573 1572026679966
344.26701179705 170.281011330735 573 1572026679966
348.265211639115 170.161596267108 573 1572026679981
352.261633615522 170.013910383344 572 1572026679996
356.247876929391 169.682452629422 572 1572026679996
360.243473742048 169.576360902612 571 1572026680003
END STROKE
364.230870547217 169.272657234926 571 1572026680018
368.211910645853 168.888492944262 571 1572026680026
372.20321228296 168.676637146304 572 1572026680041
376.202019939359 168.590560149109 570 1572026680056
380.202019939359 168.590560149109 570 1572026680056
384.158757318515 169.042175841054 571 1572026680071
388.117355662385 168.554390356959 571 1572026680123
392.11617688527 168.457288207637 571 1572026680123
396.114998108155 168.360186058316 571 1572026680123
400.11381933104 168.263083908994 571 1572026680123
404.112640553926 168.165981759672 571 1572026680123
408.111810394355 168.097597094283 572 1572026680138
412.111810394355 168.097597094283 572 1572026680138
416.111741960773 168.076492408132 569 1572026680206
420.111657847183 168.050552060275 569 1572026680206
424.111573733593 168.024611712417 569 1572026680206
428.111489620002 167.998671364559 569 1572026680206
432.111405506412 167.972731016701 569 1572026680206
436.111321392822 167.946790668843 569 1572026680206
440.107714019703 167.816315162528 570 1572026680221
444.101268512018 167.604696717532 568 1572026680228
448.100716879058 167.65175757138 568 1572026680251
452.099617845058 167.745518246123 568 1572026680251
456.081081093628 168.099445174542 570 1572026680273
460.042301419345 168.632218569041 568 1572026680281
464.029481346832 168.697527357962 564 1572026680356
468.028907753181 168.629789479381 564 1572026680356
472.02833415953 168.562051600801 564 1572026680356
476.02776056588 168.49431372222 564 1572026680356
480.027186972229 168.42657584364 564 1572026680356
484.025273089404 168.302919888762 552 1572026680394
488.023352093298 168.178967161395 552 1572026680394
492.02090558795 168.040530652986 551 1572026680409
496.018307697746 167.90089042069 552 1572026680439
500.017262101515 167.809437282021 552 1572026680439
504.016154053085 167.715322795922 551 1572026680469
508.01499644965 167.619096565464 551 1572026680469
512.014400571801 167.551077491514 552 1572026680514
516.013903546703 167.488022327145 552 1572026680514
520.011367290053 167.375368130052 551 1572026680551
524.002547844112 167.109891605861 551 1572026680551
527.993728398172 166.844415081671 551 1572026680551
531.99169393635 166.783175196921 550 1572026680574
535.99169393635 166.783175196921 550 1572026680589
539.956599820045 167.079002251057 539 1572026680611
END STROKE
543.926760208474 166.592280156816 548 1572026680649
547.908978459845 166.21553382511 548 1572026680649
551.891196711215 165.838787493405 548 1572026680649
555.88027137277 165.566649412943 548 1572026680664
559.870719094576 165.325708933595 549 1572026680686
563.847219764473 164.892762721797 549 1572026680686
567.800494280691 164.968406519406 548 1572026680717
571.783869106569 164.604092099492 548 1572026680717
575.76757618412 164.243499091396 545 1572026680739
579.752487681939 163.896396290272 545 1572026680739
583.741894772814 163.63025319237 547 1572026680762
587.740737192611 163.534027927325 547 1572026680762
591.739287545233 163.567347292951 546 1572026680784
595.735999858449 163.608759317151 546 1572026680807
599.725048332201 163.312968387519 546 1572026680807
603.708403690411 162.953791073749 547 1572026680822
607.676818576616 162.462438513616 545 1572026680844
611.626551261791 161.830290021838 545 1572026680844
615.602303952118 161.525362251322 546 1572026680859
619.590920420428 161.325576390047 547 1572026680874
623.562261416727 160.848600608612 547 1572026680882
627.537256350416 160.742800459043 547 1572026680897
631.518882743393 160.394501161712 545 1572026680927
635.51236466062 160.166242149219 545 1572026680927
639.507353926252 159.968712107553 545 1572026680979
643.504003590919 159.805031143742 545 1572026680979
647.500653255586 159.641350179931 545 1572026680979
651.497511824528 159.482954225382 544 1572026681002
655.480831861811 159.553635388167 546 1572026681017
END STROKE
219.548937823669 26.9580750666252 135 1572026747593
221.078118745255 26.9619130977379 521 1572026747691
224.459394192204 28.2177461639445 588 1572026747759
228.259087442592 29.3660049297646 651 1572026747819
231.865195774131 31.0206646706571 680 1572026747864
235.505375431095 32.6738580162399 681 1572026747879
239.363615155655 33.6849407932059 693 1572026747901
243.267467629875 34.4406257646091 714 1572026747931
247.003582828372 35.617807244993 714 1572026747961
250.643577431337 37.1746533312702 726 1572026747999
254.418884275412 38.4151039886914 729 1572026748051
257.974336686057 40.2226872865575 729 1572026748089
261.81063447587 41.3109015227344 732 1572026748126
265.737396324133 42.0247746393862 736 1572026748164
269.563551749403 43.1911942301335 736 1572026748164
273.353178196472 44.4711606013203 738 1572026748187
277.175335200816 45.6308660883502 739 1572026748209
280.935051229157 46.9959199729345 741 1572026748224
284.671356034737 48.4241375552109 741 1572026748239
288.388278126417 49.9021396405879 741 1572026748239
292.088030437581 51.4039713348954 743 1572026748254
295.825845801442 52.7613922902741 753 1572026748277
299.68519521221 53.8127828578558 753 1572026748277
303.477975125916 55.0619095548518 753 1572026748307
307.187406794378 56.5586114947891 753 1572026748307
310.896838462839 58.0553134347263 753 1572026748307
314.6275167129 59.4897649980142 754 1572026748322
318.477961337116 60.573312964579 754 1572026748322
322.289463487394 61.7740014913767 754 1572026748329
326.030518314428 63.1895371280165 760 1572026748352
329.783141111148 64.5743916855565 760 1572026748352
333.535763907867 65.9592462430965 760 1572026748352
337.231825337034 67.4852321569698 761 1572026748382
340.902203814716 69.0753019134788 761 1572026748382
344.572582292399 70.6653716699877 761 1572026748382
348.242960770081 72.2554414264967 761 1572026748382
351.968324871384 73.7117948117236 761 1572026748404
355.695522740025 75.1636887637721 761 1572026748404
359.401990169198 76.6659961400415 761 1572026748412
363.123279855445 78.1240777174099 762 1572026748427
366.910720816028 79.4106588342082 762 1572026748427
370.63474250593 80.8673921835006 761 1572026748434
374.456927436991 82.0410219900257 764 1572026748449
378.29190969773 83.1780840173182 765 1572026748464
382.127524514698 84.3130108765726 765 1572026748464
385.986898198875 85.3614964164964 765 1572026748472
389.838589955574 86.4391143647146 765 1572026748479
393.759886094678 87.2158891230841 764 1572026748494
397.673055777502 88.0286360883606 765 1572026748502
401.524770868842 89.1076536305381 770 1572026748517
405.377173599928 90.1842190941839 770 1572026748517
409.11081213684 91.0771574180594 771 1572026748532
412.768739705428 92.5195534757827 770 1572026748547
416.674694652132 93.381827187609 771 1572026748562
420.580644035438 94.2441261004314 771 1572026748562
424.486600073944 95.1063948666316 772 1572026748577
428.360718679386 96.0955765368176 771 1572026748585
432.265844545345 96.9606003626606 771 1572026748600
436.229355657141 97.4738219060003 772 1572026748615
440.132510573819 98.305691221833 774 1572026748645
444.002563726857 99.3169718914099 774 1572026748645
447.877830677826 100.307765310896 774 1572026748675
451.760499411946 101.269473947172 774 1572026748675
455.655569804773 102.170857008167 774 1572026748697
459.602742571865 102.818797705084 774 1572026748697
463.548309740003 103.476344068894 776 1572026748727
467.491633883044 104.147309569431 776 1572026748727
471.406441389995 104.954404805567 775 1572026748735
475.373651715753 105.45341338037 775 1572026748750
479.269037285623 106.351880539554 776 1572026748772
483.194628345538 106.975474593146 774 1572026748780
487.16731295253 107.415212033995 775 1572026748795
491.020283472099 108.471197760364 776 1572026748810
494.9519984349 109.133612232663 776 1572026748832
498.88420938685 109.863929848605 777 1572026748840
502.856529912155 110.235298704432 776 1572026748855
506.694893252239 111.30364289366 776 1572026748870
510.602764985908 112.064044788853 774 1572026748892
514.514720505027 112.898033814957 775 1572026748930
518.439097095649 113.672158078223 775 1572026748930
522.363473686272 114.446282341489 775 1572026748930
526.226033148073 115.481409049224 775 1572026748953
530.118510559131 116.366506499852 775 1572026748968
534.005165313969 117.234743501456 776 1572026748983
537.802440101854 118.485145666344 776 1572026749005
541.760920382657 118.98890609185 775 1572026749020
545.623113427198 119.955696385212 774 1572026749028
549.543313757561 120.634024164201 775 1572026749043
553.463024646859 121.269031303764 776 1572026749065
557.331299264014 122.285582862387 775 1572026749080
561.206927734597 123.200734944518 775 1572026749095
565.088107923059 124.15030999557 776 1572026749118
568.799047137208 125.594660000221 776 1572026749133
572.570374189386 126.880924437619 777 1572026749155
576.417467662116 127.974605878564 776 1572026749163
580.196148792642 129.236120684 776 1572026749185
584.15493059851 129.645067620374 778 1572026749200
588.060182617623 130.494205312466 779 1572026749230
591.903203504986 131.589491813638 778 1572026749238
595.659405451203 132.914383107654 780 1572026749253
599.504693891431 134.007361796829 780 1572026749275
603.308582593138 135.244066247452 780 1572026749283
607.097313003515 136.441113245712 782 1572026749305
610.840725827391 137.83335842217 783 1572026749321
614.632896228291 139.077249148351 783 1572026749336
618.368540145591 140.489825357876 784 1572026749343
622.318432620752 141.120102628445 784 1572026749358
626.150745722994 142.259834793044 785 1572026749381
629.800362965686 143.840950020381 783 1572026749396
633.418616967906 145.532026616664 786 1572026749418
637.121065651683 147.028171279649 784 1572026749441
640.525648609838 148.920402064077 784 1572026749456
644.065341715787 150.777848065889 784 1572026749493
647.727661570276 152.159879024596 784 1572026749516
651.640930538826 152.749132988054 786 1572026749546
655.418818064921 153.802922065817 784 1572026749568
END STROKE
===NOTES===
Great Job
