1.00
USERID - 01/01/2000 01:00:00 AM - F - HS - EN - N/A
11/14/2019 12:59:1:932
11/14/2019 13:2:23:715
287.808259956435 178.224495331646 679 1573758142404
288.074714232463 174.236207683301 684 1573758142434
288.633508180564 170.27543132966 684 1573758142434
289.067170193861 166.306962044404 752 1573758142472
288.997756310792 162.30756437565 752 1573758142472
288.928342427724 158.308166706895 752 1573758142472
288.858928544656 154.308769038141 752 1573758142472
288.838598321509 150.310434629113 762 1573758142502
289.081137270823 146.317794542896 762 1573758142502
289.323676220138 142.325154456679 762 1573758142502
289.566215169452 138.332514370463 762 1573758142502
290.196614248036 134.391338349421 771 1573758142539
291.003680568237 130.473603805734 771 1573758142539
291.810746888437 126.555869262047 771 1573758142539
292.617813208638 122.63813471836 771 1573758142539
293.466484451755 118.730361273683 786 1573758142554
294.521199411639 114.871919055197 786 1573758142554
295.588516886085 111.017488361905 805 1573758142569
296.958255973925 107.259321943125 805 1573758142569
298.242628989462 103.475421899099 825 1573758142592
299.178148916571 99.5863599985907 825 1573758142592
300.11366884368 95.6972980980828 825 1573758142592
301.049188770789 91.8082361975749 825 1573758142592
301.594329451959 87.8478207662797 823 1573758142607
302.193617751425 83.8975654836404 825 1573758142630
303.149196179649 80.0133834761241 825 1573758142630
304.104774607873 76.1292014686079 825 1573758142630
304.788572535624 72.195265501667 826 1573758142652
305.270980435401 68.2244617268333 826 1573758142652
305.753388335178 64.2536579519997 826 1573758142652
306.223289234798 60.2815689064265 828 1573758142667
306.558547534433 56.2956434339013 828 1573758142667
306.893805834069 52.3097179613761 828 1573758142667
307.920014626078 48.4923652506478 831 1573758142675
309.225331672789 44.7678289745831 836 1573758142682
308.742908660604 40.7970270357659 836 1573758142682
309.036275304662 36.8116009746987 834 1573758142727
309.368704541448 32.8254385592257 834 1573758142727
309.701133778234 28.8392761437526 834 1573758142727
310.033563015019 24.8531137282795 834 1573758142727
310.365992251805 20.8669513128065 834 1573758142727
310.698421488591 16.8807888973334 834 1573758142727
311.030850725377 12.8946264818604 834 1573758142727
311.549403624036 8.93645046784445 833 1573758142742
312.403925210417 5.02879223580708 833 1573758142742
312.934691240754 1.06957086154771 834 1573758142772
313.336367849059 -2.91021002467459 834 1573758142772
313.738044457364 -6.88999091089689 834 1573758142772
314.139721065669 -10.8697717971192 834 1573758142772
314.675006164226 -14.8317132642295 836 1573758142795
315.331547418262 -18.7774645972139 836 1573758142795
315.988088672298 -22.7232159301984 836 1573758142795
316.49364933882 -26.6885774971316 836 1573758142810
316.866881710085 -30.6711266301669 836 1573758142810
317.13637391764 -34.6585262422473 836 1573758142825
317.13637391764 -38.6585262422473 836 1573758142825
317.482387631814 -42.6155445575995 834 1573758142832
318.199922194317 -46.5414655614688 835 1573758142847
318.649481448567 -50.5161223362002 835 1573758142847
318.819681569988 -54.5065275609239 835 1573758142855
319.156645202117 -58.4898210936449 836 1573758142870
319.552308113539 -62.4702043491274 836 1573758142870
320.243302253932 -66.4057570628793 836 1573758142877
320.442656812237 -70.3787315470785 836 1573758142900
320.353418972787 -74.3777359991904 836 1573758142900
320.264181133336 -78.3767404513022 836 1573758142900
320.50244559765 -82.3578040783363 836 1573758142915
321.027975566588 -86.3231310827268 836 1573758142915
321.545153643404 -90.2895424675041 835 1573758142937
322.049666281736 -94.2575982884022 835 1573758142937
322.554178920068 -98.2256541093002 835 1573758142937
323.931122797306 -101.910984053385 836 1573758142945
323.768768287633 -105.156375699712 836 1573758142952
323.494841116384 -108.969224408996 835 1573758142975
323.718762779736 -112.962951876999 835 1573758142975
323.958599749511 -116.9556893856 836 1573758143005
324.231322691017 -120.94638133026 836 1573758143005
324.504045632522 -124.93707327492 836 1573758143005
324.711338620286 -128.929998349023 835 1573758143013
325.10842989089 -132.89683299447 836 1573758143035
325.77196712092 -136.841413877703 836 1573758143035
326.441312167999 -140.784946100278 835 1573758143050
327.19916863663 -144.712496682123 835 1573758143050
327.522363505307 -148.698174775105 828 1573758143073
327.8181709564 -152.687188639363 838 1573758143088
328.060709052186 -156.679828777428 838 1573758143088
326.519778236097 -159.891016268761 821 1573758143155
END STROKE
368.786529279672 182.314948408615 832 1573757980823
372.756326356845 181.824325166127 832 1573757980823
376.750197719004 181.769927612987 832 1573757980860
380.74987504449 181.820734029811 832 1573757980860
384.749552369977 181.871540446636 832 1573757980860
388.749229695463 181.92234686346 832 1573757980860
392.748907020949 181.973153280284 832 1573757980860
396.726613096223 182.351289593351 833 1573757980883
400.697201309911 182.835468524446 833 1573757980883
404.6677895236 183.319647455541 833 1573757980883
408.640408652213 183.78663392821 832 1573757980898
412.614524636691 184.240948953179 832 1573757980898
416.573993217997 184.790874199454 833 1573757980905
420.501851404646 185.547134779927 833 1573757980905
424.498743735773 185.539577811964 835 1573757980943
428.498546169913 185.499822462084 835 1573757980943
432.498348604054 185.460067112204 835 1573757980943
436.498151038194 185.420311762324 835 1573757980943
440.497953472335 185.380556412444 835 1573757980943
444.497755906475 185.340801062564 835 1573757980943
448.492663204449 185.178999361211 842 1573757980980
452.482801157765 184.898287563262 842 1573757980980
456.472939111081 184.617575765312 842 1573757980980
460.463077064397 184.336863967363 842 1573757980980
464.453215017713 184.056152169413 842 1573757980980
468.443352971029 183.775440371464 842 1573757980980
472.433490924345 183.494728573515 842 1573757980980
476.424054798643 183.220452802617 841 1573757981003
480.416387377818 182.972903661509 841 1573757981003
484.408719956992 182.725354520401 841 1573757981003
488.401052536166 182.477805379293 841 1573757981003
492.393530972267 182.251351412125 842 1573757981010
496.388904910691 182.44367169748 842 1573757981010
500.374443336113 182.22514369558 842 1573757981018
504.357282561236 182.115731603782 842 1573757981033
508.342196920497 182.462801552581 842 1573757981033
END STROKE
288.936784177724 181.492469740052 829 1573757980710
292.932158023431 181.684791951581 829 1573757980710
296.927531869137 181.877114163109 829 1573757980710
300.922906482832 182.069420418619 829 1573757980718
304.917977509024 182.267247969272 828 1573757980748
308.910361651345 182.51396412226 828 1573757980748
312.902745793666 182.760680275248 828 1573757980748
316.895129935987 183.007396428236 828 1573757980748
320.887514078308 183.254112581224 828 1573757980748
324.879898220628 183.500828734212 828 1573757980748
328.879149373077 183.52508769424 829 1573757980763
332.879149373077 183.52508769424 829 1573757980763
336.876925310492 183.42290594045 829 1573757980770
340.871252462556 183.314115251367 830 1573757980778
344.850757395523 183.718516646629 830 1573757980778
348.845988873727 183.678828190502 829 1573757980793
352.844131322588 183.556939066215 829 1573757980793
356.839117241204 183.361558979398 832 1573757980808
360.832986519118 183.14018104252 832 1573757980808
364.816732202499 182.805571651103 832 1573757980823
END STROKE
509.315718843635 184.294814479313 93 1573758020389
512.218214740326 181.896878324709 522 1573758020494
515.399675016447 179.676306949164 586 1573758020547
519.114919395903 181.078279920172 602 1573758020614
523.056002985629 181.472401367539 681 1573758020637
527.017762254718 181.728993275864 677 1573758020659
530.998616238616 181.44856544382 682 1573758020682
534.965206349987 180.959217550888 697 1573758020689
538.946919593508 181.220420386091 696 1573758020704
542.905595472753 181.190817300527 723 1573758020734
546.90346334989 181.060232320714 723 1573758020734
550.901814033862 180.959217550888 752 1573758020742
554.851810442559 180.570081531481 752 1573758020749
558.616152018503 179.223797507091 754 1573758020772
562.365714295761 177.830677724387 754 1573758020772
566.195806829851 176.717253427909 757 1573758020787
570.112097919499 175.903211597814 757 1573758020787
574.033258616221 175.324934334824 756 1573758020802
577.841634491919 174.54456666246 757 1573758020809
581.783396217275 173.934056483387 758 1573758020824
585.741411112457 173.426870691328 762 1573758020839
589.734657373377 173.32332099385 791 1573758020847
593.699679599798 173.221816229317 788 1573758020862
597.634395745764 172.502087912048 788 1573758020862
601.632328210994 172.396999799872 789 1573758020892
605.631170142804 172.300754257648 789 1573758020892
609.62449530603 172.112703158749 790 1573758020907
613.606086771572 171.72938944713 790 1573758020907
617.572666411962 172.230476904167 789 1573758020922
621.547629264233 172.525744897944 799 1573758020945
625.499295146621 172.872840217761 799 1573758020960
629.473041295316 172.415358542115 802 1573758020975
633.444880004822 171.941547117954 802 1573758020975
637.429803581462 171.815541087646 816 1573758020990
641.426252381006 171.978696519108 815 1573758020997
645.417634002215 171.85558465433 818 1573758021012
649.378620206263 171.298280167237 818 1573758021012
653.288464033658 171.394825769989 815 1573758021020
657.248362965716 171.679703551083 838 1573758021050
661.246730219891 171.565426253534 838 1573758021050
665.244992039595 171.447841227973 837 1573758021065
669.242520462027 171.307247800508 837 1573758021065
673.229049420672 171.041226165368 836 1573758021072
677.20468323954 170.672214767849 837 1573758021110
END STROKE
381.9731606978 -112.876236851608 819 1573758141186
384.764455395064 -110.011325951986 819 1573758141163
387.551324770278 -107.142071903991 820 1573758141148
390.377385256013 -104.311280118824 820 1573758141148
393.232924358286 -101.512938594404 822 1573758141133
396.308807380576 -98.9560895580361 823 1573758141126
399.335915189911 -96.3413967824577 823 1573758141126
402.249651381562 -93.6052999783467 824 1573758141111
405.065121637198 -90.7639750691495 824 1573758141111
407.880591892835 -87.9226501599523 824 1573758141111
410.696062148472 -85.0813252507551 824 1573758141111
413.511532404109 -82.2400003415578 824 1573758141111
416.327002659746 -79.3986754323606 824 1573758141111
419.335163380834 -76.7671739585274 825 1573758141051
422.405458286284 -74.2033312969031 825 1573758141051
425.319573660033 -71.4684433331394 826 1573758141028
428.151246665084 -68.6432658179267 826 1573758141028
430.982919670136 -65.818088302714 826 1573758141028
433.814592675187 -62.9929107875013 826 1573758141028
436.742566672968 -60.276974810623 826 1573758140990
439.900581463047 -57.8219915956812 826 1573758140990
442.798707403172 -55.0894971423555 826 1573758140975
445.502240055101 -52.1458360608125 826 1573758140960
448.481480784222 -49.4767304656844 826 1573758140960
451.460721513344 -46.8076248705564 826 1573758140960
454.439962242465 -44.1385192754284 826 1573758140960
457.419202971587 -41.4694136803004 826 1573758140960
460.354294515592 -38.7525218517759 814 1573758140923
463.250413086252 -35.9934464224567 814 1573758140923
466.146531656913 -33.2343709931374 814 1573758140923
469.042650227574 -30.4752955638182 814 1573758140923
471.938768798235 -27.716220134499 814 1573758140923
474.834887368896 -24.9571447051798 814 1573758140923
477.731005939557 -22.1980692758605 814 1573758140923
480.727073430973 -19.5512670855645 828 1573758140870
483.80284216436 -16.9939937918547 828 1573758140870
486.832930606348 -14.3835272330336 828 1573758140855
489.825588296976 -11.7294737394642 828 1573758140855
492.818245987603 -9.0754202458947 828 1573758140855
495.810903678231 -6.42136675232522 828 1573758140855
498.803561368858 -3.76731325875574 828 1573758140855
501.796219059485 -1.11325976518626 828 1573758140855
504.892216510208 1.40979358137408 829 1573758140818
508.170102855947 3.70227282979035 829 1573758140818
511.447989201686 5.99475207820664 829 1573758140818
514.487764614891 8.56353239948533 830 1573758140803
517.266623776447 11.4388192842028 830 1573758140795
520.234956287278 14.1200507373116 830 1573758140795
523.20328879811 16.8012821904203 830 1573758140795
526.171621308942 19.482513643529 830 1573758140795
529.139953819774 22.1637450966377 830 1573758140795
532.108286330605 24.8449765497464 830 1573758140795
535.076618841437 27.5262080028551 830 1573758140795
538.044951352269 30.2074394559638 830 1573758140795
541.084481648806 32.8050742111674 832 1573758140758
544.204018111275 35.3087699313637 832 1573758140758
547.323554573744 37.81246565156 832 1573758140758
550.443091036212 40.3161613717564 832 1573758140758
553.54480339454 42.8398326232183 832 1573758140735
556.386290276165 45.6551394096182 832 1573758140735
559.301129982221 48.394148676506 824 1573758140728
562.226039043006 51.1226843618397 824 1573758140728
565.150948103791 53.8512200471734 824 1573758140728
568.075857164575 56.5797557325071 824 1573758140728
571.020645807705 59.2849105274501 821 1573758140698
574.184044015809 61.7329529651872 821 1573758140698
577.150482624831 64.4149756435149 821 1573758140690
580.102189599032 67.1144989233655 821 1573758140690
583.082137245112 69.7822232834256 819 1573758140675
586.111405020794 72.3944133115851 819 1573758140675
589.140672796475 75.0066033397445 819 1573758140675
592.087415769791 77.6948370063978 815 1573758140653
594.534634463016 80.8475858329228 811 1573758140645
597.425761708282 83.6118910352621 811 1573758140645
600.31210083226 86.3809690153311 808 1573758140630
603.067112320402 89.2809537911893 808 1573758140630
605.822123808543 92.1809385670475 808 1573758140630
608.577135296684 95.0809233429057 808 1573758140630
611.332146784826 97.9809081187639 808 1573758140630
614.087158272967 100.880892894622 808 1573758140630
617.046809213698 103.562231665931 807 1573758140592
620.122577947085 106.119504959641 807 1573758140592
622.957383505163 108.928922183751 805 1573758140577
626.026906277342 111.448254816427 806 1573758140570
629.064078793194 114.029694283473 805 1573758140562
631.952324479142 116.797010105276 805 1573758140562
634.787041271707 119.618512634588 806 1573758140547
637.58942613424 122.472744419543 806 1573758140547
640.391810996773 125.326976204498 806 1573758140547
643.194195859306 128.181207989452 806 1573758140547
646.105009009031 130.906154885979 804 1573758140517
649.216960482978 133.403829802265 795 1573758140510
652.202871547496 136.065242073135 786 1573758140502
655.204688898625 138.708931273942 786 1573758140502
658.132429691556 141.424135106306 780 1573758140480
660.774426426955 144.407723641962 781 1573758140472
663.343335694879 147.40685316328 782 1573758140465
665.559608969168 150.736737962139 782 1573758140465
668.259613927788 153.677560613765 768 1573758140450
670.808612176142 156.734490825928 766 1573758140435
673.431595219703 159.739478481722 738 1573758140427
676.013737035947 162.789694973089 729 1573758140412
678.488019297694 165.932611976322 729 1573758140412
680.897849637995 169.124363248357 686 1573758140390
END STROKE
333.563129374137 -170.443877421875 827 1573758144083
335.663068495761 -167.085817420228 827 1573758144053
338.4999460737 -164.348663216815 827 1573758144023
341.434579874102 -161.68373389699 827 1573758144008
344.276584690942 -158.891057558098 822 1573758143970
347.229933293483 -156.363055026411 824 1573758143948
349.804663447768 -153.301884558662 824 1573758143948
352.849976739717 -150.713982064898 826 1573758143933
355.315478919633 -147.600955256628 807 1573758143903
357.684239232846 -144.484235382586 794 1573758143873
360.090732119678 -141.400461754102 788 1573758143850
362.929100790733 -138.592568971319 788 1573758143835
365.726336113561 -135.733290295022 788 1573758143835
368.495225632208 -132.846718883817 767 1573758143813
371.183762871412 -129.887869050003 760 1573758143798
372.70160595266 -126.206326083607 742 1573758143783
374.732511160029 -123.057480955028 742 1573758143760
377.200990167442 -119.992345239333 685 1573758143737
379.561640423207 -116.807046879306 634 1573758143715
END STROKE
===NOTES===
Great Job
