1.00
USERID - 01/01/2000 01:00:00 AM - F - HS - EN - N/A
11/15/2019 11:9:24:412
11/15/2019 11:10:24:449
234.334199591558 68.3947629963302 642 1573837821193
234.131996901008 72.3895023572057 644 1573837821208
234.131996901008 76.3895023572057 644 1573837821208
233.776130036715 80.3567024450574 683 1573837821276
233.810561082941 84.3565542551943 683 1573837821276
233.844992129168 88.3564060653313 683 1573837821276
233.879423175394 92.3562578754682 683 1573837821276
233.91385422162 96.3561096856052 683 1573837821276
233.948285267846 100.355961495742 683 1573837821276
233.615213751957 104.332305850465 694 1573837821313
233.738359472476 108.330409792526 694 1573837821313
233.861505192995 112.328513734586 694 1573837821313
233.950659464759 116.327141038368 693 1573837821321
234.284201743448 120.297407287367 690 1573837821336
234.624468847413 124.242035648705 690 1573837821343
234.816332629968 128.234475400884 715 1573837821358
234.951826528976 132.232169188871 734 1573837821404
235.081679615315 136.23006090526 734 1573837821404
235.211532701653 140.227952621649 734 1573837821404
235.341385787992 144.225844338037 734 1573837821404
235.429544580938 148.224687674855 732 1573837821441
235.482225515131 152.224340749707 732 1573837821441
235.534906449323 156.223993824559 732 1573837821441
235.57348148563 160.223582459487 729 1573837821464
235.484260310962 164.222587283439 729 1573837821464
235.361996622719 168.218825344837 741 1573837821471
235.06897466813 172.195101727115 742 1573837821539
235.138388761288 176.194499392223 742 1573837821539
235.207802854447 180.193897057331 742 1573837821539
235.277216947605 184.193294722439 742 1573837821539
235.346631040764 188.192692387547 742 1573837821539
235.443875570628 192.191157308919 740 1573837821554
235.462674471824 196.181785450189 740 1573837821569
235.328400268503 200.165913429121 746 1573837821591
235.658631759923 204.149458040885 747 1573837821599
235.766810920386 208.114996687675 764 1573837821621
235.488369622653 212.105291519928 760 1573837821636
235.748064708229 216.080086491109 762 1573837821651
235.933087775991 220.075383638865 766 1573837821674
236.347286820197 224.035176367557 762 1573837821726
236.500637639458 228.032235727416 762 1573837821726
236.65398845872 232.029295087274 762 1573837821726
236.688123745063 236.008119454735 763 1573837821764
END STROKE
236.531921270392 238.62617695155 774 1573837769314
240.52345635853 238.366085351988 774 1573837769314
244.514991446668 238.105993752426 774 1573837769314
248.506526534806 237.845902152864 774 1573837769314
252.498061622944 237.585810553302 774 1573837769314
256.489596711082 237.32571895374 774 1573837769314
260.48113179922 237.065627354178 774 1573837769314
264.473804423802 236.824463129333 771 1573837769359
268.467758825914 236.604626294728 771 1573837769359
272.461713228026 236.384789460123 771 1573837769359
276.455667630138 236.164952625518 771 1573837769359
280.44962203225 235.945115790913 771 1573837769359
284.443576434362 235.725278956308 771 1573837769359
288.437530836474 235.505442121704 771 1573837769359
292.431485238587 235.285605287099 771 1573837769359
296.425439640699 235.065768452494 771 1573837769359
300.419394042811 234.845931617889 771 1573837769359
304.414459802701 234.647918260931 767 1573837769411
308.410084814056 234.46088679664 767 1573837769411
312.405709825411 234.273855332349 767 1573837769411
316.401334836766 234.086823868058 767 1573837769411
320.396959848121 233.899792403768 767 1573837769411
324.392584859476 233.712760939477 767 1573837769411
328.388209870831 233.525729475186 767 1573837769411
332.383834882186 233.338698010895 767 1573837769411
336.379459893541 233.151666546605 767 1573837769411
340.375084904896 232.964635082314 767 1573837769411
344.370709916251 232.777603618023 767 1573837769411
348.366429615254 232.592679907855 765 1573837769464
352.362730178172 232.420686271869 765 1573837769464
356.35903074109 232.248692635883 765 1573837769464
360.355331304008 232.076698999897 765 1573837769464
364.351631866926 231.904705363911 765 1573837769464
END STROKE
368.347932429844 231.732711727925 765 1573837769464
372.344232992763 231.560718091939 765 1573837769464
376.340533555681 231.388724455953 765 1573837769464
380.336834118599 231.216730819966 765 1573837769464
384.333134681517 231.04473718398 765 1573837769464
388.329435244435 230.872743547994 765 1573837769464
392.325735807354 230.700749912008 765 1573837769464
396.324009032819 230.601578213178 764 1573837769592
400.323760266191 230.55696799981 764 1573837769592
404.323511499564 230.512357786442 764 1573837769592
408.323262732936 230.467747573074 764 1573837769592
412.323013966308 230.423137359706 764 1573837769592
416.322765199681 230.378527146339 764 1573837769592
420.322516433053 230.333916932971 764 1573837769592
424.322267666425 230.289306719603 764 1573837769592
428.322018899798 230.244696506235 764 1573837769592
432.32177013317 230.200086292867 764 1573837769592
436.321521366542 230.1554760795 764 1573837769592
440.321272599914 230.110865866132 764 1573837769592
444.321023833287 230.066255652764 764 1573837769592
448.320775066659 230.021645439396 764 1573837769592
452.320526300031 229.977035226028 764 1573837769592
456.320277533404 229.932425012661 764 1573837769592
460.320028766776 229.887814799293 764 1573837769592
464.319780000148 229.843204585925 764 1573837769592
468.319531233521 229.798594372557 764 1573837769592
472.319282466893 229.753984159189 764 1573837769592
476.319033700265 229.709373945822 764 1573837769592
480.318784933638 229.664763732454 764 1573837769592
484.31853616701 229.620153519086 764 1573837769592
488.318287400382 229.575543305718 764 1573837769592
492.318038633754 229.530933092351 764 1573837769592
496.317789867127 229.486322878983 764 1573837769592
500.317393680568 229.430873604833 765 1573837769607
504.316878669922 229.366687781414 765 1573837769607
508.316363659277 229.302501957996 765 1573837769607
512.314279480706 229.427241544955 764 1573837769614
516.313266237504 229.420675551046 765 1573837769629
520.312732669029 229.355343605506 765 1573837769629
524.311940945067 229.279472406398 764 1573837769637
528.309809634799 229.148912306586 764 1573837769637
532.307806982643 229.247209434401 764 1573837769644
536.306965947755 229.300567683634 765 1573837769659
540.306965947755 229.300567683634 765 1573837769659
544.306965947755 229.300567683634 765 1573837769659
548.304689423311 229.166092805867 765 1573837769667
552.300197128852 228.978731189096 763 1573837769682
556.295043034187 228.775738103911 763 1573837769682
560.291528305314 228.637311143664 765 1573837769697
564.291528305314 228.637311143664 765 1573837769697
568.291528305314 228.637311143664 764 1573837769704
572.291528305314 228.637311143664 764 1573837769704
576.290343397612 228.543997792772 765 1573837769727
580.289053659778 228.442428903597 765 1573837769727
584.287763921944 228.340860014421 765 1573837769727
588.285496374696 228.208115244552 763 1573837769742
592.28271216668 228.058897576981 763 1573837769742
596.280829359423 227.941876160195 766 1573837769757
600.280132507189 227.867214709133 766 1573837769757
604.278917339996 227.774810953985 766 1573837769772
608.275758591359 227.615876969579 766 1573837769772
612.272631626463 227.495528438356 765 1573837769779
616.269831934292 227.642489585335 764 1573837769794
620.269831934292 227.642489585335 764 1573837769794
624.269831934292 227.642489585335 765 1573837769809
628.269831934292 227.642489585335 765 1573837769809
632.269242834734 227.627651634448 765 1573837769817
636.256665413714 227.310895660688 763 1573837769854
640.256527213627 227.344145947817 763 1573837769854
644.256389013541 227.377396234946 763 1573837769854
648.256250813454 227.410646522075 763 1573837769854
652.256112613367 227.443896809203 763 1573837769854
656.255976505058 227.47664382453 764 1573837769877
660.255976505058 227.47664382453 764 1573837769877
664.255976505058 227.47664382453 764 1573837769877
668.254752015377 227.559655451374 765 1573837769892
672.253530143862 227.642489585335 765 1573837769907
676.253530143862 227.642489585335 765 1573837769907
680.253530143862 227.642489585335 766 1573837769937
END STROKE
235.944956303696 65.9774081878836 232 1573837823210
237.305789795289 65.6812802205893 647 1573837823315
241.036268599795 67.1247232880968 647 1573837823315
244.427371920569 69.2070439381129 644 1573837823337
247.777661699177 71.3867735258769 667 1573837823360
251.23478181365 73.3988173907329 667 1573837823360
254.766062830906 75.2742010038321 666 1573837823382
258.338967768805 77.0726108503746 690 1573837823428
261.920054839749 78.8546926078473 690 1573837823428
265.501141910693 80.6367743653199 690 1573837823428
269.082228981637 82.4188561227926 690 1573837823428
272.753645030415 83.9944499854353 691 1573837823443
276.297235772412 85.8212427169528 694 1573837823488
280.045496824898 87.2178597304585 694 1573837823488
283.793757877384 88.6144767439643 694 1573837823488
287.542018929871 90.0110937574701 694 1573837823488
291.268395040734 91.4632564032107 699 1573837823525
294.961954000425 92.9987114534436 699 1573837823525
298.655512960116 94.5341665036765 699 1573837823525
302.349071919807 96.0696215539095 699 1573837823525
306.105017083384 97.4383809585824 703 1573837823555
309.89911460154 98.7051974499176 703 1573837823555
313.693212119697 99.9720139412527 703 1573837823555
317.391901020935 101.480809942841 703 1573837823563
321.183700715136 102.747642849215 703 1573837823585
324.990301175836 103.97637916454 703 1573837823585
328.761946919718 105.304123584142 719 1573837823623
332.496232362573 106.737689847442 719 1573837823623
336.230517805429 108.171256110743 719 1573837823623
339.964803248285 109.604822374044 719 1573837823623
343.72195437084 110.976032954833 720 1573837823638
347.497751197958 112.296395905057 720 1573837823638
351.277062265303 113.606662170201 718 1573837823668
355.056686056952 114.916029954134 718 1573837823668
358.836309848601 116.225397738068 718 1573837823668
362.653915178559 117.417405824733 720 1573837823705
366.48401702443 118.570800748536 720 1573837823705
370.314118870301 119.724195672338 720 1573837823705
374.144220716172 120.877590596141 720 1573837823705
377.970885293758 122.042329790773 723 1573837823728
381.797040566954 123.208749880359 723 1573837823728
385.637408979262 124.326083524835 732 1573837823735
389.433307398238 125.572727214109 733 1573837823750
393.171107060687 126.997105563915 733 1573837823750
396.921530941256 128.387763526926 734 1573837823788
400.675763659621 129.768247752247 734 1573837823788
404.429996377986 131.148731977567 734 1573837823788
408.184229096351 132.529216202887 734 1573837823788
411.950111617879 133.870954307993 734 1573837823811
415.843152149665 134.789777151568 734 1573837823811
419.73619268145 135.708599995144 734 1573837823811
423.625835660424 136.64125651188 737 1573837823826
427.50159269229 137.630451856564 737 1573837823826
431.363494684551 138.667227580289 742 1573837823863
435.164415655769 139.913421694605 742 1573837823863
438.965336626987 141.15961580892 742 1573837823863
442.766257598205 142.405809923235 742 1573837823863
446.567178569424 143.65200403755 742 1573837823863
450.377230298094 144.867080598628 754 1573837823916
454.248879770694 145.872232508199 754 1573837823916
458.120529243294 146.877384417771 754 1573837823916
461.992178715894 147.882536327342 754 1573837823916
465.863828188494 148.887688236914 754 1573837823916
469.735477661094 149.892840146485 754 1573837823916
473.607127133694 150.897992056057 754 1573837823916
477.478776606295 151.903143965628 754 1573837823916
481.330224727003 152.982711312745 757 1573837823968
485.178677117984 154.073313987577 757 1573837823968
489.027129508966 155.163916662408 757 1573837823968
492.875581899947 156.254519337239 757 1573837823968
496.724034290929 157.34512201207 757 1573837823968
500.57248668191 158.435724686902 757 1573837823968
504.408536854119 159.565769118063 758 1573837823983
508.188587993287 160.873902668307 758 1573837823983
511.924509449648 162.295604782614 758 1573837824006
515.596061294015 163.882963297292 758 1573837824006
519.267613138383 165.47032181197 758 1573837824006
522.96266274193 167.001646886815 763 1573837824013
526.513969779548 168.834056030087 763 1573837824028
530.0633252607 170.669072645165 765 1573837824058
533.792468226442 172.11596336013 765 1573837824058
537.521611192185 173.562854075094 765 1573837824058
541.250754157928 175.009744790059 765 1573837824058
545.083664311458 176.151432367484 768 1573837824081
548.921916005139 177.277409248219 768 1573837824081
552.687726159964 178.604853153673 769 1573837824096
556.364137102127 180.180925037932 769 1573837824096
560.137517454751 181.504023914401 771 1573837824126
563.925443636593 182.789175750144 771 1573837824126
567.713369818436 184.074327585887 771 1573837824126
571.54697974799 185.18329261259 774 1573837824148
575.221142654751 186.764598065239 774 1573837824148
579.001636845786 188.033023917541 774 1573837824156
582.688025273429 189.535509317035 773 1573837824179
586.525644083298 190.663641343946 773 1573837824179
590.361861124646 191.796526355605 774 1573837824194
594.197677933975 192.930768440724 775 1573837824209
598.035292585045 194.058914614716 775 1573837824209
601.814160914115 195.366473659059 775 1573837824231
605.575815012603 196.72660543331 775 1573837824231
609.350620269588 198.049549653709 772 1573837824276
613.131036898115 199.356626588993 772 1573837824276
616.911453526642 200.663703524278 772 1573837824276
620.69187015517 201.970780459563 772 1573837824276
624.529859408815 203.092608321064 773 1573837824306
628.38519876534 204.158609468356 773 1573837824306
632.103141924102 205.606078556729 774 1573837824329
635.777238171138 207.123807672255 773 1573837824336
639.458388031062 208.67017738374 777 1573837824351
643.182533222799 210.129883720933 778 1573837824374
646.919372572047 211.516615327782 776 1573837824396
650.24306698869 213.710653130224 776 1573837824419
653.758717799057 215.579576962736 775 1573837824434
657.313190663429 217.391709137011 776 1573837824449
END STROKE
===NOTES===
Great Job
