1.00
USERID - 01/01/2000 01:00:00 AM - F - HS - EN - N/A
11/13/2019 10:52:8:138
11/13/2019 10:52:37:730
250.638738977787 15.3080581673617 536 1573663953552
250.663325456797 15.8364697057589 536 1573663953552
250.687911935807 16.364881244156 536 1573663953552
250.712498414816 16.8932927825532 536 1573663953552
250.737084893826 17.4217043209503 536 1573663953552
250.761671372836 17.9501158593475 536 1573663953552
250.786257851846 18.4785273977446 536 1573663953552
250.810844330856 19.0069389361418 536 1573663953552
250.835430809865 19.5353504745389 536 1573663953552
250.860017288875 20.0637620129361 536 1573663953552
250.884603767885 20.5921735513333 536 1573663953552
250.909190246895 21.1205850897304 536 1573663953552
250.933776725904 21.6489966281276 536 1573663953552
250.958363204914 22.1774081665247 536 1573663953552
250.795213292479 22.680276692677 531 1573663953567
250.630344864355 23.182911401257 531 1573663953567
250.465476436231 23.685546109837 531 1573663953567
250.321677956306 24.1945125009668 529 1573663953574
250.370053831826 24.6969956769981 522 1573663953582
250.437608678124 25.2140496502301 522 1573663953589
250.784949125514 25.3218707777679 432 1573663953642
END STROKE
247.742792840064 -28.8952372882922 623 1573663952824
247.524273106837 -27.7974616668264 627 1573663952809
247.203650119136 -26.681471429021 625 1573663952787
247.210075427554 -25.5206246830936 620 1573663952757
247.352519911955 -24.3641195815756 627 1573663952742
247.341673042943 -23.2218236330933 629 1573663952734
247.41906649971 -22.0783084577636 631 1573663952719
247.137973800537 -20.9455660790057 632 1573663952704
247.137973800537 -19.7699464146708 632 1573663952704
246.968061054152 -18.6180176556674 619 1573663952674
247.197298129145 -17.4649643357296 619 1573663952674
247.540083072497 -16.3466831093109 617 1573663952659
247.995811675238 -15.2629889477438 617 1573663952659
248.316551611126 -14.1379569370681 609 1573663952644
248.545786774246 -12.984903237035 609 1573663952644
248.775021937367 -11.8318495370019 609 1573663952644
248.874609789074 -10.6660333246152 611 1573663952621
248.969144825993 -9.4983095054317 611 1573663952614
249.164166781244 -8.33897865009262 611 1573663952614
249.221950236465 -7.16818523039257 615 1573663952599
249.221950236465 -5.99256556605761 615 1573663952599
249.221950236465 -4.81694590172265 615 1573663952599
249.490575758194 -3.67738044054872 595 1573663952576
249.622463143729 -2.51393890483716 597 1573663952569
249.693732736521 -1.34048151732185 597 1573663952569
249.799135669675 -0.170718762401084 584 1573663952554
249.954233287148 0.99406847598094 583 1573663952546
250.060893243459 2.1648396956865 583 1573663952546
250.16755319977 3.33561091539205 583 1573663952546
END STROKE
245.17787824277 -53.4099032780765 626 1573663955357
245.71246494794 -49.4630777018472 629 1573663955319
246.269589557853 -45.5258844057697 623 1573663955274
246.743391762024 -41.5949967159167 594 1573663955207
246.095952458366 -37.870339949012 495 1573663955079
246.024587250194 -35.2576013727203 549 1573663954846
246.485774192174 -31.7211275575753 468 1573663954764
247.658951347415 -29.4375238858983 72 1573663954613
END STROKE
253.780250618114 28.5725794960628 551 1573663941918
253.577759940539 32.5674508989361 551 1573663941918
253.375269262964 36.5623223018094 551 1573663941918
253.172778585388 40.5571937046828 551 1573663941918
252.970287907813 44.5520651075561 551 1573663941918
252.767797230237 48.5469365104294 551 1573663941918
252.659752977499 52.5448541287194 572 1573663941956
252.604394471347 56.5444710398493 572 1573663941956
252.549035965195 60.5440879509793 572 1573663941956
252.493677459043 64.5437048621092 572 1573663941956
252.438318952891 68.5433217732391 572 1573663941956
252.382960446739 72.5429386843691 572 1573663941956
252.387287031528 76.5421699658254 608 1573663942046
252.494322384642 80.5407376385282 608 1573663942046
252.601357737756 84.5393053112309 608 1573663942046
252.70839309087 88.5378729839337 608 1573663942046
252.815428443985 92.5364406566365 608 1573663942046
252.922463797099 96.5350083293393 608 1573663942046
253.029499150213 100.533576002042 608 1573663942046
253.136534503328 104.532143674745 608 1573663942046
253.243569856442 108.530711347448 608 1573663942046
253.350605209556 112.52927902015 608 1573663942046
253.457640562671 116.527846692853 608 1573663942046
253.564675915785 120.526414365556 608 1573663942046
253.671711268899 124.524982038259 608 1573663942046
253.778746622013 128.523549710961 608 1573663942046
253.885781975128 132.522117383664 608 1573663942046
253.992817328242 136.520685056367 608 1573663942046
254.099852681356 140.51925272907 608 1573663942046
254.206888034471 144.517820401773 608 1573663942046
254.313923387585 148.516388074475 608 1573663942046
END STROKE
255.844302761223 149.421096564128 603 1573663932743
259.844076206161 149.463668728435 603 1573663932743
263.843849651098 149.506240892742 603 1573663932743
267.843623096035 149.548813057049 603 1573663932743
271.843396540973 149.591385221356 603 1573663932743
275.84316998591 149.633957385664 603 1573663932743
279.842943430847 149.676529549971 603 1573663932743
283.842716875785 149.719101714278 603 1573663932743
287.842490320722 149.761673878585 603 1573663932743
291.84226376566 149.804246042892 603 1573663932743
295.842037210597 149.8468182072 603 1573663932743
299.841810655534 149.889390371507 603 1573663932743
303.841584100472 149.931962535814 603 1573663932743
307.841357545409 149.974534700121 603 1573663932743
311.841130990346 150.017106864428 603 1573663932743
315.840904435284 150.059679028736 603 1573663932743
319.840677880221 150.102251193043 603 1573663932743
323.840451325159 150.14482335735 603 1573663932743
327.840224770096 150.187395521657 603 1573663932743
331.839998215033 150.229967685964 603 1573663932743
335.839771659971 150.272539850272 603 1573663932743
339.839545104908 150.315112014579 603 1573663932743
343.839318549845 150.357684178886 603 1573663932743
347.839091994783 150.400256343193 603 1573663932743
351.83886543972 150.4428285075 603 1573663932743
355.838638884658 150.485400671807 603 1573663932743
END STROKE
359.838412329595 150.527972836115 603 1573663932743
363.838185774532 150.570545000422 603 1573663932743
367.83795921947 150.613117164729 603 1573663932743
371.837732664407 150.655689329036 603 1573663932743
375.837506109344 150.698261493343 603 1573663932743
379.837279554282 150.740833657651 603 1573663932743
383.837052999219 150.783405821958 603 1573663932743
387.836826444157 150.825977986265 603 1573663932743
391.836599889094 150.868550150572 603 1573663932743
395.836373334031 150.911122314879 603 1573663932743
399.836146778969 150.953694479187 603 1573663932743
403.835920223906 150.996266643494 603 1573663932743
407.835693668843 151.038838807801 603 1573663932743
411.835467113781 151.081410972108 603 1573663932743
415.835240558718 151.123983136415 603 1573663932743
419.835014003656 151.166555300723 603 1573663932743
423.834787448593 151.20912746503 603 1573663932743
427.83456089353 151.251699629337 603 1573663932743
431.834334338468 151.294271793644 603 1573663932743
435.834107783405 151.336843957951 603 1573663932743
439.833881228342 151.379416122259 603 1573663932743
443.83365467328 151.421988286566 603 1573663932743
447.833428118217 151.464560450873 603 1573663932743
451.833201563155 151.50713261518 603 1573663932743
455.832975008092 151.549704779487 603 1573663932743
459.832748453029 151.592276943795 603 1573663932743
463.832521897967 151.634849108102 603 1573663932743
467.832295342904 151.677421272409 603 1573663932743
471.832068787841 151.719993436716 603 1573663932743
475.831842232779 151.762565601023 603 1573663932743
479.831615677716 151.805137765331 603 1573663932743
483.831389122654 151.847709929638 603 1573663932743
487.831162567591 151.890282093945 603 1573663932743
491.830936012528 151.932854258252 603 1573663932743
495.830709457466 151.975426422559 603 1573663932743
499.830482902403 152.017998586867 603 1573663932743
503.83025634734 152.060570751174 603 1573663932743
507.830029792278 152.103142915481 603 1573663932743
511.829803237215 152.145715079788 603 1573663932743
515.829576682153 152.188287244095 603 1573663932743
519.82935012709 152.230859408403 603 1573663932743
523.829123572027 152.27343157271 603 1573663932743
527.828897016965 152.316003737017 603 1573663932743
531.828670461902 152.358575901324 603 1573663932743
535.82844390684 152.401148065631 603 1573663932743
539.827145398893 152.491055894443 588 1573663932841
543.824745700515 152.629590469447 588 1573663932841
547.822346002137 152.768125044451 588 1573663932841
551.819946303759 152.906659619456 588 1573663932841
555.817546605381 153.04519419446 588 1573663932841
559.815146907003 153.183728769464 588 1573663932841
563.812747208625 153.322263344468 588 1573663932841
567.810347510247 153.460797919472 588 1573663932841
571.807947811869 153.599332494476 588 1573663932841
575.805548113491 153.73786706948 588 1573663932841
579.803148415113 153.876401644484 588 1573663932841
583.800748716735 154.014936219488 588 1573663932841
587.798349018357 154.153470794492 588 1573663932841
591.795949319979 154.292005369496 588 1573663932841
595.793549621601 154.4305399445 588 1573663932841
599.791149923223 154.569074519504 588 1573663932841
603.788750224845 154.707609094508 588 1573663932841
607.786350526467 154.846143669512 588 1573663932841
611.783950828089 154.984678244516 588 1573663932841
615.781551129711 155.12321281952 588 1573663932841
619.779151431334 155.261747394524 588 1573663932841
623.776751732956 155.400281969528 588 1573663932841
627.774352034578 155.538816544532 588 1573663932841
631.7719523362 155.677351119536 588 1573663932841
635.769552637822 155.81588569454 588 1573663932841
639.767152939444 155.954420269544 588 1573663932841
643.763955419258 156.108710105175 536 1573663932893
647.755100916567 156.374713148969 536 1573663932893
651.746246413876 156.640716192762 536 1573663932893
655.737391911186 156.906719236555 536 1573663932893
659.728537408495 157.172722280349 536 1573663932893
663.719682905804 157.438725324142 536 1573663932893
667.710828403114 157.704728367936 536 1573663932893
671.701973900423 157.970731411729 536 1573663932893
675.693119397733 158.236734455523 536 1573663932893
679.684264895042 158.502737499316 536 1573663932893
683.675410392351 158.768740543109 536 1573663932893
687.669264330524 158.977929893033 574 1573663932953
691.6676144632 159.092804679322 574 1573663932953
695.665964595877 159.207679465611 574 1573663932953
699.664314728554 159.3225542519 574 1573663932953
703.66266486123 159.437429038189 574 1573663932953
707.661014993907 159.552303824478 574 1573663932953
711.659365126583 159.667178610766 574 1573663932953
715.65771525926 159.782053397055 574 1573663932953
719.655983571294 159.899433803795 579 1573663932976
723.653310040158 160.045656583549 579 1573663932976
727.650636509022 160.191879363303 579 1573663932976
END STROKE
241.342591207979 -76.5744158149965 582 1573663955777
244.228402979519 -76.5904634443261 521 1573663956093
247.511173128526 -74.3380620798806 563 1573663956130
250.745887000154 -72.0218107966909 561 1573663956168
254.021323884319 -69.7270857081692 558 1573663956190
257.58246051178 -67.9902739428198 592 1573663956236
261.098338836255 -66.0827625778513 592 1573663956236
264.614217160731 -64.1752512128828 592 1573663956236
END STROKE
268.153421740872 -62.314468295003 599 1573663956266
271.791124170074 -60.6510017228767 599 1573663956266
275.428826599275 -58.9875351507505 599 1573663956266
278.928059618459 -57.0591458575079 597 1573663956296
282.370448428694 -55.0220009733222 597 1573663956296
285.81609948956 -52.9904442083166 597 1573663956311
END STROKE
289.282466380302 -50.9943729223228 597 1573663956311
292.722707914886 -48.9537844602608 602 1573663956333
296.155723536923 -46.9008831623771 602 1573663956333
299.588738821069 -44.8479812994485 602 1573663956363
303.021752231905 -42.7950763038334 602 1573663956363
306.454765642741 -40.7421713082184 602 1573663956363
309.887779053577 -38.6892663126034 602 1573663956363
313.317118512596 -36.6302769081072 598 1573663956371
316.746006662305 -34.5716060920242 609 1573663956386
320.259161116533 -32.6590826854384 609 1573663956386
323.769420731709 -30.7413875210749 590 1573663956408
327.236605279496 -28.7467368470012 590 1573663956408
330.703789827284 -26.7520861729275 590 1573663956408
334.170974375072 -24.7574354988538 590 1573663956408
337.745549931225 -22.9629666882581 592 1573663956416
341.169253899919 -20.8976355367681 591 1573663956431
344.573733939572 -18.7977508590765 591 1573663956431
348.020550534702 -16.7688396871711 588 1573663956446
351.485807895168 -14.7708428338876 588 1573663956446
354.951067770518 -12.7728503423462 624 1573663956476
358.416331559051 -10.7748646377234 624 1573663956476
361.881595347585 -8.77687893310059 624 1573663956476
365.346859136119 -6.7788932284778 624 1573663956476
368.812122924652 -4.78090752385502 624 1573663956476
372.37198444648 -2.95990169896252 597 1573663956491
375.958445995567 -1.18866101601769 597 1573663956491
379.497175806038 0.671261479910697 618 1573663956513
382.950823193636 2.68926041998272 618 1573663956513
386.404470581235 4.70725936005474 618 1573663956513
389.858117968834 6.72525830012677 618 1573663956513
393.399254067248 8.58226977552319 617 1573663956528
396.971307209207 10.382390980061 617 1573663956528
400.542342060374 12.1845288446412 618 1573663956558
404.111539619897 13.9903053482806 618 1573663956558
407.68073717942 15.7960818519201 618 1573663956558
411.249934738942 17.6018583555596 618 1573663956558
414.819132298465 19.407634859199 618 1573663956558
418.46996153661 21.0389391743683 623 1573663956588
422.143434036586 22.6218478236348 623 1573663956588
425.816906536562 24.2047564729013 623 1573663956588
429.490379036537 25.7876651221678 623 1573663956588
433.163851536513 27.3705737714343 623 1573663956588
436.827100626767 28.9769687175035 643 1573663956603
440.488770063076 30.5869926114874 643 1573663956603
444.164143252116 32.16490344252 639 1573663956641
447.860080705042 33.6946244445518 639 1573663956641
451.556018157968 35.2243454465837 639 1573663956641
455.251955610894 36.7540664486155 639 1573663956641
458.94789306382 38.2837874506474 639 1573663956641
462.643830516747 39.8135084526793 639 1573663956641
466.339767969673 41.3432294547111 639 1573663956641
470.025321062304 42.897793749548 644 1573663956664
473.710469470294 44.4533262021472 644 1573663956664
477.395617878284 46.0088586547463 644 1573663956664
481.102544853496 47.5087990767461 642 1573663956679
484.863668869823 48.8703959825186 642 1573663956679
488.61685040035 50.2515956017807 636 1573663956716
492.264995856742 51.8920329608419 636 1573663956716
495.913141313134 53.5324703199032 636 1573663956716
499.561286769527 55.1729076789644 636 1573663956716
503.209432225919 56.8133450380256 636 1573663956716
506.857577682311 58.4537823970869 636 1573663956716
510.522637308855 60.0550542420374 643 1573663956754
514.218052895276 61.5860355102581 643 1573663956754
517.913468481696 63.1170167784789 643 1573663956754
521.608884068116 64.6479980466996 643 1573663956754
525.304299654536 66.1789793149203 643 1573663956754
528.999715240956 67.709960583141 643 1573663956754
532.645531742002 69.354800635319 633 1573663956799
536.283234171204 71.0182672074449 633 1573663956799
539.920936600405 72.6817337795708 633 1573663956799
543.558639029607 74.3452003516967 633 1573663956799
547.196341458809 76.0086669238226 633 1573663956799
550.735102235154 77.8679353689424 629 1573663956814
554.288024607431 79.6958882574669 638 1573663956851
557.963649181533 81.2737931944807 638 1573663956851
561.639273755636 82.8516981314945 638 1573663956851
565.395734713789 84.0611390594574 679 1573663957137
569.159572745039 85.4117419278977 678 1573663957159
572.892905352206 86.8438257750025 678 1573663957174
576.515770607385 88.5363163985102 675 1573663957197
580.120394642921 90.2701740740921 676 1573663957219
583.758091617747 91.9336525739051 676 1573663957219
587.395788592574 93.5971310737181 676 1573663957219
590.99730236368 95.3374859960562 678 1573663957234
594.652222976294 96.9498623039516 677 1573663957249
598.420952811208 98.2902635242686 677 1573663957249
602.125389458553 99.7941449948349 685 1573663957294
605.797554620916 101.380084155183 685 1573663957294
609.46971978328 102.966023315531 685 1573663957294
613.141884945643 104.551962475879 685 1573663957294
616.814050108006 106.137901636227 685 1573663957294
620.473333529225 107.753090909648 672 1573663957317
624.122421930727 109.391429653017 672 1573663957317
627.771510332229 111.029768396387 672 1573663957317
631.409894517459 112.691730519475 671 1573663957332
635.047602133043 114.355185749854 669 1573663957354
638.685304562244 116.018652321981 669 1573663957354
642.323006991446 117.682118894108 669 1573663957354
645.969972799432 119.32505001886 673 1573663957369
649.624562916265 120.951079255359 673 1573663957369
653.349046264728 122.406740675014 671 1573663957400
656.926142747112 124.19681909668 671 1573663957400
660.503239229496 125.986897518347 671 1573663957400
664.187053713673 127.509747247638 671 1573663957407
667.860921917414 129.057506150174 683 1573663957430
671.438028267807 130.847564852558 683 1573663957430
675.022482372497 132.620381757573 683 1573663957437
678.729365748589 134.095464841321 682 1573663957445
682.292341917261 135.896733085195 682 1573663957460
685.985895664077 137.432200675013 682 1573663957460
689.622983615796 139.096025702697 681 1573663957490
693.250660106614 140.78124476204 681 1573663957490
696.878336597431 142.466463821382 681 1573663957490
700.55560087633 144.039643093249 676 1573663957520
704.24222786482 145.591668043994 676 1573663957520
707.92885485331 147.14369299474 676 1573663957520
711.568837393826 148.758524109664 674 1573663957535
715.156157135739 150.470012547789 673 1573663957572
718.628850921791 152.455056090968 673 1573663957572
721.827281237015 154.832392139212 673 1573663957595
724.935011788139 157.206484201347 672 1573663957640
728.45979288033 158.857113699799 670 1573663957730
END STROKE
===NOTES===
Great Job
